/*--------------------------------*- C++ -*----------------------------------*\
| =========                 |                                                 |
| \\      /  F ield         | OpenFOAM: The Open Source CFD Toolbox           |
|  \\    /   O peration     | Version:  dev                                   |
|   \\  /    A nd           | Web:      www.OpenFOAM.org                      |
|    \\/     M anipulation  |                                                 |
\*---------------------------------------------------------------------------*/
FoamFile
{
    version     2.0;
    format      ascii;
    class       volVectorField;
    location    "0.91";
    object      U;
}
// * * * * * * * * * * * * * * * * * * * * * * * * * * * * * * * * * * * * * //

dimensions      [0 1 -1 0 0 0 0];

internalField   nonuniform List<vector> 
2790
(
(9.93148 0 0.0190433)
(9.8624 0 0.0267013)
(9.7665 0 0.0318334)
(9.64758 -1.91589e-20 0.0370689)
(9.51295 -4.65632e-20 0.0424804)
(9.36486 1.38069e-20 0.0480622)
(9.2027 0 0.0539394)
(9.02552 0 0.06024)
(8.83258 0 0.0670835)
(8.62319 3.26857e-20 0.0745907)
(8.39645 -3.37928e-20 0.0828887)
(8.15123 -3.55514e-20 0.0921093)
(7.88626 3.44394e-20 0.102386)
(7.60023 7.26505e-20 0.113864)
(7.29168 -1.7102e-19 0.1267)
(6.95912 1.68139e-19 0.141059)
(6.60102 -1.53733e-19 0.157108)
(6.21591 -9.3347e-20 0.175002)
(5.80244 1.90769e-19 0.194875)
(5.35952 -2.5165e-19 0.216822)
(4.88644 4.18604e-19 0.24087)
(4.38307 2.17213e-19 0.266926)
(3.85008 5.70871e-19 0.294736)
(3.28928 -4.70907e-19 0.323839)
(2.7039 0 0.353459)
(2.09894 0 0.382296)
(1.48143 5.21164e-19 0.407924)
(0.863866 -1.58962e-18 0.420764)
(0.168976 -1.65599e-21 0.309425)
(-0.116966 1.11742e-18 -0.25742)
(9.99405 0 0.0379395)
(9.98349 -4.72483e-20 0.0553936)
(9.94788 0 0.0680412)
(9.88752 -4.67582e-23 0.0814244)
(9.80859 7.95599e-20 0.0957001)
(9.71352 -8.28067e-20 0.110784)
(9.60202 5.7205e-20 0.126913)
(9.47324 2.98281e-20 0.144358)
(9.32656 6.23512e-20 0.163388)
(9.16136 -6.44289e-20 0.184277)
(8.97685 -1.35312e-19 0.207318)
(8.77196 -1.2675e-21 0.23282)
(8.5455 2.9497e-19 0.261084)
(8.29619 -1.47067e-19 0.292418)
(8.02258 -3.2996e-19 0.327153)
(7.72315 3.30418e-19 0.365612)
(7.39632 -2.1675e-20 0.408077)
(7.04048 3.18773e-19 0.454756)
(6.65409 -3.75632e-19 0.505734)
(6.23575 -8.41895e-19 0.560913)
(5.78436 -8.98266e-21 0.619915)
(5.29924 -1.82022e-18 0.681927)
(4.7803 1.02276e-19 0.745551)
(4.22842 6.90384e-19 0.80863)
(3.64572 2.39296e-19 0.867917)
(3.03603 0 0.918394)
(2.40557 0 0.951547)
(1.76597 0 0.948605)
(1.0781 0 0.854917)
(0.686908 0 0.614434)
(9.9913 0 0.0394943)
(9.97809 1.41603e-19 0.0646672)
(9.9449 9.79979e-20 0.0856174)
(9.88953 5.10341e-20 0.107673)
(9.81673 7.70471e-23 0.131297)
(9.72909 0 0.156465)
(9.62665 -1.1482e-19 0.183477)
(9.50866 1.18666e-19 0.21272)
(9.37459 3.09441e-20 0.24461)
(9.22395 0 0.279588)
(9.05605 1.34753e-19 0.318124)
(8.87004 1.41597e-19 0.360721)
(8.66493 -5.82183e-19 0.407893)
(8.43958 3.01799e-19 0.46017)
(8.19271 1.97678e-20 0.518123)
(7.92294 0 0.582328)
(7.62877 0 0.653315)
(7.3086 7.64976e-19 0.731509)
(6.96076 -8.35559e-19 0.817158)
(6.58357 8.79468e-19 0.910234)
(6.17541 -1.00766e-18 1.01029)
(5.73475 -1.58822e-18 1.11622)
(5.2601 1.52254e-18 1.22596)
(4.75039 4.53421e-19 1.33623)
(4.20489 -2.34921e-19 1.44194)
(3.62306 0 1.53537)
(3.00348 0 1.60442)
(2.34368 4.04999e-18 1.62832)
(1.58736 -8.15585e-18 1.57493)
(0.952489 -5.48146e-19 1.41383)
(9.98952 7.97525e-20 0.0434138)
(9.97382 -1.7676e-19 0.0779308)
(9.94046 -9.79167e-20 0.108578)
(9.88629 -1.0164e-19 0.139678)
(9.81497 1.01223e-22 0.172317)
(9.72912 -5.4793e-20 0.206805)
(9.62909 -5.70482e-20 0.243593)
(9.51426 -2.96914e-20 0.283227)
(9.3842 -3.08781e-20 0.326287)
(9.23861 2.57826e-19 0.373385)
(9.077 2.18757e-21 0.425164)
(8.89872 -2.76876e-19 0.482298)
(8.7031 0 0.54549)
(8.4893 -1.88063e-20 0.615487)
(8.25638 6.30739e-19 0.693092)
(8.00334 -1.30714e-18 0.779139)
(7.72904 -7.17292e-21 0.874436)
(7.43221 1.41735e-18 0.979702)
(7.11145 -1.94059e-18 1.09548)
(6.76516 1.52673e-18 1.22201)
(6.39166 3.98789e-19 1.3591)
(5.98899 1.64875e-18 1.50581)
(5.55463 2.14065e-19 1.6601)
(5.08572 2.20094e-19 1.81847)
(4.57852 -4.56974e-19 1.97549)
(4.02761 -4.25612e-18 2.12313)
(3.42423 7.73462e-18 2.25016)
(2.75697 -3.93276e-18 2.34076)
(1.96921 0 2.37884)
(1.19175 5.32186e-19 2.37603)
(9.98869 -9.10858e-20 0.0488726)
(9.97147 1.17688e-19 0.0913637)
(9.93783 -2.44052e-20 0.130419)
(9.88456 1.01524e-19 0.16962)
(9.81465 1.05666e-19 0.210543)
(9.73052 5.3247e-22 0.253812)
(9.63257 -1.1388e-19 0.299988)
(9.52031 4.14417e-19 0.349718)
(9.39338 -2.45122e-19 0.403692)
(9.25155 0 0.462636)
(9.09444 -2.33749e-19 0.527308)
(8.92158 2.75328e-19 0.598492)
(8.73245 2.24314e-21 0.677015)
(8.52645 1.87188e-20 0.763772)
(8.30292 0 0.859729)
(8.06117 0 0.965909)
(7.8004 8.3992e-20 1.08334)
(7.51973 0 1.213)
(7.21812 1.46251e-18 1.35574)
(6.89421 -1.31618e-18 1.51217)
(6.5464 -3.92261e-19 1.68248)
(6.17273 0 1.86625)
(5.77027 3.17118e-18 2.06196)
(5.33503 -3.89948e-18 2.26672)
(4.86134 4.49403e-19 2.476)
(4.34061 4.14831e-18 2.68324)
(3.7602 -3.74819e-18 2.88013)
(3.10559 0 3.05702)
(2.34199 0 3.19826)
(1.46271 0 3.37251)
(9.98829 0 0.0550609)
(9.97029 0 0.104862)
(9.93665 0 0.151857)
(9.88444 0 0.199092)
(9.81621 1.05361e-19 0.248322)
(9.73415 1.42738e-22 0.300354)
(9.63867 -5.67518e-20 0.355824)
(9.52937 -5.89587e-20 0.415456)
(9.40592 -6.11307e-20 0.480046)
(9.26811 2.55308e-19 0.550419)
(9.1157 -3.29372e-19 0.627437)
(8.9483 0 0.711993)
(8.76549 -2.23298e-21 0.805026)
(8.56681 -5.96006e-19 0.907548)
(8.3518 6.52193e-19 1.02066)
(8.11994 0 1.14554)
(7.87072 -8.33701e-20 1.28341)
(7.60349 0 1.43546)
(7.31748 -1.79797e-19 1.60286)
(7.01162 1.30811e-18 1.7866)
(6.68445 -1.34049e-18 1.98735)
(6.33408 3.20212e-18 2.20532)
(5.9576 -3.27877e-18 2.43993)
(5.55054 4.22011e-19 2.68941)
(5.10659 3.4982e-18 2.9508)
(4.61637 -3.55976e-18 3.21971)
(4.06621 4.5186e-19 3.49018)
(3.43815 0 3.75748)
(2.74038 -2.30092e-19 3.98798)
(1.77568 0 4.32832)
(9.98801 0 0.0615926)
(9.96988 -2.33999e-19 0.118374)
(9.93667 2.91465e-19 0.172899)
(9.88568 5.0704e-20 0.227902)
(9.81934 -1.04604e-19 0.285179)
(9.73966 -1.08885e-19 0.345657)
(9.64707 1.12837e-19 0.41006)
(9.54118 0 0.47921)
(9.42172 1.44982e-22 0.554003)
(9.28853 -6.31277e-20 0.63536)
(9.14141 -3.26726e-20 0.724229)
(8.98007 0 0.821601)
(8.80416 1.76566e-20 0.928509)
(8.61332 1.43179e-22 1.04605)
(8.40719 -3.82072e-20 1.17544)
(8.18541 -3.94644e-20 1.31798)
(7.94768 0 1.47506)
(7.69345 1.45298e-18 1.6481)
(7.422 -1.22885e-18 1.83853)
(7.13259 0 2.04776)
(6.824 2.84447e-18 2.27695)
(6.49442 2.91045e-18 2.527)
(6.14124 -3.99303e-19 2.79843)
(5.75997 -4.14684e-19 3.0908)
(5.34427 0 3.40282)
(4.88558 0 3.73224)
(4.37158 6.58489e-18 4.07413)
(3.77622 2.85059e-21 4.42848)
(3.16907 -6.90612e-18 4.7274)
(2.12599 -2.37323e-19 5.21167)
(9.98783 0 0.0682481)
(9.97004 2.33631e-19 0.131741)
(9.93764 -1.4536e-19 0.193425)
(9.88802 -3.01447e-19 0.255905)
(9.82379 0 0.320943)
(9.74685 0 0.389551)
(9.65754 -3.38082e-19 0.462548)
(9.55552 4.66847e-19 0.540852)
(9.44057 -1.80837e-19 0.625453)
(9.31257 1.25613e-19 0.717347)
(9.17135 6.52657e-20 0.817553)
(9.01673 -5.42915e-19 0.92715)
(8.84843 1.10444e-18 1.04726)
(8.66617 -5.79521e-19 1.17907)
(8.46969 1.21121e-18 1.32387)
(8.25868 4.9773e-20 1.48306)
(8.03306 -2.58913e-18 1.65822)
(7.79233 -9.53841e-20 1.85104)
(7.5358 -1.57658e-18 2.0632)
(7.26289 -2.30567e-20 2.2964)
(6.97262 2.94245e-18 2.55239)
(6.66336 1.90928e-19 2.83276)
(6.33299 3.52607e-18 3.13909)
(5.97743 -3.19199e-18 3.47238)
(5.59055 -6.55291e-18 3.83277)
(5.16476 6.64993e-18 4.21966)
(4.691 6.53357e-18 4.62793)
(4.12917 -6.89964e-18 5.06402)
(3.62322 6.76824e-18 5.41403)
(2.5053 -7.18944e-18 6.01866)
(9.98781 0 0.0748783)
(9.97055 1.85985e-19 0.144831)
(9.9392 0 0.213347)
(9.8912 2.0064e-19 0.283002)
(9.82932 0 0.355485)
(9.75541 4.31756e-19 0.431873)
(9.66976 -2.23291e-19 0.513086)
(9.57204 0 0.600134)
(9.46206 -1.20139e-19 0.694093)
(9.33978 -6.24718e-20 0.796024)
(9.20508 0 0.906998)
(9.05787 -6.68606e-20 1.02818)
(8.89792 0 1.16078)
(8.72503 -1.15492e-18 1.30604)
(8.53901 1.18641e-18 1.46536)
(8.33978 -1.23724e-18 1.64022)
(8.12707 1.22949e-18 1.83238)
(7.90056 -1.40331e-18 2.04379)
(7.6599 -1.45822e-18 2.27641)
(7.40447 2.78957e-18 2.53221)
(7.13345 1.80902e-19 2.81346)
(6.84553 0 3.12248)
(6.53874 0 3.46176)
(6.2098 0 3.83372)
(5.85356 1.95335e-19 4.23998)
(5.46235 0 4.681)
(5.03166 2.03616e-19 5.15042)
(4.50159 -6.35345e-18 5.66382)
(4.09656 1.29375e-17 6.05577)
(2.90582 -7.101e-18 6.76217)
(9.98796 3.5872e-19 0.0813723)
(9.97134 -1.85711e-19 0.15755)
(9.94122 0 0.23258)
(9.89511 0 0.309078)
(9.83585 0 0.388655)
(9.76529 -4.30197e-19 0.472446)
(9.68364 -1.03256e-21 0.56147)
(9.59057 5.76678e-19 0.656833)
(9.48594 -1.18703e-19 0.759661)
(9.36987 -1.23579e-19 0.871065)
(9.24231 0 0.992184)
(9.10311 6.65091e-20 1.12426)
(8.95218 -1.10285e-18 1.26858)
(8.7894 -8.09695e-21 1.42645)
(8.61466 1.17088e-18 1.59929)
(8.4281 9.45041e-21 1.78879)
(8.22926 4.90358e-20 1.99684)
(8.01801 4.08465e-20 2.2256)
(7.79437 8.34773e-20 2.47729)
(7.55762 0 2.75418)
(7.30725 2.89998e-18 3.05905)
(7.04248 2.95384e-18 3.39501)
(6.76113 9.09741e-20 3.76526)
(6.4606 -9.25173e-20 4.17346)
(6.13735 -1.43872e-19 4.62283)
(5.78285 0 5.115)
(5.39781 0 5.64174)
(4.89786 0 6.2304)
(4.58652 -7.5811e-19 6.66578)
(3.3242 0 7.46609)
(9.98818 -3.58207e-19 0.0876606)
(9.9723 0 0.169813)
(9.94364 9.55229e-20 0.251039)
(9.89965 2.97882e-19 0.334019)
(9.84325 -2.0586e-19 0.42031)
(9.77634 2.13335e-19 0.511102)
(9.699 0 0.607523)
(9.61091 -1.14804e-19 0.710749)
(9.51204 -3.57573e-19 0.82192)
(9.40263 1.20272e-19 0.942176)
(9.28266 5.0683e-19 1.07277)
(9.152 -1.31083e-19 1.21502)
(9.01071 0 1.37023)
(8.85877 0 1.53976)
(8.69615 -7.21628e-20 1.72511)
(8.52289 -9.36506e-21 1.92811)
(8.33875 1.2248e-18 2.15082)
(8.14399 -1.22233e-18 2.39555)
(7.93862 -2.60754e-18 2.66473)
(7.72202 5.33194e-18 2.961)
(7.4939 -2.7965e-18 3.28754)
(7.25405 -2.87453e-18 3.64825)
(7.00065 5.58065e-18 4.04719)
(6.73141 -2.77671e-18 4.48898)
(6.44411 -4.56758e-20 4.97844)
(6.12937 0 5.51915)
(5.79343 0 6.10141)
(5.32489 -5.77224e-18 6.76629)
(5.0977 6.59389e-18 7.25918)
(3.76556 0 8.16415)
(9.98843 0 0.0937022)
(9.97339 0 0.181543)
(9.94639 -2.86718e-19 0.268622)
(9.90474 -9.93191e-20 0.357715)
(9.85145 5.60994e-22 0.450327)
(9.78839 -4.25703e-19 0.547708)
(9.71557 2.19599e-19 0.651085)
(9.63278 0 0.761676)
(9.54012 3.54381e-19 0.880622)
(9.43779 -9.74511e-19 1.0091)
(9.32578 5.02179e-19 1.14847)
(9.20414 1.30349e-19 1.3001)
(9.07305 -1.21089e-18 1.4653)
(8.93258 1.1044e-18 1.64548)
(8.78283 -1.07323e-18 1.84229)
(8.62364 2.27663e-18 2.05763)
(8.45513 -1.20444e-18 2.29361)
(8.2778 0 2.55267)
(8.09175 2.54592e-18 2.83755)
(7.89689 -2.59205e-18 3.15128)
(7.69301 -1.04114e-20 3.4973)
(7.48002 2.60616e-18 3.88001)
(7.25711 -1.79807e-19 4.30459)
(7.02278 0 4.77679)
(6.77522 5.50981e-18 5.30271)
(6.50483 -5.54066e-18 5.88906)
(6.22343 -5.45499e-18 6.52679)
(5.79401 1.09044e-17 7.27121)
(5.64567 -5.50822e-18 7.84893)
(4.24865 0 8.89918)
(9.98882 3.54615e-19 0.0994462)
(9.97469 4.58657e-20 0.192678)
(9.94939 -4.74968e-20 0.285247)
(9.91031 1.9728e-19 0.380064)
(9.86035 2.0497e-19 0.4786)
(9.80132 -2.10959e-19 0.582151)
(9.73327 -2.19095e-19 0.69201)
(9.6561 2.25679e-19 0.809423)
(9.56999 2.33264e-19 0.935549)
(9.47508 4.84183e-19 1.07162)
(9.37135 -4.97393e-19 1.21905)
(9.25914 1.03166e-18 1.37921)
(9.13875 -9.25019e-19 1.55344)
(9.01023 -9.59356e-19 1.7432)
(8.87378 1.12112e-18 1.95031)
(8.72946 1.2303e-18 2.17671)
(8.57763 -1.18213e-18 2.4245)
(8.41864 2.43174e-18 2.69616)
(8.2529 -2.47554e-18 2.99469)
(8.08103 0 3.32348)
(7.90331 0 3.68635)
(7.71953 -2.51978e-18 4.08796)
(7.52987 2.79237e-18 4.53428)
(7.33426 -4.92922e-18 5.03251)
(7.13135 5.93057e-18 5.59004)
(6.91212 -5.18899e-18 6.21746)
(6.69426 5.84226e-18 6.91007)
(6.32272 1.24601e-18 7.73665)
(6.26072 4.94864e-18 8.43845)
(4.81425 -4.76975e-18 9.72418)
(9.98927 -3.98265e-19 0.104838)
(9.97615 4.56338e-20 0.203171)
(9.95264 0 0.300864)
(9.91625 -3.91506e-19 0.400989)
(9.86979 4.05969e-19 0.505034)
(9.81499 -4.19441e-19 0.614312)
(9.75196 2.16825e-19 0.730152)
(9.68067 4.49924e-19 0.853821)
(9.60137 -2.30402e-19 0.986524)
(9.51409 -4.77598e-19 1.12954)
(9.41896 2.4616e-19 1.28426)
(9.31658 0 1.45207)
(9.20727 0 1.63431)
(9.09106 -1.35116e-19 1.83257)
(8.96833 1.10898e-18 2.04873)
(8.83946 4.71413e-21 2.28471)
(8.7049 -2.32398e-18 2.54264)
(8.56512 -1.19278e-18 2.82507)
(8.42082 2.26695e-18 3.13506)
(8.27297 -3.05617e-19 3.4761)
(8.12267 -3.09421e-19 3.85246)
(7.97025 3.11923e-19 4.26909)
(7.81669 -2.51957e-18 4.73235)
(7.66343 1.58804e-18 5.25046)
(7.51092 4.34269e-18 5.83242)
(7.35231 -4.36827e-18 6.49245)
(7.21195 5.74643e-19 7.23358)
(6.93325 -1.20631e-18 8.13545)
(6.99192 0 9.00201)
(5.53828 -5.11084e-18 10.7099)
(9.98965 3.95609e-19 0.10985)
(9.9777 -4.54318e-20 0.212963)
(9.95615 9.42508e-20 0.315415)
(9.92256 6.82747e-19 0.420424)
(9.87973 -2.02197e-19 0.529535)
(9.82934 2.09144e-19 0.644069)
(9.77155 -6.48489e-19 0.765368)
(9.70634 4.4494e-19 0.894728)
(9.63402 4.60856e-19 1.0334)
(9.55459 -4.73338e-19 1.18268)
(9.46841 -2.44947e-19 1.3439)
(9.37621 -2.50725e-19 1.51844)
(9.27818 -2.57725e-19 1.70771)
(9.17449 0 1.91336)
(9.06583 0 2.13723)
(8.95281 0 2.38127)
(8.83589 0 2.64759)
(8.71586 -2.32606e-18 2.93876)
(8.59386 2.21647e-18 3.25782)
(8.47104 2.39875e-18 3.6082)
(8.34892 -2.11643e-18 3.99421)
(8.22911 -3.06703e-19 4.4211)
(8.1138 2.42472e-18 4.89532)
(8.00583 -1.81971e-18 5.42527)
(7.90888 0 6.02091)
(7.8209 -1.74967e-18 6.69822)
(7.77518 -1.16098e-18 7.46803)
(7.6404 0 8.41072)
(7.90145 0 9.43285)
(6.53427 0 11.994)
(0.300599 -5.69078e-20 -0.146452)
(0.336518 -1.10656e-19 0.0376847)
(0.217638 0 0.0923418)
(0.0309872 4.73501e-19 0.114504)
(-0.260087 -8.09768e-19 0.139042)
(-0.654439 3.48107e-19 0.16148)
(-1.13325 0 0.177858)
(-1.67152 0 0.187217)
(-2.24531 0 0.190155)
(-2.83483 1.38293e-19 0.187562)
(-3.42396 3.32755e-20 0.180124)
(-3.9998 -5.84973e-20 0.168526)
(-4.55264 5.79509e-20 0.153512)
(-5.07371 0 0.135558)
(-5.5544 4.31731e-20 0.114826)
(-5.98611 -1.74463e-20 0.0913751)
(-6.36003 2.41404e-21 0.0652002)
(-6.66731 -1.20931e-20 0.0362737)
(-6.89845 2.72387e-20 0.00465732)
(-7.04304 1.32026e-20 -0.0297386)
(-7.09195 -3.55846e-21 -0.0677772)
(-7.03867 1.62484e-20 -0.111624)
(-6.86292 0 -0.164214)
(-6.54951 1.01065e-20 -0.2268)
(-6.08707 0 -0.30143)
(-5.45091 -1.30122e-21 -0.392425)
(-4.59078 1.13637e-20 -0.510452)
(-3.44271 0 -0.679137)
(-1.99964 -1.11417e-22 -0.925463)
(-0.155753 1.10263e-22 -1.22974)
(-0.0516697 9.71142e-19 -0.144564)
(-0.138956 -1.13967e-19 0.0779524)
(-0.381303 -1.62149e-18 0.193372)
(-0.70972 6.6503e-19 0.287088)
(-1.13335 2.67737e-19 0.369763)
(-1.6399 -5.0116e-19 0.43872)
(-2.21024 6.63625e-19 0.4921)
(-2.82241 0 0.530063)
(-3.45598 0 0.553828)
(-4.09416 2.71672e-19 0.564818)
(-4.72359 5.54225e-19 0.564283)
(-5.3339 -2.49471e-19 0.553314)
(-5.91685 0 0.532904)
(-6.464 0 0.503537)
(-6.96667 -4.23629e-20 0.4652)
(-7.41698 0 0.417979)
(-7.80671 -2.87447e-20 0.361839)
(-8.12798 1.06052e-19 0.296684)
(-8.37273 -2.17453e-20 0.222595)
(-8.53162 -4.47631e-20 0.139696)
(-8.59616 -1.48729e-20 0.0472476)
(-8.55952 -5.83603e-21 -0.0574975)
(-8.41606 0 -0.174831)
(-8.15725 -7.11999e-22 -0.303545)
(-7.7782 0 -0.44452)
(-7.26957 0 -0.601207)
(-6.61254 -9.82525e-21 -0.784317)
(-5.79741 1.09406e-21 -1.01577)
(-4.90281 1.34366e-20 -1.30075)
(-4.24315 3.77449e-22 -1.5442)
(-0.148954 2.06757e-18 0.0239553)
(-0.389736 -3.27777e-18 0.286871)
(-0.741143 1.61469e-18 0.453331)
(-1.17004 -3.76038e-19 0.591558)
(-1.67656 -1.77459e-19 0.708918)
(-2.24554 -1.67447e-18 0.80382)
(-2.85915 4.52221e-20 0.874757)
(-3.49905 6.61117e-19 0.922089)
(-4.14929 3.13941e-20 0.947362)
(-4.79694 -3.3954e-20 0.952431)
(-5.43161 -1.02751e-19 0.939056)
(-6.04529 -7.15876e-19 0.90871)
(-6.63152 2.09941e-20 0.862497)
(-7.1832 2.12346e-20 0.800995)
(-7.69288 2.57647e-19 0.724502)
(-8.15358 -6.62209e-20 0.633472)
(-8.5577 9.51062e-21 0.528335)
(-8.89763 4.03769e-21 0.409565)
(-9.16598 0 0.277892)
(-9.35484 3.46145e-20 0.134465)
(-9.45717 1.27866e-20 -0.0197909)
(-9.46639 -3.44123e-20 -0.185102)
(-9.38088 1.82827e-20 -0.363833)
(-9.19615 -2.5163e-20 -0.556627)
(-8.91233 1.48752e-20 -0.761811)
(-8.52895 -4.00377e-21 -0.979065)
(-8.04356 1.96671e-21 -1.21204)
(-7.46502 1.96617e-21 -1.46951)
(-6.86966 -2.59158e-20 -1.7465)
(-6.48527 -6.24752e-22 -1.97644)
(-0.134463 1.61358e-18 0.304857)
(-0.480827 -1.73366e-18 0.598885)
(-0.922385 1.9905e-18 0.794661)
(-1.42519 -2.61697e-18 0.958777)
(-1.98628 1.43121e-18 1.09561)
(-2.59096 -1.33358e-18 1.20421)
(-3.22394 1.39997e-18 1.28388)
(-3.87115 -1.20846e-18 1.33551)
(-4.52086 1.20273e-18 1.36083)
(-5.1642 -6.77355e-20 1.36192)
(-5.7939 0 1.34077)
(-6.40364 -1.1501e-19 1.29889)
(-6.98816 0 1.23729)
(-7.5415 1.73747e-19 1.15634)
(-8.05714 -3.31928e-19 1.05623)
(-8.5284 -1.27867e-19 0.937128)
(-8.94799 7.26177e-20 0.799135)
(-9.30821 9.96464e-20 0.642389)
(-9.60147 3.79795e-20 0.467276)
(-9.8204 -3.02955e-20 0.274613)
(-9.95905 0 0.0653413)
(-10.0118 5.00868e-20 -0.159948)
(-9.97776 -1.20739e-20 -0.400605)
(-9.85801 2.89459e-20 -0.654788)
(-9.65515 -1.474e-20 -0.919455)
(-9.37283 -1.44268e-20 -1.19158)
(-9.01632 3.17835e-21 -1.46926)
(-8.60052 1.43559e-21 -1.75226)
(-8.18842 2.8415e-20 -2.03161)
(-7.93903 0 -2.25324)
(-0.0581584 0 0.659836)
(-0.464016 0 0.980745)
(-0.972097 -3.55494e-18 1.19103)
(-1.52542 3.0101e-18 1.3665)
(-2.1198 -2.80529e-18 1.51062)
(-2.74121 2.75578e-18 1.62306)
(-3.37756 -8.14651e-20 1.70393)
(-4.01926 1.20675e-18 1.75439)
(-4.65842 -1.05352e-18 1.77583)
(-5.28945 1.36853e-19 1.76991)
(-5.90789 1.2446e-19 1.73834)
(-6.50882 -3.1983e-19 1.68218)
(-7.08753 6.3091e-19 1.60193)
(-7.63846 0 1.49757)
(-8.15566 7.89832e-20 1.36904)
(-8.63259 0 1.21646)
(-9.06225 0 1.04006)
(-9.43763 -5.4217e-21 0.840437)
(-9.75158 -7.85103e-20 0.61877)
(-9.99689 8.44207e-20 0.376903)
(-10.1682 1.00332e-20 0.117154)
(-10.2614 -2.88715e-20 -0.157934)
(-10.2739 -1.53019e-20 -0.445988)
(-10.2116 6.06e-21 -0.74618)
(-10.078 0 -1.05403)
(-9.87948 2.64904e-20 -1.3634)
(-9.62498 2.31964e-21 -1.66784)
(-9.33117 -1.61531e-20 -1.96183)
(-9.04811 -6.45228e-21 -2.23498)
(-8.88397 0 -2.44023)
(0.0688479 0 1.06637)
(-0.364057 3.36513e-18 1.40877)
(-0.919507 -3.85384e-20 1.62397)
(-1.50262 -2.63949e-18 1.80036)
(-2.11154 0 1.94282)
(-2.73328 1.71297e-19 2.05228)
(-3.35948 0 2.12965)
(-3.98464 0 2.17584)
(-4.60476 -1.46349e-19 2.19189)
(-5.21681 0 2.17883)
(-5.818 -1.24858e-19 2.13771)
(-6.40471 -6.47973e-19 2.06903)
(-6.97274 5.95732e-19 1.97282)
(-7.51703 -1.99521e-19 1.84876)
(-8.03208 2.8724e-19 1.69653)
(-8.51173 -1.37701e-19 1.5161)
(-8.94915 0 1.30761)
(-9.33755 1.18954e-19 1.07159)
(-9.67012 -8.0253e-21 0.809244)
(-9.93984 -3.63657e-20 0.522647)
(-10.1413 0 0.214993)
(-10.2711 -6.02641e-21 -0.109356)
(-10.3263 1.03892e-20 -0.445379)
(-10.3144 -2.33765e-20 -0.789742)
(-10.2407 0 -1.13732)
(-10.1125 -5.95238e-21 -1.47918)
(-9.94033 -1.44861e-21 -1.80542)
(-9.74151 2.32556e-20 -2.10719)
(-9.55501 -1.94402e-20 -2.37333)
(-9.45093 2.96081e-21 -2.56271)
(0.241239 0 1.50728)
(-0.19507 0 1.86477)
(-0.782942 0 2.07731)
(-1.37687 -1.71163e-21 2.24668)
(-1.98267 0 2.38142)
(-2.58934 0 2.48391)
(-3.19297 0 2.5553)
(-3.79174 0 2.59576)
(-4.38498 1.44044e-19 2.60585)
(-4.97175 0 2.5859)
(-5.55033 0 2.53597)
(-6.11798 -4.12476e-19 2.45588)
(-6.67111 -1.47304e-19 2.34506)
(-7.20516 1.88856e-19 2.20279)
(-7.71496 -1.39929e-19 2.0284)
(-8.19461 2.4161e-19 1.82156)
(-8.6375 -2.01953e-20 1.58235)
(-9.03664 -1.63205e-19 1.31141)
(-9.38527 4.20778e-20 1.01024)
(-9.67687 -3.98484e-20 0.681597)
(-9.90615 1.81109e-20 0.329831)
(-10.0702 0 -0.0388886)
(-10.1673 -7.47383e-21 -0.417296)
(-10.201 -1.48145e-21 -0.800165)
(-10.1803 1.45558e-21 -1.18171)
(-10.1122 -7.87686e-21 -1.55055)
(-10.0082 0 -1.8941)
(-9.88573 -6.24648e-21 -2.20112)
(-9.77475 7.23529e-21 -2.45995)
(-9.71598 -3.1924e-21 -2.63534)
(0.453203 0 1.97121)
(0.0318272 -4.08995e-18 2.33445)
(-0.575199 3.14768e-18 2.53729)
(-1.16114 -3.76698e-19 2.69369)
(-1.74669 0 2.81691)
(-2.32362 0 2.91033)
(-2.89293 0 2.97467)
(-3.45635 0 3.00936)
(-4.01556 -1.45973e-19 3.01395)
(-4.57104 -7.59823e-19 2.98792)
(-5.12193 -1.00616e-18 2.93044)
(-5.66615 2.18405e-19 2.84056)
(-6.20059 6.25938e-21 2.71711)
(-6.72111 1.60044e-19 2.55891)
(-7.22275 -2.75829e-19 2.36495)
(-7.69979 0 2.13454)
(-8.14585 8.06178e-20 1.86767)
(-8.55412 -1.4823e-19 1.56508)
(-8.91789 1.35004e-20 1.22863)
(-9.23095 0 0.861628)
(-9.48791 1.63159e-20 0.46933)
(-9.68547 0 0.0593091)
(-9.82264 7.50238e-21 -0.359259)
(-9.89753 -6.81416e-22 -0.778005)
(-9.92401 -7.35309e-21 -1.19009)
(-9.90809 0 -1.58268)
(-9.86146 0 -1.94104)
(-9.80179 -2.10045e-21 -2.25208)
(-9.75194 -5.10366e-23 -2.50387)
(-9.72919 0 -2.66711)
(0.697904 -3.64598e-18 2.44841)
(0.306501 8.14068e-19 2.80515)
(-0.306357 -3.08921e-18 2.991)
(-0.864276 3.05801e-18 3.12986)
(-1.41241 -2.87911e-18 3.23999)
(-1.94559 5.60761e-18 3.32411)
(-2.46981 -1.2558e-18 3.38193)
(-2.98969 -2.1826e-18 3.41189)
(-3.50838 1.47734e-18 3.41239)
(-4.02716 -5.27611e-19 3.38186)
(-4.54574 0 3.31862)
(-5.06244 2.0783e-19 3.221)
(-5.57452 5.3191e-19 3.08724)
(-6.07818 -4.99096e-19 2.91567)
(-6.56867 2.54665e-19 2.7049)
(-7.04054 -2.12987e-19 2.45396)
(-7.48772 8.77218e-20 2.16263)
(-7.90383 -8.50256e-20 1.83178)
(-8.28247 -4.8385e-21 1.46361)
(-8.61731 -2.04675e-20 1.06193)
(-8.90234 -9.63283e-21 0.632583)
(-9.13334 -1.33569e-21 0.183888)
(-9.30948 -9.9162e-21 -0.273479)
(-9.4219 -2.92602e-21 -0.725994)
(-9.49097 2.76039e-20 -1.16574)
(-9.52137 0 -1.57985)
(-9.52422 0 -1.95164)
(-9.51752 -1.89251e-20 -2.26622)
(-9.51883 0 -2.51142)
(-9.52616 0 -2.66385)
(0.967614 -4.49518e-19 2.92794)
(0.619511 -3.99654e-19 3.26409)
(0.0159497 -2.70785e-18 3.42594)
(-0.492116 6.11508e-18 3.54426)
(-0.985751 -9.36679e-20 3.64174)
(-1.46215 -2.87135e-19 3.71814)
(-1.93183 -1.93701e-18 3.77147)
(-2.40105 -1.59991e-18 3.79876)
(-2.87363 -1.40084e-18 3.7972)
(-3.35103 1.35124e-18 3.76422)
(-3.83313 4.45232e-19 3.69737)
(-4.31847 -6.4557e-19 3.59435)
(-4.80445 0 3.4529)
(-5.28757 0 3.27086)
(-5.76342 1.20456e-19 3.04647)
(-6.22701 9.46025e-20 2.7785)
(-6.67281 7.88618e-20 2.4666)
(-7.09506 0 2.11164)
(-7.48771 -2.80331e-20 1.71597)
(-7.84419 3.14404e-20 1.28354)
(-8.15742 -5.01346e-21 0.820172)
(-8.42126 -7.9949e-21 0.334569)
(-8.63238 -3.48641e-21 -0.160031)
(-8.78546 0 -0.645216)
(-8.89394 -1.6777e-20 -1.11058)
(-8.96717 -2.25486e-21 -1.54495)
(-9.01434 -3.6632e-20 -1.92967)
(-9.0539 1.90115e-20 -2.24797)
(-9.09974 -3.49081e-22 -2.48713)
(-9.13365 8.26571e-21 -2.62959)
(1.25381 4.48967e-19 3.39532)
(0.962406 4.02005e-19 3.69681)
(0.386278 -3.5287e-18 3.82931)
(-0.0480561 3.24831e-18 3.92636)
(-0.47119 0 4.01361)
(-0.879389 1.58859e-18 4.08543)
(-1.28674 -7.0666e-19 4.13741)
(-1.69969 0 4.16487)
(-2.12174 -2.84169e-19 4.16381)
(-2.55398 0 4.13078)
(-2.99595 -4.37327e-19 4.0628)
(-3.44618 2.28852e-19 3.95707)
(-3.90215 0 3.81083)
(-4.3606 0 3.62154)
(-4.81755 -2.26487e-19 3.38712)
(-5.26865 -7.12775e-20 3.10617)
(-5.7092 7.81334e-20 2.7782)
(-6.13419 3.38317e-20 2.4039)
(-6.53798 1.36973e-20 1.9854)
(-6.91369 -1.09472e-20 1.52628)
(-7.2529 -1.97352e-20 1.03207)
(-7.54734 6.7012e-21 0.512263)
(-7.79304 2.11317e-20 -0.0168932)
(-7.99361 0 -0.534481)
(-8.14049 6.05943e-20 -1.02523)
(-8.25531 7.06475e-21 -1.47935)
(-8.34453 3.91019e-20 -1.87724)
(-8.42673 9.10898e-22 -2.20014)
(-8.51351 -8.98047e-22 -2.43408)
(-8.57259 -7.91057e-21 -2.56696)
(1.54742 3.54326e-18 3.83106)
(1.32908 0 4.08613)
(0.800252 0 4.18615)
(0.465977 -3.24267e-18 4.26444)
(0.12704 -2.81098e-19 4.34649)
(-0.203996 4.39458e-18 4.41848)
(-0.543479 -3.06059e-18 4.47322)
(-0.896302 7.72276e-20 4.50445)
(-1.26477 2.57086e-18 4.50702)
(-1.64891 -1.56098e-18 4.47682)
(-2.04761 -4.81321e-20 4.41052)
(-2.45919 -2.18923e-19 4.30503)
(-2.88121 -3.10152e-19 4.15708)
(-3.31056 3.0372e-19 3.96388)
(-3.74368 -1.07196e-19 3.72317)
(-4.17693 7.17139e-20 3.43356)
(-4.60665 -2.33681e-20 3.09441)
(-5.02874 -4.04103e-20 2.706)
(-5.43827 8.37345e-21 2.26989)
(-5.82862 -2.72859e-21 1.7889)
(-6.1911 1.306e-20 1.26827)
(-6.51677 0 0.718454)
(-6.80136 9.38818e-21 0.157607)
(-7.04892 4.96292e-22 -0.392356)
(-7.23369 1.55374e-20 -0.909492)
(-7.39033 -8.51285e-20 -1.38287)
(-7.52244 6.33048e-20 -1.79454)
(-7.6473 0 -2.12382)
(-7.77486 0 -2.35398)
(-7.86 0 -2.47728)
(1.83643 3.53998e-18 4.2097)
(1.71878 -6.56877e-18 4.41236)
(1.25176 3.36414e-18 4.4783)
(1.0483 0 4.54499)
(0.802987 3.93409e-19 4.63093)
(0.555186 -1.07327e-18 4.7096)
(0.286705 2.7345e-18 4.77246)
(-0.00378817 -8.03278e-20 4.8119)
(-0.316841 -2.01134e-18 4.82165)
(-0.6508 2.79831e-19 4.79727)
(-1.00355 0 4.7358)
(-1.37334 -1.90987e-19 4.63378)
(-1.75775 -1.60445e-19 4.48726)
(-2.15367 1.02203e-20 4.29344)
(-2.55778 2.26111e-19 4.05001)
(-2.96718 7.35858e-20 3.75596)
(-3.37946 -3.93676e-20 3.41055)
(-3.79171 7.46458e-21 3.01347)
(-4.20002 0 2.56552)
(-4.59868 3.31188e-20 2.0687)
(-4.97954 0 1.52818)
(-5.33359 -8.49881e-20 0.954646)
(-5.65651 -1.16822e-20 0.365133)
(-5.95195 1.15712e-20 -0.219675)
(-6.17232 -8.52466e-20 -0.763172)
(-6.37152 7.6888e-20 -1.25356)
(-6.5504 -6.77788e-20 -1.67947)
(-6.72208 3.78395e-21 -2.01781)
(-6.89454 3.6629e-20 -2.24694)
(-7.00978 -1.42055e-20 -2.36048)
(2.09514 0 4.51555)
(2.09946 -2.66202e-20 4.64707)
(1.75531 0 4.68815)
(1.68569 0 4.75333)
(1.54653 0 4.85189)
(1.38521 -3.66913e-19 4.94599)
(1.19157 3.38451e-19 5.02496)
(0.966391 0 5.07977)
(0.711986 5.66482e-19 5.10339)
(0.428891 2.55339e-19 5.09026)
(0.119599 2.19808e-19 5.03593)
(-0.206428 1.932e-19 4.93927)
(-0.550201 3.19136e-19 4.79634)
(-0.908826 -1.31893e-19 4.60424)
(-1.27902 0 4.36169)
(-1.65831 -1.32462e-19 4.06787)
(-2.04602 -1.64666e-20 3.72134)
(-2.44081 4.3995e-20 3.32125)
(-2.84014 9.42674e-21 2.86774)
(-3.23944 -2.77657e-20 2.36178)
(-3.63073 5.83155e-20 1.80864)
(-4.00436 1.06441e-19 1.21767)
(-4.35393 -1.38224e-20 0.603199)
(-4.67193 1.32981e-19 -0.0106404)
(-4.95434 -1.1398e-19 -0.582012)
(-5.19472 -1.01769e-19 -1.08771)
(-5.42577 -7.96349e-20 -1.52708)
(-5.65192 -4.34569e-21 -1.87735)
(-5.87845 -3.69745e-20 -2.11028)
(-6.03292 -1.8002e-21 -2.21454)
(2.33584 -6.35046e-18 4.56578)
(2.41657 0 4.70345)
(2.30755 0 4.80041)
(2.36336 -1.18522e-18 4.88028)
(2.33704 4.39208e-19 4.9974)
(2.26212 1.46557e-18 5.11765)
(2.14292 3.11191e-19 5.22208)
(1.98323 -3.45752e-19 5.29918)
(1.78789 -8.50041e-19 5.3418)
(1.56136 -2.44329e-19 5.34481)
(1.30543 -2.17701e-19 5.30364)
(1.02752 0 5.2169)
(0.729004 -1.57198e-19 5.08231)
(0.413505 1.22584e-19 4.89766)
(0.0776301 0 4.65673)
(-0.269824 5.27258e-20 4.3623)
(-0.626524 -1.00934e-20 4.01671)
(-0.995016 -1.68337e-20 3.61692)
(-1.37507 -1.0852e-20 3.1619)
(-1.76392 -1.80116e-20 2.65255)
(-2.15482 5.89869e-21 2.09196)
(-2.53803 2.45423e-20 1.48792)
(-2.90263 -1.44998e-19 0.858839)
(-3.24116 -1.04862e-19 0.231229)
(-3.58253 -1.0969e-20 -0.363841)
(-3.86012 9.6995e-20 -0.883494)
(-4.14387 9.13219e-20 -1.33011)
(-4.43206 -6.91759e-20 -1.69285)
(-4.72589 4.6496e-22 -1.93678)
(-4.9376 1.55631e-20 -2.03491)
(9.98999 0 0.114562)
(9.9793 0 0.222179)
(9.95985 -9.03349e-20 0.329116)
(9.92922 -2.8103e-19 0.438682)
(9.8902 -5.7964e-19 0.552495)
(9.84448 3.99798e-19 0.671905)
(9.7922 -2.06162e-19 0.798255)
(9.73338 -2.1425e-19 0.932866)
(9.66831 4.38666e-19 1.07701)
(9.59717 0 1.23192)
(9.52058 0 1.39893)
(9.43919 2.40274e-19 1.57942)
(9.35306 2.46822e-19 1.7749)
(9.26263 0 1.98694)
(9.16874 1.0347e-18 2.21727)
(9.07231 -7.92004e-19 2.46786)
(8.97402 1.07805e-18 2.74087)
(8.87484 -1.09546e-18 3.03871)
(8.77646 2.22742e-18 3.36432)
(8.68033 -2.24699e-18 3.72102)
(8.58814 0 4.11276)
(8.5028 1.70115e-18 4.54464)
(8.42807 -2.2748e-18 5.02271)
(8.36851 0 5.55452)
(8.33162 0 6.14913)
(8.32261 3.14989e-20 6.82025)
(8.38632 0 7.57975)
(8.45293 -9.35876e-19 8.48368)
(9.23473 2.87297e-18 9.45934)
(10.0618 0 12.125)
(9.9904 0 0.118989)
(9.98095 -3.38094e-19 0.23083)
(9.96378 0 0.341946)
(9.93634 3.62357e-19 0.455718)
(9.90135 3.7607e-19 0.573848)
(9.86055 3.87048e-19 0.697722)
(9.81401 0 0.828687)
(9.76175 -2.06897e-19 0.968063)
(9.70422 -4.25996e-19 1.11707)
(9.64177 2.18868e-19 1.27689)
(9.57509 0 1.44884)
(9.50472 0 1.63444)
(9.43092 -2.36234e-19 1.83517)
(9.35431 0 2.05244)
(9.27571 9.94137e-19 2.28784)
(9.19621 -1.2674e-18 2.5433)
(9.11689 0 2.82095)
(9.03909 0 3.12305)
(8.9647 3.47407e-21 3.45226)
(8.89553 2.69803e-19 3.8116)
(8.83389 5.34165e-19 4.20457)
(8.78351 5.43544e-19 4.63539)
(8.74924 0 5.10898)
(8.73726 0 5.63089)
(8.75776 0 6.20692)
(8.82126 1.02993e-18 6.84362)
(8.97504 0 7.54177)
(9.16469 -1.40243e-18 8.30804)
(9.726 4.50764e-19 9.05894)
(10.3692 -6.76511e-21 10.0354)
(9.99081 3.98509e-20 0.123059)
(9.9827 6.16829e-19 0.238799)
(9.96794 0 0.353717)
(9.94382 3.53071e-19 0.471304)
(9.91301 0 0.593342)
(9.8773 -3.76942e-19 0.721254)
(9.83666 0 0.856381)
(9.79124 0 0.999983)
(9.74168 -2.05266e-19 1.1532)
(9.68829 2.1227e-19 1.31718)
(9.63167 6.53985e-19 1.49332)
(9.5725 -1.78435e-18 1.68313)
(9.5113 9.14837e-19 1.888)
(9.44882 0 2.10924)
(9.38595 0 2.34833)
(9.32377 0 2.60702)
(9.26363 -9.88519e-19 2.88725)
(9.20735 3.50498e-18 3.19111)
(9.15687 -1.77453e-18 3.52089)
(9.1143 2.54409e-18 3.87911)
(9.08268 -2.57222e-18 4.26858)
(9.06616 -1.52889e-18 4.6923)
(9.06994 2.04722e-18 5.15339)
(9.10074 9.96106e-19 5.65464)
(9.16845 0 6.1974)
(9.28163 -1.90517e-18 6.77996)
(9.46988 2.66206e-20 7.39148)
(9.68373 0 8.00303)
(10.0057 -8.78389e-19 8.57347)
(10.5302 8.65553e-19 9.23625)
(9.99114 6.56916e-19 0.126717)
(9.98462 -6.78977e-19 0.245967)
(9.97242 8.27353e-20 0.364288)
(9.9517 -4.26883e-19 0.485274)
(9.92516 1.76865e-19 0.610767)
(9.89459 9.1125e-19 0.742221)
(9.86002 -3.75681e-19 0.880951)
(9.82179 0 1.02812)
(9.78049 1.99712e-19 1.18482)
(9.7363 0 1.35223)
(9.68991 4.19921e-19 1.53173)
(9.64218 0 1.72476)
(9.59377 1.10245e-18 1.93259)
(9.54548 -1.12334e-18 2.15642)
(9.49838 -1.14597e-18 2.39766)
(9.4537 4.10624e-22 2.65783)
(9.41282 1.3152e-21 2.93854)
(9.37781 4.77859e-19 3.2416)
(9.35078 4.81332e-19 3.56894)
(9.33401 -4.91363e-19 3.92238)
(9.33088 0 4.30379)
(9.34563 -4.92582e-19 4.71488)
(9.38319 0 5.15687)
(9.44954 -9.70891e-19 5.62992)
(9.55227 -3.85987e-21 6.13195)
(9.69631 4.53813e-19 6.65706)
(9.8971 4.55708e-19 7.19413)
(10.1333 -2.16045e-19 7.7185)
(10.4204 -6.36381e-19 8.23147)
(10.9148 -4.72238e-19 8.85126)
(9.99145 -5.65032e-19 0.129918)
(9.98662 2.72088e-19 0.25222)
(9.97708 0 0.373535)
(9.95988 6.63954e-19 0.497495)
(9.93772 -3.42081e-19 0.625964)
(9.91238 1.06113e-18 0.760402)
(9.88412 7.27457e-19 0.902087)
(9.85333 0 1.05212)
(9.82039 3.85636e-19 1.21159)
(9.7855 -3.95236e-19 1.38166)
(9.74949 -1.01497e-18 1.56363)
(9.71334 6.23141e-19 1.75881)
(9.67779 -4.22674e-19 1.96837)
(9.64367 2.17535e-19 2.19341)
(9.61221 6.60687e-19 2.43517)
(9.58484 0 2.69495)
(9.56294 4.52068e-19 2.97402)
(9.54861 -4.5707e-19 3.27381)
(9.5441 -4.67244e-19 3.59578)
(9.55173 -9.29132e-19 3.94102)
(9.57488 9.38819e-19 4.31043)
(9.61755 0 4.70451)
(9.68394 0 5.12298)
(9.77886 -9.10962e-19 5.56427)
(9.90777 1.84031e-18 6.02485)
(10.0741 0 6.49846)
(10.2866 0 6.97737)
(10.5409 -4.21171e-19 7.44505)
(10.8281 1.28069e-18 7.89713)
(11.2468 1.21282e-18 8.38765)
(9.99179 0 0.132623)
(9.9886 6.01336e-19 0.25749)
(9.98177 3.1105e-19 0.381343)
(9.96817 -1.61672e-19 0.507807)
(9.95051 3.33426e-19 0.638728)
(9.93058 -8.56851e-19 0.775543)
(9.90877 7.06998e-19 0.919494)
(9.88548 7.24677e-19 1.07168)
(9.86098 3.71607e-19 1.23318)
(9.83552 3.8244e-19 1.40511)
(9.80997 -3.91453e-19 1.5886)
(9.7854 2.01088e-19 1.78483)
(9.76266 8.18183e-19 1.99488)
(9.7426 0 2.21973)
(9.72659 -4.26547e-19 2.4604)
(9.7161 -4.32069e-19 2.71794)
(9.71255 8.69196e-19 2.99328)
(9.71802 4.44201e-19 3.28748)
(9.73467 8.86486e-19 3.60142)
(9.76482 -8.97528e-19 3.93553)
(9.81168 -8.91007e-19 4.28985)
(9.87862 -9.00977e-19 4.66398)
(9.96911 0 5.05666)
(10.0868 0 5.4655)
(10.2357 -2.16533e-19 5.88657)
(10.4183 2.198e-19 6.31407)
(10.6384 0 6.74133)
(10.8954 0 7.15567)
(11.1742 -8.05341e-19 7.54614)
(11.5383 4.31181e-20 7.93689)
(9.99215 5.66025e-19 0.1348)
(9.9906 -5.86166e-19 0.261723)
(9.9865 7.43509e-20 0.387606)
(9.97657 -3.89926e-19 0.516048)
(9.96351 0 0.648852)
(9.94909 6.64454e-19 0.787406)
(9.93379 6.82942e-19 0.932925)
(9.91799 1.15032e-21 1.08651)
(9.9019 -3.58355e-19 1.24926)
(9.88586 -7.38942e-19 1.42219)
(9.87078 7.54973e-19 1.60625)
(9.85775 0 1.80242)
(9.84767 7.84881e-19 2.01169)
(9.84146 -4.04045e-19 2.23494)
(9.84052 -4.06381e-19 2.47295)
(9.84628 -4.16782e-19 2.72647)
(9.86019 -4.22178e-19 2.99617)
(9.88421 0 3.28266)
(9.9204 0 3.58632)
(9.971 0 3.907)
(10.0388 -4.27325e-19 4.24412)
(10.1264 4.272e-19 4.59664)
(10.2367 -4.26027e-19 4.96282)
(10.3725 2.11274e-19 5.33988)
(10.5361 -2.17722e-19 5.72386)
(10.7291 4.20234e-19 6.10943)
(10.9526 0 6.49055)
(11.2059 1.20979e-18 6.85835)
(11.4773 -4.20596e-19 7.20398)
(11.814 3.96429e-19 7.5386)
(9.99252 -5.17441e-19 0.13641)
(9.99261 -3.54912e-20 0.264857)
(9.99127 -8.80062e-19 0.39222)
(9.98507 -1.5021e-19 0.522067)
(9.97665 1.56289e-19 0.656143)
(9.9678 -6.43952e-19 0.795778)
(9.95904 -1.85105e-21 0.942159)
(9.95067 3.39052e-19 1.09641)
(9.94286 6.98616e-19 1.2596)
(9.93611 -7.70656e-23 1.43262)
(9.93143 -1.32895e-21 1.61621)
(9.9298 -1.11721e-18 1.81118)
(9.9321 3.79122e-19 2.01843)
(9.93935 -3.89032e-19 2.23871)
(9.95289 1.45258e-21 2.47256)
(9.97408 4.02479e-19 2.72047)
(10.0044 -8.05051e-19 2.98281)
(10.0455 1.22507e-18 3.2598)
(10.0995 -1.23284e-18 3.55139)
(10.1683 -4.10205e-19 3.857)
(10.2542 6.26623e-21 4.17563)
(10.3592 -4.18091e-19 4.50586)
(10.4856 4.17583e-19 4.84571)
(10.6352 -3.83996e-19 5.19234)
(10.8094 -2.28466e-19 5.54198)
(11.0089 -2.042e-19 5.89)
(11.2335 -4.07451e-21 6.23141)
(11.4826 -4.17781e-21 6.56043)
(11.7477 -3.3676e-21 6.87097)
(12.0669 3.68036e-19 7.16653)
(9.9929 0 0.137419)
(9.99463 0 0.266821)
(9.99607 1.13952e-18 0.395078)
(9.99361 2.94783e-19 0.525721)
(9.98985 -1.51581e-19 0.660429)
(9.98657 4.68866e-19 0.800473)
(9.98426 -3.21638e-19 0.947011)
(9.98313 -6.58354e-19 1.10117)
(9.98347 3.37265e-19 1.26396)
(9.98592 -1.3249e-21 1.4361)
(9.99145 3.52678e-19 1.61816)
(10.0009 -1.72839e-21 1.81082)
(10.0152 -3.67334e-19 2.01487)
(10.0353 3.72687e-19 2.23089)
(10.0626 -7.60853e-19 2.45922)
(10.0983 3.8647e-19 2.70009)
(10.1437 0 2.95361)
(10.2006 7.85339e-19 3.21967)
(10.2705 3.98375e-19 3.49785)
(10.3552 5.2177e-21 3.78732)
(10.4565 8.04053e-19 4.08682)
(10.576 -1.98358e-19 4.39475)
(10.7151 5.98413e-19 4.70901)
(10.8751 6.01933e-21 5.02691)
(11.0568 -5.90675e-19 5.34507)
(11.2602 -1.92437e-19 5.65964)
(11.4846 3.94337e-19 5.96666)
(11.7291 0 6.26208)
(11.9875 3.8489e-19 6.54155)
(12.2925 -1.89119e-19 6.80529)
(9.99329 3.24396e-20 0.137793)
(9.99665 -5.67243e-19 0.267551)
(10.0009 -5.54182e-19 0.39609)
(10.0021 -1.42623e-19 0.526891)
(10.0029 1.69304e-23 0.661575)
(10.0051 -1.50351e-19 0.801352)
(10.0091 0 0.947346)
(10.0151 6.37317e-19 1.10064)
(10.0234 3.25316e-19 1.26212)
(10.0349 -3.35113e-19 1.43238)
(10.0503 -3.40717e-19 1.61188)
(10.0705 -1.14062e-21 1.80119)
(10.0962 -7.06361e-19 2.00094)
(10.1285 3.60772e-19 2.21152)
(10.1687 0 2.4331)
(10.2178 3.69368e-19 2.66571)
(10.2771 -2.51132e-21 2.9092)
(10.3481 -7.60663e-19 3.16321)
(10.4321 0 3.42708)
(10.5306 0 3.6998)
(10.6448 1.91293e-19 3.98001)
(10.776 3.35662e-19 4.26603)
(10.9251 -2.44897e-19 4.55579)
(11.0929 -9.19126e-20 4.8468)
(11.2796 3.87603e-19 5.13618)
(11.4849 3.85638e-19 5.42078)
(11.7079 0 5.69745)
(11.9475 -1.87818e-19 5.96317)
(12.1988 0 6.21482)
(12.4917 1.85604e-19 6.45181)
(9.99367 1.57479e-20 0.137503)
(9.99865 5.04344e-19 0.266993)
(10.0056 5.35216e-19 0.395183)
(10.0105 -2.76011e-19 0.525492)
(10.0158 0 0.659481)
(10.0234 4.40366e-19 0.798306)
(10.0335 -3.00889e-19 0.943024)
(10.0464 -4.63505e-19 1.09462)
(10.0626 -8.96886e-22 1.25389)
(10.0828 -3.21777e-19 1.42132)
(10.1077 0 1.5973)
(10.138 -3.3558e-19 1.78229)
(10.1745 6.87231e-19 1.9767)
(10.2183 -6.94505e-19 2.18078)
(10.2703 -3.51862e-19 2.39454)
(10.3317 -2.89344e-21 2.61784)
(10.4036 0 2.85034)
(10.4871 0 3.0915)
(10.5834 -3.65837e-19 3.34049)
(10.6935 9.20239e-20 3.59622)
(10.8184 -1.16703e-19 3.8573)
(10.959 -4.91874e-19 4.12206)
(11.1158 9.41872e-20 4.38855)
(11.2891 7.47552e-19 4.65453)
(11.4789 -3.70718e-19 4.9176)
(11.6846 3.69579e-19 5.17522)
(11.9053 0 5.42486)
(12.1398 9.07898e-19 5.66425)
(12.3841 -7.38814e-19 5.89112)
(12.6662 -8.88292e-19 6.10487)
(9.99404 0 0.136524)
(10.0006 -3.15019e-20 0.2651)
(10.0102 -5.54465e-19 0.392293)
(10.0187 2.69162e-19 0.521447)
(10.0285 -2.06509e-19 0.654065)
(10.0412 0 0.791231)
(10.0573 -1.45667e-19 0.933912)
(10.077 4.47304e-19 1.08299)
(10.1008 -1.52712e-19 1.23916)
(10.1293 4.7e-19 1.40289)
(10.1632 0 1.57446)
(10.203 -7.20557e-22 1.75419)
(10.2497 6.63344e-19 1.94233)
(10.304 3.37548e-19 2.13896)
(10.3669 6.78814e-19 2.34399)
(10.4394 3.44234e-19 2.55713)
(10.5224 5.21059e-19 2.77792)
(10.6168 1.77029e-19 3.00567)
(10.7236 3.57738e-19 3.23949)
(10.8435 0 3.47825)
(10.9771 0 3.72059)
(11.1251 0 3.96491)
(11.2876 -3.58425e-19 4.20942)
(11.4646 -3.57401e-19 4.45219)
(11.656 3.69592e-19 4.6912)
(11.861 5.2933e-19 4.92441)
(12.0787 -7.27272e-19 5.14983)
(12.3079 1.77887e-19 5.36569)
(12.5453 0 5.57033)
(12.8175 -3.39286e-19 5.76332)
(9.99441 -4.74172e-19 0.134837)
(10.0025 0 0.261831)
(10.0148 -3.15721e-20 0.387364)
(10.0267 -3.25154e-20 0.51469)
(10.0408 5.36115e-19 0.645247)
(10.0586 3.4348e-19 0.780037)
(10.0805 1.41128e-19 0.919918)
(10.1067 -4.35161e-19 1.06567)
(10.1378 0 1.21794)
(10.1741 1.50963e-19 1.37713)
(10.2164 -3.07802e-19 1.54344)
(10.2651 -1.60005e-19 1.71705)
(10.3211 0 1.89807)
(10.3851 0 2.08645)
(10.4579 -4.95091e-19 2.28199)
(10.5403 -4.99867e-19 2.48432)
(10.633 8.02901e-20 2.69288)
(10.7369 2.53307e-19 2.9069)
(10.8524 2.13512e-20 3.12547)
(10.9803 3.65803e-19 3.34746)
(11.1209 5.1864e-19 3.57159)
(11.2744 0 3.79639)
(11.441 0 4.02023)
(11.6204 3.48878e-19 4.24147)
(11.8121 3.52862e-19 4.45845)
(12.0155 -1.04277e-18 4.66949)
(12.2297 5.32669e-19 4.87303)
(12.4536 -1.42919e-21 5.06771)
(12.6843 8.53576e-19 5.25223)
(12.947 -8.69472e-19 5.4264)
(9.99476 4.62804e-19 0.132426)
(10.0044 1.48483e-20 0.257158)
(10.0192 -1.53362e-20 0.380354)
(10.0345 0 0.505167)
(10.0527 -6.6367e-20 0.63297)
(10.0754 -4.67251e-19 0.764673)
(10.1028 -6.83806e-20 0.901005)
(10.1353 -2.09328e-19 1.04266)
(10.1731 -2.85744e-19 1.19027)
(10.2169 0 1.34415)
(10.2669 2.99719e-19 1.50441)
(10.3239 -3.05299e-19 1.67111)
(10.3885 4.62034e-19 1.84426)
(10.4613 -1.57425e-19 2.0237)
(10.5428 -2.37638e-19 2.20915)
(10.6339 2.4327e-19 2.40019)
(10.7351 -8.49464e-21 2.59619)
(10.8469 1.59538e-21 2.79635)
(10.9697 8.25992e-20 2.99975)
(11.104 5.85595e-19 3.20532)
(11.25 3.38828e-19 3.41187)
(11.4076 3.40814e-19 3.61808)
(11.5769 0 3.82252)
(11.7573 -6.79072e-19 4.0238)
(11.9485 1.74288e-19 4.22052)
(12.1496 -3.32525e-19 4.41134)
(12.3599 8.57036e-19 4.59502)
(12.5784 4.98226e-19 4.77048)
(12.8024 -8.50731e-19 4.93672)
(13.0562 0 5.09373)
(9.9951 8.75828e-22 0.129285)
(10.0062 -9.0199e-22 0.251064)
(10.0234 -4.89968e-19 0.371238)
(10.042 -4.73952e-19 0.492846)
(10.0641 -2.52926e-19 0.617198)
(10.0915 2.92052e-19 0.745117)
(10.1243 -3.32164e-20 0.877188)
(10.1625 4.75665e-19 1.01402)
(10.2067 4.1759e-19 1.15622)
(10.2573 -7.10056e-20 1.30408)
(10.3146 7.20948e-20 1.45758)
(10.3791 -7.37374e-20 1.61667)
(10.4514 -3.00524e-19 1.78131)
(10.532 3.02515e-19 1.95126)
(10.6213 2.87105e-21 2.12618)
(10.7199 0 2.30558)
(10.8283 -2.38754e-19 2.48882)
(10.9467 -5.59229e-19 2.67511)
(11.0755 1.82985e-21 2.86355)
(11.2149 -1.62941e-19 3.05314)
(11.3648 -3.24539e-19 3.2428)
(11.5253 -1.62172e-19 3.43137)
(11.696 6.58062e-19 3.61762)
(11.8766 4.85254e-19 3.80035)
(12.0664 -5.00989e-19 3.97842)
(12.2647 4.87901e-19 4.15072)
(12.4708 -8.31694e-19 4.31627)
(12.6837 0 4.47421)
(12.9013 -6.47896e-19 4.62376)
(13.1464 6.62371e-19 4.76507)
(9.99543 0 0.125411)
(10.0079 3.50212e-21 0.243544)
(10.0274 -3.1046e-21 0.360014)
(10.049 4.79325e-19 0.477721)
(10.0749 2.44118e-19 0.597908)
(10.1068 2.66203e-19 0.721341)
(10.1447 -2.40659e-19 0.848505)
(10.1884 -2.97243e-19 0.97987)
(10.2383 -2.68323e-19 1.11598)
(10.2952 3.42643e-20 1.25712)
(10.359 -5.25272e-20 1.4032)
(10.4304 1.78556e-20 1.5541)
(10.5096 2.90828e-19 1.70968)
(10.5971 -3.16079e-19 1.8697)
(10.6931 2.44104e-19 2.03375)
(10.7982 7.58239e-20 2.20129)
(10.9125 -3.04176e-19 2.3717)
(11.0364 0 2.54421)
(11.1699 0 2.71799)
(11.3131 0 2.89211)
(11.4659 -3.17829e-19 3.06562)
(11.6281 -1.59788e-19 3.23748)
(11.7994 0 3.40666)
(11.9792 -1.60956e-19 3.57214)
(12.167 6.35671e-19 3.73296)
(12.3622 -6.48624e-19 3.88824)
(12.5638 1.612e-19 4.03718)
(12.7712 0 4.17909)
(12.9823 0 4.31336)
(13.2191 7.08204e-19 4.44024)
(9.99573 -4.22721e-19 0.120806)
(10.0095 4.34825e-19 0.234606)
(10.0311 4.50402e-19 0.346696)
(10.0557 0 0.459819)
(10.0851 -2.53068e-19 0.575118)
(10.1212 -2.36825e-19 0.693334)
(10.1639 9.27657e-21 0.814979)
(10.2126 0 0.940376)
(10.2679 1.69407e-21 1.06983)
(10.3303 -2.65392e-19 1.20357)
(10.4001 -1.69113e-20 1.3416)
(10.4775 1.73031e-20 1.48378)
(10.5628 -2.81815e-19 1.62988)
(10.6562 -2.1284e-19 1.77961)
(10.7581 7.13808e-20 1.93253)
(10.8686 1.46921e-19 2.08809)
(10.9879 2.97447e-19 2.24569)
(11.1161 0 2.40462)
(11.2533 -1.50283e-19 2.5641)
(11.3993 0 2.72332)
(11.554 0 2.88141)
(11.717 1.53493e-19 3.03747)
(11.888 -6.14557e-19 3.19062)
(12.0664 6.27122e-19 3.34002)
(12.2518 -6.17765e-19 3.48487)
(12.4433 6.30406e-19 3.62444)
(12.6404 -6.1827e-19 3.7581)
(12.8422 7.08712e-19 3.88529)
(13.047 0 4.00554)
(13.2758 -7.79941e-20 4.11914)
(9.99603 1.93065e-21 0.115474)
(10.011 -3.98228e-19 0.224254)
(10.0347 -2.7301e-20 0.3313)
(10.062 -2.80413e-20 0.439182)
(10.0947 2.8863e-20 0.548935)
(10.1344 2.06454e-19 0.661264)
(10.1814 2.7337e-19 0.776744)
(10.2348 0 0.895607)
(10.2951 5.06272e-19 1.01789)
(10.3627 2.59073e-19 1.14373)
(10.4377 0 1.27319)
(10.5204 -6.66986e-20 1.40618)
(10.611 6.82225e-20 1.54242)
(10.7095 6.8993e-19 1.68158)
(10.8163 -2.82365e-19 1.8232)
(10.9313 -1.42416e-19 1.96675)
(11.0546 0 2.11165)
(11.1862 0 2.25725)
(11.3261 4.38008e-19 2.40286)
(11.4739 -2.97007e-19 2.54773)
(11.6296 -5.90524e-19 2.69111)
(11.7927 8.9735e-19 2.83222)
(11.9628 -7.56016e-19 2.97032)
(12.1394 5.98978e-19 3.10471)
(12.3219 -1.36285e-18 3.23472)
(12.5096 6.12914e-19 3.35976)
(12.702 6.01938e-19 3.47932)
(12.8982 -6.90494e-19 3.59295)
(13.0969 0 3.70028)
(13.318 -7.57673e-20 3.80167)
(9.9963 4.14188e-19 0.109421)
(10.0124 -1.28778e-20 0.212502)
(10.038 -4.2329e-19 0.313849)
(10.0678 0 0.415862)
(10.1035 2.23499e-19 0.51949)
(10.1467 -2.87703e-19 0.625379)
(10.1972 5.88968e-20 0.734055)
(10.2549 0 0.845703)
(10.3198 -2.46355e-19 0.960266)
(10.3921 0 1.07778)
(10.4718 0 1.19831)
(10.5591 0 1.32175)
(10.6541 0 1.44784)
(10.757 -1.99939e-21 1.57621)
(10.8678 0 1.70643)
(10.9864 0 1.838)
(11.1129 0 1.97037)
(11.2471 0 2.10294)
(11.3888 2.8225e-19 2.23509)
(11.5378 -2.88198e-19 2.36617)
(11.6938 0 2.49553)
(11.8563 1.17756e-21 2.6225)
(12.025 7.26453e-19 2.74645)
(12.1993 -5.91774e-19 2.86679)
(12.3787 7.31951e-19 2.98298)
(12.5624 -5.96111e-19 3.09454)
(12.75 0 3.20105)
(12.9408 0 3.30216)
(13.1335 5.86143e-19 3.39757)
(13.3471 -5.24509e-19 3.48768)
(9.99656 0 0.102661)
(10.0137 3.99808e-19 0.199378)
(10.041 4.13464e-19 0.294395)
(10.0731 0 0.389936)
(10.1116 -1.05885e-21 0.486881)
(10.1578 -2.226e-19 0.585791)
(10.2118 -1.13978e-19 0.687085)
(10.2732 2.33453e-19 0.790913)
(10.3421 -2.3834e-19 0.897233)
(10.4184 1.21843e-19 1.00603)
(10.5022 1.23392e-19 1.1173)
(10.5935 -1.26322e-19 1.23092)
(10.6924 2.54952e-19 1.34663)
(10.7989 -5.21528e-19 1.46409)
(10.9129 -2.62228e-19 1.58289)
(11.0344 4.00992e-19 1.70255)
(11.1632 4.03098e-19 1.82258)
(11.2992 -2.74391e-19 1.94244)
(11.4421 5.47905e-19 2.06156)
(11.5915 -6.98117e-19 2.1794)
(11.7473 -1.39644e-19 2.29538)
(11.9088 5.61348e-19 2.40894)
(12.0757 -5.72048e-19 2.51955)
(12.2474 -7.08297e-19 2.62672)
(12.4235 5.06416e-19 2.73001)
(12.6032 0 2.82903)
(12.7861 0 2.92343)
(12.9715 0 3.01295)
(13.1584 0 3.09733)
(13.365 0 3.177)
(9.99679 0 0.0952156)
(10.0149 -1.65568e-21 0.184927)
(10.0438 0 0.273007)
(10.0779 -1.02947e-19 0.361502)
(10.1189 -2.11649e-19 0.451209)
(10.1679 1.08793e-19 0.542598)
(10.2249 0 0.635992)
(10.2897 -1.13118e-19 0.731518)
(10.362 -1.14874e-19 0.829155)
(10.4418 0 0.928856)
(10.5291 0 1.03056)
(10.6238 0 1.13412)
(10.7259 0 1.2393)
(10.8353 2.5109e-19 1.34577)
(10.9519 -2.56785e-19 1.45315)
(11.0756 -3.8771e-19 1.56102)
(11.2061 -1.28843e-19 1.66892)
(11.3432 5.29912e-19 1.77638)
(11.4867 -2.69201e-19 1.88291)
(11.6361 6.72242e-19 1.98802)
(11.7911 6.8478e-19 2.09123)
(11.9512 -5.43616e-19 2.19207)
(12.116 6.93632e-19 2.29008)
(12.285 -4.11362e-19 2.38487)
(12.4576 7.90954e-20 2.47608)
(12.6333 5.64421e-19 2.56338)
(12.8116 0 2.64651)
(12.9919 0 2.72525)
(13.1732 -7.02773e-20 2.79941)
(13.373 3.52028e-20 2.8694)
(9.997 3.68844e-19 0.087108)
(10.0159 -3.32877e-19 0.169193)
(10.0463 -9.75288e-23 0.249757)
(10.0823 -5.0182e-20 0.330656)
(10.1254 2.06188e-19 0.412592)
(10.1769 -1.05182e-19 0.495952)
(10.2366 4.40416e-22 0.580983)
(10.3043 1.10416e-19 0.667788)
(10.3795 4.49851e-19 0.756353)
(10.4623 -2.28689e-19 0.846617)
(10.5525 0 0.938483)
(10.65 2.36568e-19 1.0318)
(10.7547 -2.42149e-19 1.12632)
(10.8665 1.22103e-19 1.22176)
(10.9851 0 1.31778)
(11.1104 0 1.41399)
(11.2421 1.26301e-19 1.50999)
(11.3798 -2.58811e-19 1.60536)
(11.5234 -1.29642e-19 1.69969)
(11.6723 0 1.79256)
(11.8263 0 1.88356)
(11.9847 1.33768e-19 1.97228)
(12.1473 -6.77251e-20 2.05837)
(12.3134 -6.73222e-20 2.14149)
(12.4825 4.70574e-19 2.22134)
(12.6543 -9.13596e-21 2.29767)
(12.8281 -9.52545e-21 2.37027)
(13.0034 -5.5316e-19 2.43896)
(13.1794 3.45263e-20 2.5036)
(13.3729 -5.78505e-19 2.56458)
(9.99719 -1.31512e-21 0.0783598)
(10.0169 2.30581e-19 0.152221)
(10.0485 -1.42412e-19 0.224716)
(10.0861 1.95074e-19 0.297498)
(10.1312 -1.00191e-19 0.371168)
(10.1849 0 0.446032)
(10.247 0 0.522278)
(10.317 0 0.599982)
(10.3948 -4.37086e-19 0.679131)
(10.4801 2.24507e-19 0.759654)
(10.5727 1.13161e-19 0.841441)
(10.6725 2.29849e-19 0.92433)
(10.7793 -4.68763e-19 1.0081)
(10.8928 1.19591e-19 1.0925)
(11.0129 0 1.1772)
(11.1393 0 1.26189)
(11.2717 -2.44672e-19 1.34621)
(11.4097 8.75803e-19 1.4298)
(11.5529 -3.81659e-19 1.5123)
(11.7011 0 1.59337)
(11.8537 1.2834e-19 1.67265)
(12.0103 0 1.74982)
(12.1705 -5.83902e-19 1.82457)
(12.3337 1.11673e-18 1.89664)
(12.4995 -5.32108e-19 1.96578)
(12.6674 5.26348e-19 2.03179)
(12.8369 -1.06551e-18 2.0945)
(13.0076 5.39129e-19 2.15378)
(13.1786 3.35479e-20 2.20952)
(13.3662 3.35301e-20 2.2621)
(9.99738 -3.73313e-19 0.0689879)
(10.0177 -2.30442e-20 0.134051)
(10.0505 4.62914e-20 0.197956)
(10.0896 -9.48186e-20 0.262139)
(10.1364 2.91914e-19 0.327086)
(10.1919 9.95017e-20 0.393029)
(10.256 -3.32563e-22 0.460107)
(10.3281 1.04408e-19 0.528373)
(10.4079 -2.1193e-19 0.597809)
(10.4953 5.42504e-19 0.668339)
(10.5898 -1.10541e-19 0.739849)
(10.6914 0 0.812183)
(10.7998 0 0.885143)
(10.9147 -1.15398e-19 0.958491)
(11.0358 1.17015e-19 1.03196)
(11.1629 1.18547e-19 1.10527)
(11.2955 -2.40596e-19 1.17812)
(11.4334 6.05704e-19 1.2502)
(11.5761 -6.17052e-19 1.32121)
(11.7232 -1.238e-19 1.39086)
(11.8744 -1.25509e-19 1.45887)
(12.0291 5.01137e-19 1.52497)
(12.1868 -9.53062e-19 1.5889)
(12.3472 5.15328e-19 1.65046)
(12.5098 6.44648e-20 1.70944)
(12.674 0 1.7657)
(12.8395 3.24022e-20 1.81909)
(13.0058 0 1.86952)
(13.1723 -3.26239e-20 1.91689)
(13.3544 -5.18491e-19 1.96159)
(9.99756 1.70756e-19 0.0589969)
(10.0186 -2.19487e-19 0.114707)
(10.0523 4.50972e-20 0.169542)
(10.0927 0 0.22469)
(10.141 -2.84543e-19 0.280497)
(10.1981 2.91037e-19 0.337119)
(10.2638 -1.98761e-19 0.394658)
(10.3376 1.01598e-19 0.45315)
(10.4191 2.06171e-19 0.51257)
(10.508 -1.06918e-19 0.572846)
(10.6041 -3.22309e-19 0.633869)
(10.7071 -1.08886e-19 0.695496)
(10.8166 -2.20716e-19 0.757553)
(10.9324 2.43267e-21 0.819834)
(11.0542 -1.12217e-19 0.882115)
(11.1816 1.16397e-19 0.944153)
(11.3142 1.17272e-19 1.0057)
(11.4517 0 1.0665)
(11.5937 1.19864e-19 1.12631)
(11.7396 1.81277e-19 1.18488)
(11.8892 4.90317e-19 1.242)
(12.042 4.87818e-19 1.29743)
(12.1974 -6.22045e-19 1.35099)
(12.3551 4.32291e-19 1.40249)
(12.5146 -5.04927e-19 1.45179)
(12.6755 -3.14426e-20 1.49876)
(12.8373 -5.33643e-19 1.5433)
(12.9996 5.44077e-19 1.58534)
(13.1619 5.05448e-19 1.6248)
(13.3391 -2.5984e-20 1.66202)
(9.99775 -1.66981e-19 0.0483624)
(10.0194 0 0.0941867)
(10.0541 0 0.139534)
(10.0957 -8.99542e-20 0.185283)
(10.1451 2.5357e-22 0.23162)
(10.2034 -9.50141e-20 0.278632)
(10.2705 -2.90111e-19 0.326382)
(10.3456 -1.96789e-19 0.374884)
(10.4284 4.02523e-19 0.424103)
(10.5186 -3.07745e-19 0.473968)
(10.6158 4.18307e-19 0.52438)
(10.7197 1.06359e-19 0.575215)
(10.83 0 0.626325)
(10.9464 1.09682e-19 0.677541)
(11.0685 0 0.728677)
(11.196 0 0.779538)
(11.3284 5.68329e-20 0.829922)
(11.4653 0 0.879628)
(11.6063 0 0.928456)
(11.7511 -5.88838e-20 0.97622)
(11.8991 0 1.02274)
(12.05 -4.15328e-19 1.06784)
(12.2032 4.85456e-19 1.11138)
(12.3584 6.07714e-20 1.1532)
(12.5151 0 1.19321)
(12.6729 6.13902e-20 1.2313)
(12.8313 0 1.26739)
(12.9901 -3.10122e-20 1.30144)
(13.1487 -4.61962e-19 1.3334)
(13.3215 4.7219e-19 1.36354)
(9.99802 0 0.0369873)
(10.0204 -8.33273e-20 0.0724553)
(10.0561 -8.55028e-20 0.107929)
(10.0987 1.96003e-22 0.143825)
(10.1491 1.79893e-19 0.180194)
(10.2084 -9.22536e-20 0.217115)
(10.2765 9.42515e-20 0.254639)
(10.3526 -9.6005e-20 0.292766)
(10.4364 9.75098e-20 0.331455)
(10.5274 -4.99424e-19 0.370637)
(10.6253 1.02179e-19 0.410227)
(10.7298 -2.05896e-19 0.450119)
(10.8406 1.73168e-21 0.490191)
(10.9573 2.14052e-19 0.530305)
(11.0794 -2.15091e-19 0.570314)
(11.2067 1.65368e-19 0.610063)
(11.3386 2.20326e-19 0.649395)
(11.4749 -4.48425e-19 0.688152)
(11.615 2.27942e-19 0.726181)
(11.7585 -2.27463e-19 0.763339)
(11.905 -2.32434e-19 0.799492)
(12.0541 -8.74157e-20 0.834507)
(12.2053 5.87799e-20 0.868267)
(12.3582 0 0.900673)
(12.5124 -2.9714e-20 0.93164)
(12.6675 -2.99525e-20 0.961099)
(12.8231 0 0.988992)
(12.9788 0 1.01528)
(13.1342 0 1.03993)
(13.3034 1.52304e-20 1.06317)
(9.99851 0 0.0245471)
(10.0219 1.22086e-19 0.0496316)
(10.0586 4.16575e-20 0.0755056)
(10.1018 2.20376e-22 0.101728)
(10.1529 1.75415e-19 0.128202)
(10.2129 -8.99312e-20 0.15503)
(10.2817 9.15025e-20 0.18227)
(10.3585 -9.35244e-20 0.209914)
(10.4429 1.91404e-19 0.237928)
(10.5344 0 0.266265)
(10.6328 -1.48144e-19 0.294866)
(10.7377 5.07611e-20 0.323657)
(10.8486 0 0.352551)
(10.9653 0 0.381454)
(11.0872 -5.25938e-20 0.41026)
(11.2141 1.06687e-19 0.43886)
(11.3455 -5.40602e-20 0.467143)
(11.481 2.72838e-20 0.494999)
(11.62 0 0.522319)
(11.7624 2.7853e-20 0.549003)
(11.9075 0 0.574957)
(12.0549 2.84069e-20 0.600088)
(12.2043 2.27166e-19 0.624313)
(12.3552 -2.60813e-19 0.647563)
(12.5072 2.90214e-20 0.669781)
(12.6599 -1.45729e-20 0.690916)
(12.813 0 0.710932)
(12.966 0 0.7298)
(13.1187 0 0.747502)
(13.2846 -7.4214e-21 0.76422)
(9.99995 0 0.00975264)
(10.0257 1.98327e-20 0.0232117)
(10.0634 -1.01887e-19 0.0385137)
(10.107 8.35256e-20 0.0543061)
(10.1584 -4.28496e-20 0.0703555)
(10.2187 2.1877e-20 0.0867253)
(10.2877 0 0.103424)
(10.3647 9.10537e-20 0.120411)
(10.4492 -9.33854e-20 0.137637)
(10.5408 0 0.15506)
(10.6392 4.83103e-20 0.172632)
(10.744 -4.86382e-20 0.1903)
(10.8547 2.24289e-19 0.208007)
(10.9711 -2.27626e-19 0.225689)
(11.0926 2.56519e-19 0.24328)
(11.219 -1.56478e-19 0.260712)
(11.3496 1.3096e-19 0.277917)
(11.4843 -1.33657e-19 0.294829)
(11.6224 0 0.311382)
(11.7635 1.88789e-19 0.327518)
(11.9074 2.06995e-19 0.343182)
(12.0534 2.19734e-19 0.358321)
(12.2013 -2.24472e-19 0.372886)
(12.3505 2.80968e-20 0.386841)
(12.5008 -2.24407e-19 0.400152)
(12.6517 2.50472e-19 0.412794)
(12.8028 -7.14588e-21 0.424748)
(12.9538 0 0.436003)
(13.1045 7.21206e-21 0.446553)
(13.2682 2.4025e-19 0.45653)
(9.98648 -4.7297e-21 0.000737197)
(10.0005 4.8522e-21 0.00418174)
(10.025 -4.97264e-20 0.00880333)
(10.0552 1.02103e-20 0.013758)
(10.0937 2.08451e-20 0.0189108)
(10.1419 -4.2788e-20 0.0242787)
(10.1995 0 0.029851)
(10.2658 0 0.0355991)
(10.3403 0 0.0414958)
(10.4225 2.30821e-20 0.0475184)
(10.512 -4.71406e-20 0.0536447)
(10.6086 2.40593e-20 0.0598513)
(10.7116 -7.28512e-20 0.0661125)
(10.8208 2.51647e-20 0.0724017)
(10.9357 5.03542e-20 0.0786907)
(11.0558 5.05277e-20 0.0849511)
(11.1806 -1.28546e-19 0.0911543)
(11.3097 5.22989e-20 0.0972723)
(11.4427 0 0.103278)
(11.579 -5.27857e-20 0.109147)
(11.7183 -4.0535e-20 0.114856)
(11.86 0 0.120383)
(12.0037 0 0.125707)
(12.149 -5.45252e-20 0.130811)
(12.2954 5.56875e-20 0.135683)
(12.4427 4.82541e-20 0.14031)
(12.5903 6.13054e-21 0.144683)
(12.738 -5.66653e-20 0.148794)
(12.8853 4.89526e-20 0.152632)
(13.0455 -6.0725e-20 0.156249)
(10.3284 5.02491e-19 10.5419)
(6.91857 0 8.07265)
(1.96852 -1.14882e-18 5.81662)
(10.3207 -3.94117e-19 8.25574)
(9.49645 0 6.90746)
(8.22843 0 5.90195)
(10.8023 0 8.88512)
(10.7897 0 8.37286)
(10.4488 0 7.79181)
(11.2123 -1.4502e-18 8.94086)
(11.3492 1.36267e-18 8.83379)
(11.3062 -4.18958e-20 8.58838)
(11.4945 -1.42249e-18 8.53876)
(11.6763 1.34614e-18 8.59639)
(11.7718 -1.18654e-18 8.5741)
(11.7553 1.39983e-18 8.09661)
(11.9481 -1.68774e-19 8.21708)
(12.0942 -1.62995e-19 8.29856)
(12.0129 -1.68711e-19 7.68999)
(12.1984 1.38716e-18 7.82296)
(12.3515 -1.30284e-18 7.93765)
(12.2524 -1.17217e-18 7.30308)
(12.4273 1.61713e-19 7.42909)
(12.5749 0 7.5465)
(12.4677 8.05308e-20 6.92799)
(12.6336 1.17266e-18 7.04328)
(12.7741 -1.24787e-18 7.15363)
(12.6588 -1.57487e-19 6.5627)
(12.8171 -7.72532e-20 6.66763)
(12.9513 0 6.76886)
(12.8263 1.24244e-18 6.2053)
(12.9781 1.27281e-18 6.30067)
(13.1067 -1.19309e-18 6.39289)
(12.9713 1.28662e-18 5.85424)
(13.1171 1.0963e-18 5.9408)
(13.2407 -2.38498e-18 6.02456)
(13.095 7.30673e-20 5.50863)
(13.2352 3.61532e-20 5.58703)
(13.3542 1.19247e-18 5.66291)
(13.1986 1.06124e-18 5.16796)
(13.3336 1.65179e-20 5.23881)
(13.4483 -1.11318e-18 5.30735)
(13.2836 -3.47905e-20 4.83192)
(13.4136 1.09084e-18 4.89578)
(13.5241 -1.08759e-18 4.9575)
(13.3513 -2.14229e-18 4.5003)
(13.4766 1.08154e-18 4.55768)
(13.583 -3.2943e-20 4.61308)
(13.4031 0 4.17294)
(13.5238 -3.27001e-20 4.22433)
(13.6264 3.22616e-20 4.27389)
(13.4407 -1.0295e-18 3.84968)
(13.557 1.06263e-18 3.89553)
(13.6558 0 3.9397)
(13.4654 1.03692e-18 3.53034)
(13.5776 -1.00619e-18 3.57108)
(13.6729 3.07589e-20 3.61026)
(13.4791 -3.09316e-20 3.21472)
(13.5872 0 3.25073)
(13.6792 9.13103e-19 3.2853)
(13.4831 0 2.90253)
(13.5875 1.48773e-20 2.93414)
(13.6763 -9.21985e-19 2.96445)
(13.4793 1.89881e-18 2.59345)
(13.5802 -9.65775e-19 2.62098)
(13.666 -9.29917e-19 2.64734)
(13.4692 -9.28901e-19 2.28698)
(13.5668 1.01563e-20 2.31069)
(13.6498 8.59818e-21 2.33336)
(13.4542 9.03184e-19 1.98273)
(13.5489 1.3886e-20 2.00287)
(13.6294 1.37302e-20 2.0221)
(13.4362 -1.76743e-18 1.67962)
(13.5281 8.78718e-19 1.69637)
(13.6063 0 1.71235)
(13.416 -8.38092e-19 1.37781)
(13.5056 1.6872e-18 1.39137)
(13.5819 -8.48449e-19 1.40429)
(13.3958 0 1.07415)
(13.4833 -6.45441e-21 1.08457)
(13.5578 8.21289e-19 1.09449)
(13.3752 -8.11317e-19 0.772121)
(13.4612 1.62023e-18 0.779605)
(13.5344 -1.59816e-18 0.78671)
(13.3574 -3.99796e-19 0.461176)
(13.4419 1.53728e-21 0.465516)
(13.5138 0 0.469619)
(13.1329 0 0.157875)
(13.2158 -1.50773e-21 0.159365)
(13.2865 -1.90456e-19 0.160791)
(0.0661693 1.63542e-18 4.02556)
(2.21683 0 4.24053)
(2.74191 -1.01478e-19 4.58446)
(3.01443 -3.82924e-19 4.82309)
(3.15119 1.66015e-19 5.02999)
(3.18868 -3.37618e-20 5.2114)
(3.154 -3.31959e-19 5.36009)
(3.06484 2.87704e-19 5.47069)
(2.93238 0 5.53953)
(2.76445 2.04429e-19 5.56357)
(2.56514 -4.2728e-19 5.53936)
(2.33997 0 5.46547)
(2.09228 0 5.34108)
(1.82576 -1.16235e-19 5.16521)
(1.54126 -1.57253e-19 4.93536)
(1.24003 7.18367e-20 4.64965)
(0.925743 1.03017e-20 4.31127)
(0.597952 -1.02035e-20 3.92024)
(0.256436 0 3.47529)
(-0.105567 0 2.96669)
(-0.479828 -9.0704e-20 2.40333)
(-0.853029 1.22583e-19 1.79626)
(-1.23045 1.26027e-19 1.14559)
(-1.64531 0 0.468624)
(-2.07549 1.16286e-19 -0.146466)
(-2.37409 1.08e-20 -0.654065)
(-2.70413 -3.21792e-21 -1.09094)
(-3.05529 6.85645e-20 -1.45819)
(-3.42624 4.39406e-20 -1.71729)
(-3.72882 0 -1.81534)
(6.34179 0 4.77502)
(5.2623 -1.98025e-19 4.33851)
(4.52241 6.52725e-19 4.39788)
(4.24215 -2.85858e-19 4.64945)
(4.20151 1.74346e-19 4.94074)
(4.21615 1.53541e-19 5.20611)
(4.21553 -7.61279e-19 5.42056)
(4.18017 2.63482e-19 5.5795)
(4.10678 -2.57676e-19 5.6841)
(3.99784 2.18495e-19 5.73537)
(3.85686 0 5.73275)
(3.688 -1.50134e-19 5.67593)
(3.49498 1.47505e-19 5.56498)
(3.28127 -2.00114e-19 5.39978)
(3.04933 9.48405e-20 5.17949)
(2.79969 0 4.90286)
(2.5344 0 4.57181)
(2.25463 0 4.18786)
(1.96152 -3.34686e-20 3.75138)
(1.65333 7.05376e-20 3.26056)
(1.32812 -1.39489e-20 2.71606)
(0.992784 -1.05285e-19 2.13111)
(0.650835 -8.67042e-21 1.52401)
(0.318948 8.65703e-21 0.915193)
(-0.172955 0 0.232789)
(-0.674107 0 -0.382904)
(-1.04457 -9.90875e-20 -0.814359)
(-1.45044 7.37757e-20 -1.16533)
(-1.88894 -4.49767e-20 -1.43012)
(-2.34423 0 -1.53622)
(9.40835 0 6.72786)
(8.26668 0 5.86834)
(7.12638 1.08966e-19 5.32778)
(6.28685 -8.20646e-20 5.10106)
(5.7952 -8.35375e-20 5.11603)
(5.54396 4.57861e-19 5.26849)
(5.4242 -2.96891e-19 5.46325)
(5.36087 0 5.6414)
(5.30829 0 5.77565)
(5.24305 4.18195e-19 5.85573)
(5.15553 3.51495e-19 5.87821)
(5.04334 1.66801e-19 5.84238)
(4.90732 0 5.74858)
(4.7495 1.01855e-19 5.59728)
(4.57221 7.57221e-20 5.38879)
(4.37655 0 5.12301)
(4.16375 0 4.8014)
(3.93527 -3.26398e-21 4.42585)
(3.69219 3.53049e-20 3.99718)
(3.43396 -7.79849e-20 3.51477)
(3.15772 1.03697e-20 2.98073)
(2.86284 0 2.40564)
(2.54799 -1.3175e-19 1.80966)
(2.21566 0 1.22374)
(1.86601 -1.27309e-19 0.657509)
(1.31765 -1.23781e-19 0.0677266)
(0.814145 9.83487e-20 -0.441275)
(0.366246 -7.18122e-20 -0.80192)
(-0.0949708 -1.07509e-22 -1.06434)
(-0.764828 -1.62054e-20 -1.19077)
(10.8816 -7.69072e-19 7.88719)
(10.1926 1.79554e-19 7.131)
(9.31907 -8.56683e-20 6.48695)
(8.46476 -8.06255e-20 6.01709)
(7.75923 1.98248e-19 5.73624)
(7.24228 0 5.63133)
(6.90412 2.68313e-19 5.65679)
(6.70431 -5.00707e-21 5.75036)
(6.59063 -1.12313e-19 5.85694)
(6.51801 -2.00009e-19 5.93948)
(6.45602 -1.74235e-19 5.9773)
(6.38727 0 5.96058)
(6.30325 0 5.88551)
(6.20065 -4.24277e-20 5.75109)
(6.07893 1.16968e-20 5.55759)
(5.9383 -1.87223e-20 5.30553)
(5.77925 -7.24897e-21 4.99636)
(5.60257 7.17008e-21 4.63204)
(5.40871 0 4.21403)
(5.19673 0 3.74332)
(4.96347 -9.55167e-20 3.22339)
(4.70499 6.36424e-21 2.66446)
(4.41675 1.26029e-19 2.08565)
(4.09639 -1.2835e-19 1.51584)
(3.74754 1.2822e-19 0.980403)
(3.36281 1.12231e-19 0.483382)
(2.79302 -2.00953e-22 -0.00705776)
(2.26853 0 -0.398307)
(1.7816 0 -0.652283)
(1.14526 1.56676e-20 -0.782721)
(11.7264 0 8.27551)
(11.431 -1.70575e-19 7.80674)
(10.9253 1.6504e-19 7.30953)
(10.308 -1.52058e-19 6.85658)
(9.67422 1.14894e-19 6.48446)
(9.09487 1.03103e-19 6.21841)
(8.6191 -3.33522e-20 6.06571)
(8.26824 -1.18622e-19 6.0094)
(8.03359 -5.08206e-20 6.01489)
(7.88728 4.51271e-20 6.04296)
(7.79667 -7.78192e-20 6.06024)
(7.73378 1.09945e-20 6.04345)
(7.6785 1.17596e-19 5.97876)
(7.6181 -3.17784e-20 5.85905)
(7.54539 2.02746e-20 5.68147)
(7.45654 9.49322e-20 5.44535)
(7.34954 -3.92497e-21 5.15161)
(7.22338 1.02622e-20 4.80212)
(7.07719 8.6347e-22 4.39907)
(6.90898 0 3.94503)
(6.71497 7.01546e-21 3.44509)
(6.4904 -1.69335e-21 2.91002)
(6.22984 1.68553e-21 2.3576)
(5.93017 2.35232e-19 1.81228)
(5.59324 0 1.29904)
(5.22561 1.01105e-19 0.839699)
(4.81572 0 0.434625)
(4.2605 6.42399e-20 0.0594094)
(3.73624 4.05231e-20 -0.219346)
(3.10844 0 -0.376121)
(12.2433 6.97025e-19 8.26847)
(12.2204 -8.62429e-19 8.06154)
(12.0293 -3.06779e-19 7.76356)
(11.6958 3.83181e-19 7.43249)
(11.269 2.73249e-19 7.10467)
(10.8024 -2.10083e-19 6.81033)
(10.3473 -6.76018e-20 6.57268)
(9.94633 -5.84309e-20 6.40191)
(9.62532 1.14254e-19 6.29297)
(9.39043 -1.70501e-19 6.22803)
(9.23159 1.79094e-19 6.18229)
(9.12975 -1.84104e-20 6.13077)
(9.06394 0 6.05287)
(9.01573 0 5.93416)
(8.97105 -7.07465e-20 5.7659)
(8.92004 4.65644e-20 5.54367)
(8.85599 0 5.26616)
(8.77437 -6.97155e-21 4.93418)
(8.67172 5.91305e-21 4.54999)
(8.54428 0 4.11715)
(8.38738 7.52421e-20 3.64191)
(8.19595 0 3.1353)
(7.96476 0 2.61375)
(7.691 -1.09496e-19 2.09847)
(7.37662 6.16312e-21 1.61184)
(7.027 -1.92996e-19 1.17461)
(6.65054 -7.63186e-20 0.802749)
(6.24417 -6.00187e-20 0.497475)
(5.74281 -4.0473e-20 0.240471)
(5.10112 3.008e-20 0.0563735)
(12.581 -6.87429e-19 8.05248)
(12.7215 1.0102e-18 8.03231)
(12.757 4.49414e-19 7.91205)
(12.6691 -6.70742e-19 7.72534)
(12.4715 -1.7078e-20 7.49885)
(12.1938 2.44572e-19 7.25724)
(11.8707 -2.4253e-19 7.02294)
(11.5375 0 6.81287)
(11.2263 9.81386e-20 6.63601)
(10.9605 8.72718e-20 6.49219)
(10.7519 -1.89652e-19 6.37274)
(10.6005 3.56195e-20 6.26305)
(10.4977 1.06627e-19 6.14632)
(10.4304 6.26248e-21 6.00689)
(10.3842 -3.49744e-21 5.83239)
(10.3463 0 5.61444)
(10.3059 6.0075e-20 5.34838)
(10.2545 1.34494e-21 5.03279)
(10.1852 -5.45765e-21 4.6688)
(10.0917 2.8762e-21 4.2599)
(9.96786 4.80537e-20 3.81255)
(9.80806 5.05251e-21 3.33741)
(9.60713 -1.05863e-20 2.84944)
(9.36255 5.53572e-21 2.36717)
(9.07636 0 1.91039)
(8.75346 8.07252e-21 1.49739)
(8.40173 7.30779e-20 1.14316)
(8.0316 5.15471e-20 0.858085)
(7.65285 -3.35657e-20 0.644234)
(7.13121 -7.59874e-22 0.486152)
(12.8282 0 7.72461)
(13.0521 -1.62144e-19 7.81748)
(13.2299 7.6731e-20 7.82844)
(13.3221 5.525e-19 7.76943)
(13.3203 -7.86502e-19 7.65445)
(13.2351 2.53904e-19 7.49905)
(13.0838 0 7.31945)
(12.8876 -1.47005e-19 7.13045)
(12.6699 1.03336e-19 6.94363)
(12.4537 1.65753e-19 6.76594)
(12.2577 -3.56597e-21 6.59889)
(12.0941 -1.26174e-19 6.43859)
(11.9676 -4.89011e-20 6.27695)
(11.8759 0 6.1036)
(11.812 5.33358e-20 5.90804)
(11.7662 5.9178e-20 5.6813)
(11.7281 -2.1032e-20 5.41698)
(11.6878 -2.57682e-21 5.11162)
(11.636 2.76972e-21 4.76476)
(11.5645 0 4.37886)
(11.4656 -8.43052e-20 3.95966)
(11.3326 0 3.51669)
(11.1603 0 3.06316)
(10.9459 0 2.615)
(10.691 -6.12184e-20 2.18935)
(10.3997 7.41154e-20 1.80234)
(10.0794 -1.15818e-20 1.46728)
(9.7394 -4.60311e-20 1.19331)
(9.39204 6.14433e-20 0.983979)
(8.9492 -2.68903e-20 0.837822)
(13.0279 1.70734e-19 7.34914)
(13.2862 -1.61195e-19 7.49758)
(13.5411 -7.47465e-20 7.58969)
(13.7488 0 7.6241)
(13.8905 -5.04817e-19 7.6042)
(13.9649 2.66864e-19 7.53656)
(13.9767 2.30104e-19 7.42994)
(13.9344 -5.03947e-20 7.29398)
(13.8503 4.66989e-20 7.13785)
(13.7396 -8.20723e-20 6.96909)
(13.6176 -7.2652e-20 6.79262)
(13.4984 -2.15719e-21 6.61024)
(13.3919 -1.62604e-19 6.4205)
(13.3037 4.98214e-20 6.21932)
(13.2348 0 6.00096)
(13.1819 -2.90034e-20 5.75933)
(13.139 -2.34242e-20 5.48918)
(13.0984 -2.69274e-20 5.18697)
(13.0519 -1.56177e-21 4.85152)
(12.9909 5.68991e-21 4.48441)
(12.9075 -3.81228e-20 4.09028)
(12.7946 0 3.67717)
(12.6468 0 3.25626)
(12.4613 5.3968e-20 2.84097)
(12.2384 1.23596e-19 2.44582)
(11.9818 6.03099e-20 2.0848)
(11.6975 -5.37584e-20 1.76967)
(11.3939 0 1.50872)
(11.0823 -3.22965e-21 1.30629)
(10.6866 0 1.16269)
(13.1976 1.67235e-19 6.96031)
(13.4644 2.36989e-19 7.12773)
(13.7533 -7.4479e-20 7.2604)
(14.0252 0 7.35189)
(14.259 -3.23821e-20 7.39949)
(14.4481 3.28002e-23 7.4033)
(14.5901 3.95646e-19 7.3657)
(14.6849 -4.17261e-19 7.29093)
(14.7361 -2.19704e-19 7.18415)
(14.7501 -1.72247e-19 7.05058)
(14.7361 1.38174e-19 6.89478)
(14.7036 -7.34472e-20 6.71999)
(14.662 5.11031e-20 6.52781)
(14.6185 9.63441e-20 6.31809)
(14.5778 0 6.08921)
(14.5414 0 5.83872)
(14.508 6.63536e-20 5.56403)
(14.4741 1.91551e-20 5.26328)
(14.4343 -1.1388e-20 4.93603)
(14.3822 -8.69115e-21 4.58384)
(14.3113 -2.47913e-21 4.21075)
(14.2154 8.11471e-21 3.82352)
(14.0897 1.85021e-20 3.43147)
(13.9316 -6.22814e-20 3.04582)
(13.7409 -6.55994e-20 2.67871)
(13.5203 -5.05553e-20 2.34203)
(13.275 5.59444e-20 2.04606)
(13.012 2.96845e-20 1.79842)
(12.7412 -2.28303e-20 1.60369)
(12.3963 1.80102e-20 1.46283)
(13.3437 -8.22583e-20 6.57196)
(13.6071 -3.3563e-22 6.73886)
(13.9053 -6.44028e-19 6.88529)
(14.206 5.26647e-19 7.00455)
(14.4903 5.55065e-19 7.092)
(14.7512 -1.82854e-21 7.14448)
(14.9835 2.69535e-20 7.16037)
(15.1831 0 7.13969)
(15.3477 1.74533e-19 7.08378)
(15.4776 1.56822e-19 6.99486)
(15.5757 -2.29559e-19 6.87548)
(15.6465 0 6.72813)
(15.6953 2.18209e-19 6.55486)
(15.7276 -2.85557e-19 6.35701)
(15.7476 8.76198e-20 6.13519)
(15.7584 -6.86094e-20 5.88945)
(15.7611 -4.61444e-20 5.61966)
(15.7551 3.0094e-20 5.32596)
(15.738 1.63555e-20 5.00935)
(15.7064 -2.64227e-20 4.67213)
(15.6559 2.3889e-21 4.31841)
(15.5823 0 3.95425)
(15.4824 0 3.58768)
(15.3542 0 3.22818)
(15.1978 0 2.886)
(15.0154 0 2.57121)
(14.8113 3.54867e-21 2.29277)
(14.5913 -2.93338e-20 2.05771)
(14.3641 -2.68717e-21 1.87078)
(14.0735 -1.82531e-20 1.73332)
(13.4686 7.36051e-19 6.18879)
(13.7239 -2.4222e-22 6.34637)
(14.019 0 6.49156)
(14.327 6.75381e-20 6.61903)
(14.6329 3.13237e-20 6.7245)
(14.9312 4.55627e-19 6.80415)
(15.2175 -4.47603e-19 6.85468)
(15.4862 0 6.87372)
(15.7326 0 6.85994)
(15.9537 0 6.81297)
(16.1479 7.19386e-21 6.73315)
(16.3155 8.21463e-20 6.62141)
(16.4579 1.78054e-20 6.47894)
(16.5771 1.0742e-19 6.307)
(16.6755 -7.81546e-20 6.10683)
(16.7549 2.07191e-19 5.87959)
(16.8167 -1.28134e-20 5.62656)
(16.8612 -1.8479e-21 5.34931)
(16.8878 -1.732e-20 5.05007)
(16.8947 5.10827e-20 4.73201)
(16.88 3.87931e-20 4.39956)
(16.8414 -7.2936e-21 4.05859)
(16.7771 7.59273e-21 3.71633)
(16.6864 -4.90171e-21 3.38108)
(16.5699 5.22957e-21 3.06173)
(16.4299 5.19441e-21 2.767)
(16.2702 -1.66721e-20 2.50482)
(16.0956 0 2.2817)
(15.9138 -1.01661e-20 2.10255)
(15.6795 1.07397e-20 1.96929)
(13.5734 -1.18609e-18 5.81214)
(13.8192 6.85717e-19 5.95716)
(14.1056 5.56209e-19 6.09393)
(14.4098 -5.78943e-19 6.21853)
(14.7194 0 6.3277)
(15.0316 -4.57162e-19 6.4182)
(15.3433 4.3183e-19 6.48665)
(15.6501 0 6.5299)
(15.9469 0 6.54534)
(16.2292 4.24596e-20 6.53099)
(16.4938 -7.39567e-20 6.48555)
(16.7379 -1.35273e-19 6.40841)
(16.9602 -5.81557e-20 6.29955)
(17.1597 9.82873e-20 6.15944)
(17.3364 -9.68768e-20 5.98898)
(17.4902 0 5.78945)
(17.6212 5.71461e-20 5.56253)
(17.7294 -1.02609e-19 5.31042)
(17.8143 8.87917e-21 5.03597)
(17.875 -2.41997e-20 4.74288)
(17.9105 5.51164e-22 4.43582)
(17.9199 -6.98068e-21 4.12053)
(17.9026 -8.14463e-21 3.80377)
(17.8587 -2.83376e-21 3.49303)
(17.7896 0 3.19624)
(17.6975 0 2.9212)
(17.5862 -1.60619e-20 2.67512)
(17.4601 1.19073e-21 2.46415)
(17.3256 3.21323e-21 2.29332)
(17.1493 -1.09138e-20 2.16509)
(13.6592 -7.74749e-20 5.4422)
(13.8953 5.80379e-19 5.57394)
(14.171 -2.10893e-20 5.69953)
(14.4659 -5.70683e-19 5.81596)
(14.7699 0 5.92088)
(15.0816 4.54605e-19 6.01188)
(15.3998 -4.29049e-19 6.08616)
(15.7214 3.87436e-19 6.14077)
(16.0424 -7.36456e-19 6.1729)
(16.3588 -3.48375e-19 6.17999)
(16.6664 0 6.15987)
(16.9618 2.61326e-19 6.11093)
(17.2417 -4.95439e-19 6.03213)
(17.5037 2.31538e-19 5.92307)
(17.7455 -4.97256e-20 5.78396)
(17.9655 8.63125e-20 5.61563)
(18.1622 0 5.41955)
(18.3345 -6.19365e-20 5.19789)
(18.4813 5.05312e-20 4.95354)
(18.6016 -9.15717e-21 4.69026)
(18.6945 -8.1528e-21 4.41265)
(18.7594 -7.04218e-21 4.12622)
(18.7964 -4.99558e-20 3.83725)
(18.806 0 3.55265)
(18.7897 1.35919e-20 3.2796)
(18.7501 -7.32375e-23 3.02523)
(18.6905 2.59837e-21 2.79621)
(18.615 8.91008e-22 2.59847)
(18.5294 6.64612e-21 2.4371)
(18.4125 0 2.31501)
(13.7271 -5.99333e-19 5.07885)
(13.9536 1.15719e-18 5.19766)
(14.2181 -5.59067e-19 5.31144)
(14.5018 3.23483e-20 5.41772)
(14.7956 1.53334e-20 5.51472)
(15.0992 0 5.60069)
(15.4127 -1.32935e-20 5.67349)
(15.7344 0 5.73073)
(16.0613 2.33481e-20 5.76992)
(16.3903 -8.49954e-20 5.78862)
(16.7179 0 5.7845)
(17.0406 -2.02151e-19 5.75553)
(17.3549 2.66781e-19 5.70014)
(17.6574 0 5.61729)
(17.9448 -1.41863e-19 5.50656)
(18.2144 3.60432e-19 5.3682)
(18.4636 -1.62923e-19 5.2032)
(18.6901 6.03082e-20 5.01332)
(18.892 -4.95337e-20 4.80113)
(19.0677 4.79303e-20 4.57005)
(19.216 -3.12217e-20 4.32432)
(19.3361 7.09478e-21 4.069)
(19.4278 5.62624e-20 3.80986)
(19.4918 1.21849e-20 3.55317)
(19.5295 -2.52424e-20 3.30548)
(19.5431 0 3.07332)
(19.5357 -2.4438e-21 2.86293)
(19.5112 5.41412e-22 2.67999)
(19.4745 -5.37569e-22 2.52962)
(19.4169 0 2.415)
(13.7783 0 4.72189)
(13.9957 0 4.8285)
(14.249 0 4.93079)
(14.5209 0 5.02658)
(14.803 4.72999e-19 5.11444)
(15.0952 -4.65674e-19 5.19302)
(15.3984 1.33913e-20 5.2607)
(15.7117 0 5.31559)
(16.0333 3.13177e-19 5.35572)
(16.3609 3.9501e-19 5.37905)
(16.6919 -3.0418e-19 5.38348)
(17.0233 5.76073e-19 5.36702)
(17.3519 -2.05707e-19 5.32797)
(17.6744 0 5.26504)
(17.9874 0 5.17743)
(18.2876 -8.96592e-20 5.06495)
(18.5718 8.5162e-20 4.9281)
(18.8371 0 4.76815)
(19.0808 0 4.58715)
(19.3008 -4.67117e-20 4.388)
(19.4953 0 4.17437)
(19.6631 -6.83672e-21 3.95074)
(19.8036 3.00912e-20 3.72222)
(19.9171 -1.81842e-20 3.4944)
(20.0046 -1.85236e-20 3.27319)
(20.068 2.71463e-20 3.06453)
(20.1099 -1.92795e-20 2.8742)
(20.1337 1.27385e-20 2.70759)
(20.1438 0 2.56968)
(20.1432 2.54931e-21 2.46378)
(13.8144 0 4.37109)
(14.023 3.48172e-20 4.46635)
(14.2656 0 4.55781)
(14.5258 0 4.64351)
(14.7957 -4.96724e-19 4.72219)
(15.0754 4.58956e-19 4.79278)
(15.3661 -1.31198e-20 4.85397)
(15.6672 0 4.90426)
(15.9777 -3.36808e-19 4.94214)
(16.296 -3.96418e-19 4.96598)
(16.6201 -2.67275e-19 4.97405)
(16.9479 3.01991e-19 4.96461)
(17.2766 1.91556e-19 4.93612)
(17.6035 -1.9066e-19 4.88731)
(17.9255 0 4.81728)
(18.2392 0 4.72562)
(18.5415 -8.32736e-20 4.6125)
(18.8292 0 4.47874)
(19.0994 -1.23597e-19 4.32592)
(19.3496 1.81785e-19 4.15635)
(19.5775 0 3.9731)
(19.7815 3.64502e-20 3.77996)
(19.9606 -2.31227e-20 3.58134)
(20.1146 5.79565e-20 3.38212)
(20.244 8.1621e-20 3.1875)
(20.3503 -2.64025e-20 3.00281)
(20.4354 1.87387e-20 2.83331)
(20.5024 -3.05282e-20 2.68398)
(20.5548 1.08979e-20 2.55954)
(20.6065 -2.4731e-21 2.46328)
(13.8368 0 4.02619)
(14.037 -5.72639e-19 4.11095)
(14.2693 5.60581e-19 4.19236)
(14.5184 4.71037e-19 4.26861)
(14.7764 -4.55208e-19 4.33859)
(15.0437 4.3584e-19 4.40137)
(15.3213 -4.26752e-19 4.45589)
(15.609 0 4.50093)
(15.9061 0 4.5353)
(16.2114 -2.91628e-19 4.55769)
(16.5236 5.9821e-19 4.56669)
(16.8408 -2.667e-19 4.5609)
(17.1612 0 4.53903)
(17.4824 -6.06401e-20 4.49999)
(17.8018 -2.15793e-19 4.44295)
(18.1165 2.1229e-19 4.36746)
(18.4235 -9.35053e-20 4.27353)
(18.72 0 4.1617)
(19.0029 0 4.03314)
(19.2697 5.71147e-20 3.88969)
(19.518 -1.14085e-19 3.73382)
(19.7459 4.77881e-20 3.56869)
(19.9521 -3.47826e-20 3.39798)
(20.136 -1.23333e-19 3.22588)
(20.2977 -4.49105e-20 3.05688)
(20.438 5.9861e-20 2.89563)
(20.5586 1.53562e-20 2.74682)
(20.6618 -5.12454e-21 2.61496)
(20.7506 -1.05966e-20 2.50433)
(20.8482 0 2.41812)
(13.8472 0 3.68689)
(14.0394 0 3.76198)
(14.262 -3.19024e-20 3.8341)
(14.5005 4.93625e-19 3.90161)
(14.7473 -4.7646e-19 3.96351)
(15.0025 4.30362e-19 4.01901)
(15.2674 -1.60798e-20 4.06719)
(15.5418 -1.64541e-20 4.10708)
(15.8251 -1.67833e-20 4.13768)
(16.1165 -2.60601e-20 4.15791)
(16.4148 3.27721e-19 4.16665)
(16.7187 8.79104e-22 4.16275)
(17.0267 0 4.14519)
(17.3369 0 4.11311)
(17.6471 0 4.06582)
(17.955 5.32815e-20 4.00292)
(18.2581 9.15504e-20 3.92438)
(18.5536 -8.66736e-20 3.83059)
(18.8391 -7.72789e-20 3.72245)
(19.1119 -5.58829e-20 3.6014)
(19.3699 1.22465e-19 3.46946)
(19.6111 4.99315e-21 3.3292)
(19.8341 0 3.18366)
(20.038 3.32275e-20 3.03637)
(20.2225 -2.93057e-20 2.89112)
(20.3881 -4.16831e-20 2.75194)
(20.536 -5.39122e-20 2.62286)
(20.6682 1.24712e-20 2.50788)
(20.7869 -4.95156e-21 2.41077)
(20.9231 -6.84465e-21 2.33447)
(13.8471 -5.16328e-19 3.35282)
(14.0318 -5.17236e-19 3.41899)
(14.2454 2.89833e-20 3.48254)
(14.4739 1.40998e-20 3.54201)
(14.7101 1.43865e-20 3.5965)
(14.9541 4.39071e-19 3.64531)
(15.2069 1.27947e-20 3.68768)
(15.4686 0 3.72279)
(15.7387 -3.54945e-19 3.74977)
(16.0165 -6.38682e-19 3.76774)
(16.3009 1.61825e-20 3.77579)
(16.5909 -2.03084e-20 3.773)
(16.8853 2.83309e-19 3.75858)
(17.1824 2.45691e-19 3.73182)
(17.4807 -2.41544e-19 3.6922)
(17.7781 9.85248e-20 3.63942)
(18.0726 -1.62442e-20 3.57343)
(18.3618 -9.76039e-20 3.49458)
(18.6435 7.56409e-20 3.40357)
(18.9156 -1.38084e-19 3.30158)
(19.1759 -6.2837e-20 3.19024)
(19.4227 1.03119e-19 3.07164)
(19.6545 -1.44767e-19 2.94831)
(19.8705 0 2.82314)
(20.0701 5.95105e-20 2.69933)
(20.2536 -2.25891e-20 2.58027)
(20.4218 5.87255e-20 2.4694)
(20.5762 -2.97338e-20 2.37015)
(20.7187 -1.85913e-20 2.28577)
(20.8863 6.66682e-21 2.21886)
(13.8383 5.04719e-19 3.02357)
(14.016 5.06598e-19 3.0815)
(14.221 -5.12066e-19 3.13715)
(14.4402 -4.61665e-19 3.18921)
(14.6666 1.34834e-20 3.23688)
(14.9001 4.29283e-19 3.2796)
(15.1418 7.5821e-23 3.3167)
(15.3918 0 3.34743)
(15.6496 3.29202e-19 3.37106)
(15.9145 3.45316e-19 3.38688)
(16.1858 3.09144e-19 3.39415)
(16.4625 -6.29118e-19 3.39218)
(16.7436 1.55369e-20 3.3803)
(17.0278 2.62987e-19 3.35795)
(17.3136 -5.95689e-20 3.3247)
(17.5995 -1.69609e-21 3.28035)
(17.8836 -5.00517e-20 3.22491)
(18.1641 -4.54721e-20 3.15865)
(18.4391 0 3.08219)
(18.7067 -3.73008e-21 2.99647)
(18.9652 6.7492e-21 2.90284)
(19.2128 1.21814e-19 2.80301)
(19.4485 4.61465e-20 2.69905)
(19.6711 -4.22691e-20 2.59335)
(19.8802 4.36859e-21 2.48855)
(20.076 -2.67048e-20 2.38748)
(20.2589 0 2.29302)
(20.4303 2.27229e-20 2.20806)
(20.5914 4.28046e-20 2.13533)
(20.7842 1.69553e-21 2.07708)
(13.8224 5.25926e-19 2.69867)
(13.9935 1.56699e-20 2.74899)
(14.1907 0 2.79734)
(14.4013 0 2.84256)
(14.6186 0 2.88398)
(14.8425 0 2.9211)
(15.0739 3.64697e-19 2.95336)
(15.3132 -3.82151e-19 2.98009)
(15.5598 3.69977e-19 3.00066)
(15.813 3.20529e-19 3.01449)
(16.0723 3.95138e-20 3.02103)
(16.3367 7.35547e-20 3.01973)
(16.6055 0 3.01003)
(16.8775 2.47894e-19 2.99146)
(17.1515 -1.85357e-19 2.96372)
(17.4262 2.08676e-19 2.92666)
(17.7 -1.57684e-19 2.8803)
(17.9714 4.45094e-20 2.8249)
(18.2387 1.56772e-19 2.76096)
(18.5005 -8.25379e-20 2.68929)
(18.7552 -1.30586e-19 2.61099)
(19.0013 5.24169e-20 2.52744)
(19.2379 -1.06874e-19 2.44036)
(19.464 -2.65708e-21 2.3517)
(19.6792 -3.44864e-20 2.26364)
(19.8834 5.59235e-20 2.17849)
(20.0771 1.9649e-20 2.09865)
(20.2614 -2.61362e-20 2.0265)
(20.4371 -1.3041e-20 1.96429)
(20.65 -8.92887e-21 1.91393)
(13.8011 5.13989e-19 2.37747)
(13.9662 -1.53389e-20 2.42071)
(14.1562 4.64894e-19 2.4623)
(14.359 -9.00107e-19 2.5012)
(14.568 4.37351e-19 2.53683)
(14.7831 -4.0342e-19 2.56876)
(15.0053 4.0794e-19 2.59652)
(15.2349 0 2.61956)
(15.4713 0 2.63734)
(15.714 -1.76633e-22 2.64939)
(15.9624 4.00031e-22 2.65526)
(16.2159 -3.62659e-20 2.65452)
(16.4735 0 2.64668)
(16.7345 -2.47421e-19 2.63141)
(16.9978 4.72212e-19 2.60849)
(17.2622 -1.16265e-19 2.57781)
(17.5264 5.06434e-20 2.53939)
(17.7892 0 2.49347)
(18.0491 0 2.44046)
(18.3049 0 2.38103)
(18.5552 1.92072e-19 2.31607)
(18.799 -6.47541e-20 2.24674)
(19.0351 0 2.17441)
(19.2629 4.29771e-20 2.10068)
(19.482 3.80229e-20 2.02731)
(19.6923 2.7149e-20 1.95622)
(19.8942 -2.51781e-21 1.88933)
(20.0884 3.53097e-20 1.82861)
(20.2756 2.22313e-20 1.77586)
(20.5045 8.70666e-21 1.73271)
(13.776 4.93733e-19 2.05947)
(13.9357 -4.8406e-19 2.09612)
(14.1191 0 2.13138)
(14.3148 -4.42164e-19 2.16438)
(14.5163 8.4006e-19 2.19461)
(14.7236 -4.07682e-19 2.2217)
(14.9376 3.76779e-19 2.24526)
(15.1585 -3.69729e-19 2.26487)
(15.3859 -3.16914e-19 2.28009)
(15.6192 -3.12019e-19 2.29051)
(15.8581 2.62691e-19 2.29575)
(16.1018 -1.31285e-20 2.29544)
(16.3497 -2.77446e-19 2.28924)
(16.601 0 2.27689)
(16.8547 -2.28279e-19 2.25823)
(17.11 1.70582e-19 2.23316)
(17.3657 -4.95524e-20 2.20174)
(17.6207 -1.76735e-19 2.16414)
(17.8738 2.9196e-19 2.12074)
(18.124 -1.5779e-19 2.07206)
(18.3701 9.41762e-20 2.01883)
(18.6112 -2.98494e-19 1.96198)
(18.8463 1.11536e-19 1.90263)
(19.075 0 1.84206)
(19.2968 -1.1073e-19 1.78169)
(19.5115 2.60999e-21 1.72306)
(19.7196 -2.54629e-21 1.66773)
(19.9217 -5.53684e-20 1.61726)
(20.1181 -2.16885e-20 1.5731)
(20.3599 0 1.5366)
(13.7487 0 1.74338)
(13.9035 -1.46578e-20 1.77383)
(14.0811 4.45413e-19 1.80315)
(14.2705 -8.59739e-19 1.83058)
(14.4655 4.18716e-19 1.85571)
(14.6658 3.88566e-19 1.87823)
(14.8724 -3.81233e-19 1.89783)
(15.0856 3.40289e-19 1.91419)
(15.3051 -3.87332e-19 1.92696)
(15.5303 8.02599e-21 1.93578)
(15.7609 -6.25167e-19 1.94034)
(15.9961 2.91616e-19 1.94035)
(16.2355 0 1.93558)
(16.4784 0 1.92581)
(16.7239 2.93269e-20 1.9109)
(16.9713 0 1.8908)
(17.2196 -5.02858e-20 1.86554)
(17.4678 0 1.83529)
(17.715 4.13163e-20 1.80034)
(17.9602 -1.44723e-19 1.76113)
(18.2024 1.76039e-19 1.71823)
(18.441 0 1.6724)
(18.675 4.57064e-20 1.6245)
(18.904 -1.40394e-19 1.57556)
(19.1276 7.97303e-20 1.52672)
(19.3458 6.31463e-20 1.47917)
(19.5587 0 1.43416)
(19.767 0 1.39292)
(19.9708 0 1.3566)
(20.2227 0 1.3263)
(13.7206 -7.42404e-21 1.42933)
(13.8712 2.14956e-20 1.45392)
(14.0437 0 1.47761)
(14.2276 3.29839e-21 1.49977)
(14.4169 -3.98731e-19 1.52008)
(14.6112 3.88323e-19 1.5383)
(14.8115 0 1.55419)
(15.0182 2.19108e-20 1.56748)
(15.2309 3.11958e-20 1.5779)
(15.4491 9.33864e-23 1.58515)
(15.6724 -2.55115e-19 1.589)
(15.9005 2.87175e-19 1.58924)
(16.1326 0 1.5857)
(16.3683 -2.41166e-19 1.57822)
(16.6069 2.08352e-19 1.56666)
(16.8475 0 1.551)
(17.0895 7.40835e-20 1.53127)
(17.332 -1.75733e-19 1.50761)
(17.5741 1.72941e-19 1.48023)
(17.815 -1.82558e-19 1.4495)
(18.0539 1.42316e-19 1.41585)
(18.2901 0 1.37987)
(18.523 2.55985e-20 1.34225)
(18.7521 2.32054e-20 1.30377)
(18.977 0 1.2653)
(19.1978 8.83698e-22 1.22779)
(19.4145 -2.17788e-20 1.19219)
(19.6276 3.02411e-21 1.15944)
(19.8373 0 1.13043)
(20.0973 0 1.10603)
(13.6933 -4.60721e-19 1.11375)
(13.8403 -7.00082e-21 1.13269)
(14.0085 -3.36486e-21 1.15092)
(14.1878 0 1.16797)
(14.3722 -3.86262e-22 1.18359)
(14.5615 2.95083e-21 1.19762)
(14.7566 0 1.20988)
(14.9577 -2.1477e-20 1.22014)
(15.1647 -1.01908e-20 1.22821)
(15.3771 -1.93219e-20 1.23386)
(15.5945 -1.82728e-20 1.23691)
(15.8165 1.73233e-20 1.2372)
(16.0426 0 1.23462)
(16.2724 0 1.22903)
(16.5052 2.21544e-19 1.22037)
(16.7403 -2.17809e-19 1.2086)
(16.9771 -2.43511e-20 1.19375)
(17.2148 2.26596e-20 1.17593)
(17.4527 -1.58721e-19 1.15531)
(17.69 1.21575e-20 1.13214)
(17.9262 2.70022e-19 1.10676)
(18.1604 -1.26724e-19 1.07961)
(18.3922 2.6209e-20 1.05119)
(18.6212 -6.53032e-20 1.0221)
(18.847 -1.31587e-20 0.992999)
(19.0697 3.22766e-20 0.964574)
(19.2892 -2.82865e-20 0.937549)
(19.506 7.07756e-21 0.912632)
(19.7202 -1.90151e-20 0.890483)
(19.9862 0 0.871807)
(13.6675 9.06619e-19 0.800462)
(13.8116 -8.70959e-19 0.814031)
(13.9763 4.28258e-19 0.827114)
(14.1519 0 0.839342)
(14.3324 3.77335e-22 0.850537)
(14.5175 2.88979e-21 0.860591)
(14.7083 -3.42532e-19 0.869385)
(14.905 3.52068e-19 0.876782)
(15.1074 3.24775e-19 0.882638)
(15.3152 3.18513e-19 0.886807)
(15.5278 0 0.889146)
(15.7451 2.31922e-19 0.889538)
(15.9664 -2.73635e-20 0.887887)
(16.1915 -2.45435e-19 0.884114)
(16.4197 0 0.878172)
(16.6504 0 0.870046)
(16.8831 0 0.85976)
(17.1171 6.38175e-20 0.847385)
(17.3517 -6.41366e-20 0.83304)
(17.5862 3.68416e-20 0.816899)
(17.8201 -1.67789e-20 0.7992)
(18.0527 5.65056e-20 0.780238)
(18.2837 -6.88727e-20 0.760372)
(18.5125 0 0.740011)
(18.7389 -1.62902e-20 0.719614)
(18.963 3.49254e-20 0.699671)
(19.1847 -1.08606e-20 0.680689)
(19.4043 2.87236e-20 0.663176)
(19.622 1.50668e-20 0.647601)
(19.893 2.00945e-21 0.634474)
(13.6447 2.19439e-19 0.477658)
(13.7866 -2.18563e-19 0.485741)
(13.9486 1.60505e-21 0.493535)
(14.1213 0 0.500784)
(14.2988 -1.86482e-19 0.507394)
(14.4809 1.86366e-21 0.513301)
(14.6685 -5.85292e-22 0.518432)
(14.8618 7.50554e-21 0.522709)
(15.0607 3.03221e-19 0.52606)
(15.2649 1.46532e-19 0.528407)
(15.474 0 0.529669)
(15.6876 1.65934e-20 0.529773)
(15.9054 1.30208e-19 0.52866)
(16.127 -5.60697e-21 0.526286)
(16.3518 -1.19612e-19 0.522621)
(16.5792 0 0.517661)
(16.8088 -9.19471e-20 0.511425)
(17.04 1.74984e-19 0.503957)
(17.272 -1.03162e-19 0.49533)
(17.5044 0 0.485648)
(17.7365 1.63911e-20 0.475051)
(17.9678 7.3713e-21 0.463714)
(18.1979 1.28923e-20 0.45185)
(18.4264 -2.09122e-20 0.439703)
(18.6531 1.26877e-20 0.427548)
(18.8779 1.72492e-20 0.415685)
(19.1008 0 0.404436)
(19.3223 -4.51449e-21 0.394151)
(19.5422 -5.62772e-21 0.385228)
(19.8154 1.16399e-21 0.378336)
(13.4149 1.70372e-21 0.16372)
(13.5536 1.82298e-21 0.166765)
(13.7122 1.00017e-19 0.169698)
(13.8814 0 0.172423)
(14.0554 0 0.174921)
(14.2339 0 0.177171)
(14.4177 0 0.179137)
(14.6073 7.69249e-20 0.180787)
(14.8022 -7.79768e-20 0.182094)
(15.0024 6.70653e-20 0.183032)
(15.2072 -1.38091e-19 0.183573)
(15.4165 6.65543e-20 0.183692)
(15.6298 7.67239e-21 0.183365)
(15.8468 5.63347e-20 0.182575)
(16.0668 -4.86362e-20 0.181309)
(16.2894 -2.44421e-20 0.179563)
(16.514 2.40391e-20 0.177344)
(16.74 2.07913e-20 0.174665)
(16.9668 -2.04609e-20 0.171551)
(17.1938 1.72197e-20 0.168037)
(17.4204 -1.69567e-20 0.164171)
(17.6462 6.51019e-21 0.160015)
(17.8705 -1.35276e-20 0.15564)
(18.0932 0 0.151135)
(18.3139 -9.36697e-21 0.146597)
(18.5326 0 0.142134)
(18.7493 0 0.137871)
(18.9645 4.42101e-21 0.133964)
(19.1785 0 0.130632)
(19.4457 -1.13978e-21 0.128481)
)
;

boundaryField
{
    inlet
    {
        type            fixedValue;
        value           uniform (10 0 0);
    }
    outlet
    {
        type            zeroGradient;
    }
    flap
    {
        type            movingWallVelocity;
        value           nonuniform List<vector> 
33
(
(0 0 0)
(0 0 0)
(4.51354e-15 2.77556e-14 2.70011e-14)
(0 0 0)
(6.16647e-17 0 2.22897e-16)
(0 0 0)
(-1.80316e-14 0 -4.88561e-14)
(-4.0787e-14 0 -1.00053e-13)
(-4.09192e-14 0 -9.30226e-14)
(0 0 0)
(0 2.77556e-14 0)
(-5.45997e-15 -2.77556e-14 -1.10333e-14)
(-5.00638e-14 0 -9.98355e-14)
(-5.61685e-15 6.71158e-32 -1.11512e-14)
(-1.12756e-14 0 -2.23335e-14)
(4.45917e-14 0 -2.24496e-14)
(4.50438e-16 0 -2.27513e-16)
(4.42494e-14 3.39354e-32 -2.23232e-14)
(0 -2.77556e-14 0)
(-1.51041e-15 0 -1.44454e-14)
(0 0 0)
(0 0 0)
(0 0 0)
(-1.76632e-14 0 -5.42793e-14)
(0 0 0)
(3.9598e-15 2.77556e-14 9.70704e-15)
(-4.54394e-14 5.33646e-32 -1.03239e-13)
(0 0 0)
(-5.25553e-15 -2.77556e-14 -1.08743e-14)
(-4.41376e-14 -2.77556e-14 -8.91766e-14)
(5.56384e-14 0 1.10958e-13)
(-1.00448e-13 -2.77556e-14 -1.99409e-13)
(-4.46691e-14 -2.77556e-14 -8.84681e-14)
)
;
    }
    upperWall
    {
        type            noSlip;
    }
    lowerWall
    {
        type            noSlip;
    }
    frontAndBack
    {
        type            empty;
    }
}


// ************************************************************************* //
