/*--------------------------------*- C++ -*----------------------------------*\
| =========                 |                                                 |
| \\      /  F ield         | OpenFOAM: The Open Source CFD Toolbox           |
|  \\    /   O peration     | Version:  dev                                   |
|   \\  /    A nd           | Web:      www.OpenFOAM.org                      |
|    \\/     M anipulation  |                                                 |
\*---------------------------------------------------------------------------*/
FoamFile
{
    version     2.0;
    format      ascii;
    class       vectorField;
    location    "2.39/polyMesh";
    object      points;
}
// * * * * * * * * * * * * * * * * * * * * * * * * * * * * * * * * * * * * * //


1030
(
(-3 0.3 0)
(-2.84061 0.3 0)
(-2.68707 0.3 0)
(-2.5399 0.3 0)
(-2.3987 0.3 0)
(-2.26308 0.3 0)
(-2.13269 0.3 0)
(-2.00724 0.3 0)
(-1.88644 0.3 0)
(-1.77005 0.3 0)
(-1.65786 0.3 0)
(-1.54965 0.3 0)
(-1.44525 0.3 0)
(-1.3445 0.3 0)
(-1.24723 0.3 0)
(-1.15331 0.3 0)
(-1.0626 0.3 0)
(-0.974976 0.3 0)
(-0.890303 0.3 0)
(-0.80846 0.3 0)
(-0.729319 0.3 0)
(-0.652751 0.3 0)
(-3 0.3 0.0666667)
(-2.84059 0.3 0.0664491)
(-2.68704 0.3 0.0662535)
(-2.53985 0.3 0.0660827)
(-2.39863 0.3 0.065932)
(-2.263 0.3 0.0657982)
(-2.13259 0.3 0.0656792)
(-2.00712 0.3 0.0655733)
(-1.8863 0.3 0.0654798)
(-1.76988 0.3 0.0653985)
(-1.65766 0.3 0.0653293)
(-1.54942 0.3 0.0652732)
(-1.44498 0.3 0.0652316)
(-1.34419 0.3 0.0652057)
(-1.24687 0.3 0.0651979)
(-1.1529 0.3 0.0652111)
(-1.06213 0.3 0.0652484)
(-0.974429 0.3 0.0653139)
(-0.889675 0.3 0.0654123)
(-0.807738 0.3 0.0655487)
(-0.728488 0.3 0.0657295)
(-0.651792 0.3 0.0659619)
(-3 0.3 0.133333)
(-2.84054 0.3 0.132898)
(-2.68694 0.3 0.132506)
(-2.53971 0.3 0.132164)
(-2.39844 0.3 0.131862)
(-2.26275 0.3 0.131594)
(-2.13229 0.3 0.131355)
(-2.00676 0.3 0.131142)
(-1.88587 0.3 0.130954)
(-1.76937 0.3 0.13079)
(-1.65706 0.3 0.130651)
(-1.54873 0.3 0.130538)
(-1.44418 0.3 0.130453)
(-1.34326 0.3 0.130398)
(-1.2458 0.3 0.130378)
(-1.15166 0.3 0.1304)
(-1.0607 0.3 0.130468)
(-0.972794 0.3 0.130592)
(-0.887798 0.3 0.130779)
(-0.805583 0.3 0.13104)
(-0.726011 0.3 0.131386)
(-0.648938 0.3 0.131831)
(-3 0.3 0.2)
(-2.84045 0.3 0.199346)
(-2.68678 0.3 0.198759)
(-2.53947 0.3 0.198246)
(-2.39812 0.3 0.197792)
(-2.26235 0.3 0.197389)
(-2.1318 0.3 0.197029)
(-2.00616 0.3 0.196708)
(-1.88515 0.3 0.196423)
(-1.76853 0.3 0.196174)
(-1.65608 0.3 0.195962)
(-1.54758 0.3 0.195788)
(-1.44285 0.3 0.195653)
(-1.34171 0.3 0.195563)
(-1.24402 0.3 0.195525)
(-1.14961 0.3 0.195545)
(-1.05835 0.3 0.195633)
(-0.970087 0.3 0.195799)
(-0.884692 0.3 0.196057)
(-0.80202 0.3 0.196419)
(-0.721916 0.3 0.1969)
(-0.644223 0.3 0.197518)
(-3 0.3 0.266667)
(-2.84034 0.3 0.265796)
(-2.68656 0.3 0.265013)
(-2.53914 0.3 0.264328)
(-2.39768 0.3 0.263723)
(-2.26179 0.3 0.263185)
(-2.13111 0.3 0.262703)
(-2.00533 0.3 0.262273)
(-1.88417 0.3 0.26189)
(-1.76737 0.3 0.261552)
(-1.65471 0.3 0.261262)
(-1.54599 0.3 0.26102)
(-1.441 0.3 0.260829)
(-1.33958 0.3 0.260696)
(-1.24156 0.3 0.260627)
(-1.14678 0.3 0.260632)
(-1.05509 0.3 0.260722)
(-0.966348 0.3 0.260908)
(-0.880398 0.3 0.261207)
(-0.797093 0.3 0.261635)
(-0.71626 0.3 0.262207)
(-0.637717 0.3 0.262943)
(-3 0.3 0.333333)
(-2.8402 0.3 0.332245)
(-2.68628 0.3 0.331267)
(-2.53873 0.3 0.33041)
(-2.39712 0.3 0.329654)
(-2.26108 0.3 0.32898)
(-2.13024 0.3 0.328375)
(-2.00428 0.3 0.327833)
(-1.88291 0.3 0.327348)
(-1.76589 0.3 0.326918)
(-1.65298 0.3 0.326544)
(-1.54397 0.3 0.326228)
(-1.43866 0.3 0.325973)
(-1.33688 0.3 0.325784)
(-1.23844 0.3 0.325671)
(-1.1432 0.3 0.325644)
(-1.05098 0.3 0.325713)
(-0.961621 0.3 0.325892)
(-0.87497 0.3 0.326196)
(-0.790865 0.3 0.326644)
(-0.709117 0.3 0.327253)
(-0.629512 0.3 0.328038)
(-3 0.3 0.4)
(-2.84004 0.3 0.398696)
(-2.68595 0.3 0.397522)
(-2.53823 0.3 0.396493)
(-2.39646 0.3 0.395584)
(-2.26023 0.3 0.394773)
(-2.12919 0.3 0.394043)
(-2.00301 0.3 0.393386)
(-1.8814 0.3 0.392795)
(-1.7641 0.3 0.392268)
(-1.65089 0.3 0.391804)
(-1.54154 0.3 0.391405)
(-1.43585 0.3 0.391075)
(-1.33363 0.3 0.390819)
(-1.2347 0.3 0.390645)
(-1.13889 0.3 0.390564)
(-1.04604 0.3 0.390588)
(-0.955963 0.3 0.390728)
(-0.868482 0.3 0.390997)
(-0.783423 0.3 0.391414)
(-0.700585 0.3 0.391993)
(-0.619724 0.3 0.392746)
(-3 0.3 0.466667)
(-2.83984 0.3 0.465148)
(-2.68556 0.3 0.46378)
(-2.53765 0.3 0.46258)
(-2.39568 0.3 0.461517)
(-2.25924 0.3 0.460566)
(-2.12797 0.3 0.459709)
(-2.00154 0.3 0.458934)
(-1.87965 0.3 0.458233)
(-1.76204 0.3 0.457603)
(-1.64847 0.3 0.457042)
(-1.53873 0.3 0.456553)
(-1.4326 0.3 0.456137)
(-1.32987 0.3 0.455798)
(-1.23038 0.3 0.455545)
(-1.13393 0.3 0.455386)
(-1.04034 0.3 0.455334)
(-0.949438 0.3 0.455397)
(-0.861012 0.3 0.455587)
(-0.774862 0.3 0.455916)
(-0.690776 0.3 0.456395)
(-0.608488 0.3 0.457029)
(-3 0.3 0.533333)
(-2.83962 0.3 0.531601)
(-2.68513 0.3 0.530041)
(-2.537 0.3 0.52867)
(-2.39481 0.3 0.527454)
(-2.25813 0.3 0.526363)
(-2.1266 0.3 0.525376)
(-1.99988 0.3 0.52448)
(-1.87768 0.3 0.523666)
(-1.75972 0.3 0.522927)
(-1.64576 0.3 0.522262)
(-1.53557 0.3 0.521671)
(-1.42894 0.3 0.521155)
(-1.32566 0.3 0.520717)
(-1.22553 0.3 0.520365)
(-1.12836 0.3 0.520104)
(-1.03396 0.3 0.519943)
(-0.942127 0.3 0.51989)
(-0.852654 0.3 0.519954)
(-0.765302 0.3 0.520137)
(-0.679836 0.3 0.520443)
(-0.595969 0.3 0.520866)
(-3 0.3 0.6)
(-2.83938 0.3 0.598057)
(-2.68465 0.3 0.596305)
(-2.53628 0.3 0.594764)
(-2.39384 0.3 0.593393)
(-2.2569 0.3 0.592161)
(-2.12508 0.3 0.591043)
(-1.99805 0.3 0.590024)
(-1.8755 0.3 0.589091)
(-1.75715 0.3 0.588238)
(-1.64276 0.3 0.587459)
(-1.53209 0.3 0.586755)
(-1.42491 0.3 0.586124)
(-1.32101 0.3 0.585571)
(-1.2202 0.3 0.5851)
(-1.12225 0.3 0.584713)
(-1.02696 0.3 0.584413)
(-0.934127 0.3 0.584205)
(-0.843515 0.3 0.584094)
(-0.754869 0.3 0.584072)
(-0.667915 0.3 0.584131)
(-0.582338 0.3 0.584251)
(-3 0.3 0.666667)
(-2.83911 0.3 0.664514)
(-2.68412 0.3 0.662571)
(-2.5355 0.3 0.66086)
(-2.39279 0.3 0.659336)
(-2.25556 0.3 0.657961)
(-2.12343 0.3 0.656709)
(-1.99606 0.3 0.655562)
(-1.87313 0.3 0.654507)
(-1.75437 0.3 0.653532)
(-1.63951 0.3 0.652633)
(-1.52832 0.3 0.651807)
(-1.42055 0.3 0.651051)
(-1.316 0.3 0.650367)
(-1.21445 0.3 0.649755)
(-1.11567 0.3 0.649216)
(-1.01944 0.3 0.648746)
(-0.925535 0.3 0.648345)
(-0.833713 0.3 0.64801)
(-0.743701 0.3 0.647727)
(-0.655178 0.3 0.647469)
(-0.567797 0.3 0.647201)
(-3 0.3 0.733333)
(-2.83883 0.3 0.730974)
(-2.68356 0.3 0.728842)
(-2.53466 0.3 0.726963)
(-2.39166 0.3 0.725284)
(-2.25413 0.3 0.723765)
(-2.12167 0.3 0.722378)
(-1.99393 0.3 0.721101)
(-1.8706 0.3 0.719919)
(-1.7514 0.3 0.718818)
(-1.63604 0.3 0.717791)
(-1.5243 0.3 0.716833)
(-1.41592 0.3 0.715939)
(-1.31067 0.3 0.715107)
(-1.20834 0.3 0.714334)
(-1.10868 0.3 0.713617)
(-1.01148 0.3 0.71295)
(-0.916466 0.3 0.712321)
(-0.823391 0.3 0.711719)
(-0.731962 0.3 0.711123)
(-0.641822 0.3 0.710486)
(-0.552593 0.3 0.709755)
(-3 0.3 0.8)
(-2.83853 0.3 0.797438)
(-2.68297 0.3 0.79512)
(-2.53377 0.3 0.793073)
(-2.39047 0.3 0.791241)
(-2.25261 0.3 0.789579)
(-2.1198 0.3 0.788056)
(-1.99169 0.3 0.786646)
(-1.86794 0.3 0.785332)
(-1.74826 0.3 0.784098)
(-1.63239 0.3 0.782935)
(-1.52006 0.3 0.781834)
(-1.41104 0.3 0.780789)
(-1.30508 0.3 0.779796)
(-1.20194 0.3 0.778846)
(-1.10139 0.3 0.77793)
(-1.00318 0.3 0.777038)
(-0.907037 0.3 0.776151)
(-0.812686 0.3 0.775246)
(-0.719812 0.3 0.774287)
(-0.628042 0.3 0.773218)
(-0.53697 0.3 0.771965)
(-3 0.3 0.866667)
(-2.83822 0.3 0.863905)
(-2.68235 0.3 0.861404)
(-2.53285 0.3 0.859192)
(-2.38923 0.3 0.857207)
(-2.25103 0.3 0.855402)
(-2.11786 0.3 0.853741)
(-1.98934 0.3 0.852195)
(-1.86515 0.3 0.850745)
(-1.74499 0.3 0.849372)
(-1.62858 0.3 0.848067)
(-1.51566 0.3 0.846817)
(-1.40597 0.3 0.845613)
(-1.29928 0.3 0.844446)
(-1.19533 0.3 0.843303)
(-1.09386 0.3 0.842169)
(-0.994635 0.3 0.841029)
(-0.897364 0.3 0.839858)
(-0.801739 0.3 0.838618)
(-0.707428 0.3 0.837261)
(-0.614057 0.3 0.835721)
(-0.521195 0.3 0.833904)
(-3 0.3 0.933333)
(-2.83789 0.3 0.930376)
(-2.6817 0.3 0.927695)
(-2.53188 0.3 0.925319)
(-2.38794 0.3 0.923183)
(-2.24939 0.3 0.921235)
(-2.11584 0.3 0.919435)
(-1.98691 0.3 0.917752)
(-1.86227 0.3 0.916163)
(-1.74161 0.3 0.91465)
(-1.62465 0.3 0.913197)
(-1.51113 0.3 0.911792)
(-1.40078 0.3 0.91042)
(-1.29335 0.3 0.909066)
(-1.18857 0.3 0.907717)
(-1.0862 0.3 0.906352)
(-0.985964 0.3 0.904949)
(-0.887577 0.3 0.903474)
(-0.790705 0.3 0.901877)
(-0.695005 0.3 0.9001)
(-0.600106 0.3 0.898065)
(-0.505543 0.3 0.895657)
(-3 0.3 1)
(-2.83756 0.3 0.99685)
(-2.68104 0.3 0.993991)
(-2.53089 0.3 0.991454)
(-2.3866 0.3 0.989167)
(-2.24769 0.3 0.987075)
(-2.11375 0.3 0.985135)
(-1.98439 0.3 0.983313)
(-1.85929 0.3 0.981583)
(-1.73812 0.3 0.979924)
(-1.62061 0.3 0.978319)
(-1.50647 0.3 0.976749)
(-1.39545 0.3 0.9752)
(-1.28727 0.3 0.973652)
(-1.18168 0.3 0.972087)
(-1.07841 0.3 0.970479)
(-0.977185 0.3 0.968798)
(-0.877701 0.3 0.967001)
(-0.779627 0.3 0.965033)
(-0.682614 0.3 0.962823)
(-0.586279 0.3 0.960281)
(-0.490143 0.3 0.957275)
(-3 0 0)
(-2.84061 0 0)
(-2.68707 0 0)
(-2.5399 0 0)
(-2.3987 0 0)
(-2.26308 0 0)
(-2.13269 0 0)
(-2.00724 0 0)
(-1.88644 0 0)
(-1.77005 0 0)
(-1.65786 0 0)
(-1.54965 0 0)
(-1.44525 0 0)
(-1.3445 0 0)
(-1.24723 0 0)
(-1.15331 0 0)
(-1.0626 0 0)
(-0.974976 0 0)
(-0.890303 0 0)
(-0.80846 0 0)
(-0.729319 0 0)
(-0.652751 0 0)
(-3 0 0.0666667)
(-2.84059 0 0.0664491)
(-2.68704 0 0.0662535)
(-2.53985 0 0.0660827)
(-2.39863 0 0.065932)
(-2.263 0 0.0657982)
(-2.13259 0 0.0656792)
(-2.00712 0 0.0655733)
(-1.8863 0 0.0654798)
(-1.76988 0 0.0653985)
(-1.65766 0 0.0653293)
(-1.54942 0 0.0652732)
(-1.44498 0 0.0652316)
(-1.34419 0 0.0652057)
(-1.24687 0 0.0651979)
(-1.1529 0 0.0652111)
(-1.06213 0 0.0652484)
(-0.974429 0 0.0653139)
(-0.889675 0 0.0654123)
(-0.807738 0 0.0655487)
(-0.728488 0 0.0657295)
(-0.651792 0 0.0659619)
(-3 0 0.133333)
(-2.84054 0 0.132898)
(-2.68694 0 0.132506)
(-2.53971 0 0.132164)
(-2.39844 0 0.131862)
(-2.26275 0 0.131594)
(-2.13229 0 0.131355)
(-2.00676 0 0.131142)
(-1.88587 0 0.130954)
(-1.76937 0 0.13079)
(-1.65706 0 0.130651)
(-1.54873 0 0.130538)
(-1.44418 0 0.130453)
(-1.34326 0 0.130398)
(-1.2458 0 0.130378)
(-1.15166 0 0.1304)
(-1.0607 0 0.130468)
(-0.972794 0 0.130592)
(-0.887798 0 0.130779)
(-0.805583 0 0.13104)
(-0.726011 0 0.131386)
(-0.648938 0 0.131831)
(-3 0 0.2)
(-2.84045 0 0.199346)
(-2.68678 0 0.198759)
(-2.53947 0 0.198246)
(-2.39812 0 0.197792)
(-2.26235 0 0.197389)
(-2.1318 0 0.197029)
(-2.00616 0 0.196708)
(-1.88515 0 0.196423)
(-1.76853 0 0.196174)
(-1.65608 0 0.195962)
(-1.54758 0 0.195788)
(-1.44285 0 0.195653)
(-1.34171 0 0.195563)
(-1.24402 0 0.195525)
(-1.14961 0 0.195545)
(-1.05835 0 0.195633)
(-0.970087 0 0.195799)
(-0.884692 0 0.196057)
(-0.80202 0 0.196419)
(-0.721916 0 0.1969)
(-0.644223 0 0.197518)
(-3 0 0.266667)
(-2.84034 0 0.265796)
(-2.68656 0 0.265013)
(-2.53914 0 0.264328)
(-2.39768 0 0.263723)
(-2.26179 0 0.263185)
(-2.13111 0 0.262703)
(-2.00533 0 0.262273)
(-1.88417 0 0.26189)
(-1.76737 0 0.261552)
(-1.65471 0 0.261262)
(-1.54599 0 0.26102)
(-1.441 0 0.260829)
(-1.33958 0 0.260696)
(-1.24156 0 0.260627)
(-1.14678 0 0.260632)
(-1.05509 0 0.260722)
(-0.966348 0 0.260908)
(-0.880398 0 0.261207)
(-0.797093 0 0.261635)
(-0.71626 0 0.262207)
(-0.637717 0 0.262943)
(-3 0 0.333333)
(-2.8402 0 0.332245)
(-2.68628 0 0.331267)
(-2.53873 0 0.33041)
(-2.39712 0 0.329654)
(-2.26108 0 0.32898)
(-2.13024 0 0.328375)
(-2.00428 0 0.327833)
(-1.88291 0 0.327348)
(-1.76589 0 0.326918)
(-1.65298 0 0.326544)
(-1.54397 0 0.326228)
(-1.43866 0 0.325973)
(-1.33688 0 0.325784)
(-1.23844 0 0.325671)
(-1.1432 0 0.325644)
(-1.05098 0 0.325713)
(-0.961621 0 0.325892)
(-0.87497 0 0.326196)
(-0.790865 0 0.326644)
(-0.709117 0 0.327253)
(-0.629512 0 0.328038)
(-3 0 0.4)
(-2.84004 0 0.398696)
(-2.68595 0 0.397522)
(-2.53823 0 0.396493)
(-2.39646 0 0.395584)
(-2.26023 0 0.394773)
(-2.12919 0 0.394043)
(-2.00301 0 0.393386)
(-1.8814 0 0.392795)
(-1.7641 0 0.392268)
(-1.65089 0 0.391804)
(-1.54154 0 0.391405)
(-1.43585 0 0.391075)
(-1.33363 0 0.390819)
(-1.2347 0 0.390645)
(-1.13889 0 0.390564)
(-1.04604 0 0.390588)
(-0.955963 0 0.390728)
(-0.868482 0 0.390997)
(-0.783423 0 0.391414)
(-0.700585 0 0.391993)
(-0.619724 0 0.392746)
(-3 0 0.466667)
(-2.83984 0 0.465148)
(-2.68556 0 0.46378)
(-2.53765 0 0.46258)
(-2.39568 0 0.461517)
(-2.25924 0 0.460566)
(-2.12797 0 0.459709)
(-2.00154 0 0.458934)
(-1.87965 0 0.458233)
(-1.76204 0 0.457603)
(-1.64847 0 0.457042)
(-1.53873 0 0.456553)
(-1.4326 0 0.456137)
(-1.32987 0 0.455798)
(-1.23038 0 0.455545)
(-1.13393 0 0.455386)
(-1.04034 0 0.455334)
(-0.949438 0 0.455397)
(-0.861012 0 0.455587)
(-0.774862 0 0.455916)
(-0.690776 0 0.456395)
(-0.608488 0 0.457029)
(-3 0 0.533333)
(-2.83962 0 0.531601)
(-2.68513 0 0.530041)
(-2.537 0 0.52867)
(-2.39481 0 0.527454)
(-2.25813 0 0.526363)
(-2.1266 0 0.525376)
(-1.99988 0 0.52448)
(-1.87768 0 0.523666)
(-1.75972 0 0.522927)
(-1.64576 0 0.522262)
(-1.53557 0 0.521671)
(-1.42894 0 0.521155)
(-1.32566 0 0.520717)
(-1.22553 0 0.520365)
(-1.12836 0 0.520104)
(-1.03396 0 0.519943)
(-0.942127 0 0.51989)
(-0.852654 0 0.519954)
(-0.765302 0 0.520137)
(-0.679836 0 0.520443)
(-0.595969 0 0.520866)
(-3 0 0.6)
(-2.83938 0 0.598057)
(-2.68465 0 0.596305)
(-2.53628 0 0.594764)
(-2.39384 0 0.593393)
(-2.2569 0 0.592161)
(-2.12508 0 0.591043)
(-1.99805 0 0.590024)
(-1.8755 0 0.589091)
(-1.75715 0 0.588238)
(-1.64276 0 0.587459)
(-1.53209 0 0.586755)
(-1.42491 0 0.586124)
(-1.32101 0 0.585571)
(-1.2202 0 0.5851)
(-1.12225 0 0.584713)
(-1.02696 0 0.584413)
(-0.934127 0 0.584205)
(-0.843515 0 0.584094)
(-0.754869 0 0.584072)
(-0.667915 0 0.584131)
(-0.582338 0 0.584251)
(-3 0 0.666667)
(-2.83911 0 0.664514)
(-2.68412 0 0.662571)
(-2.5355 0 0.66086)
(-2.39279 0 0.659336)
(-2.25556 0 0.657961)
(-2.12343 0 0.656709)
(-1.99606 0 0.655562)
(-1.87313 0 0.654507)
(-1.75437 0 0.653532)
(-1.63951 0 0.652633)
(-1.52832 0 0.651807)
(-1.42055 0 0.651051)
(-1.316 0 0.650367)
(-1.21445 0 0.649755)
(-1.11567 0 0.649216)
(-1.01944 0 0.648746)
(-0.925535 0 0.648345)
(-0.833713 0 0.64801)
(-0.743701 0 0.647727)
(-0.655178 0 0.647469)
(-0.567797 0 0.647201)
(-3 0 0.733333)
(-2.83883 0 0.730974)
(-2.68356 0 0.728842)
(-2.53466 0 0.726963)
(-2.39166 0 0.725284)
(-2.25413 0 0.723765)
(-2.12167 0 0.722378)
(-1.99393 0 0.721101)
(-1.8706 0 0.719919)
(-1.7514 0 0.718818)
(-1.63604 0 0.717791)
(-1.5243 0 0.716833)
(-1.41592 0 0.715939)
(-1.31067 0 0.715107)
(-1.20834 0 0.714334)
(-1.10868 0 0.713617)
(-1.01148 0 0.71295)
(-0.916466 0 0.712321)
(-0.823391 0 0.711719)
(-0.731962 0 0.711123)
(-0.641822 0 0.710486)
(-0.552593 0 0.709755)
(-3 0 0.8)
(-2.83853 0 0.797438)
(-2.68297 0 0.79512)
(-2.53377 0 0.793073)
(-2.39047 0 0.791241)
(-2.25261 0 0.789579)
(-2.1198 0 0.788056)
(-1.99169 0 0.786646)
(-1.86794 0 0.785332)
(-1.74826 0 0.784098)
(-1.63239 0 0.782935)
(-1.52006 0 0.781834)
(-1.41104 0 0.780789)
(-1.30508 0 0.779796)
(-1.20194 0 0.778846)
(-1.10139 0 0.77793)
(-1.00318 0 0.777038)
(-0.907037 0 0.776151)
(-0.812686 0 0.775246)
(-0.719812 0 0.774287)
(-0.628042 0 0.773218)
(-0.53697 0 0.771965)
(-3 0 0.866667)
(-2.83822 0 0.863905)
(-2.68235 0 0.861404)
(-2.53285 0 0.859192)
(-2.38923 0 0.857207)
(-2.25103 0 0.855402)
(-2.11786 0 0.853741)
(-1.98934 0 0.852195)
(-1.86515 0 0.850745)
(-1.74499 0 0.849372)
(-1.62858 0 0.848067)
(-1.51566 0 0.846817)
(-1.40597 0 0.845613)
(-1.29928 0 0.844446)
(-1.19533 0 0.843303)
(-1.09386 0 0.842169)
(-0.994635 0 0.841029)
(-0.897364 0 0.839858)
(-0.801739 0 0.838618)
(-0.707428 0 0.837261)
(-0.614057 0 0.835721)
(-0.521195 0 0.833904)
(-3 0 0.933333)
(-2.83789 0 0.930376)
(-2.6817 0 0.927695)
(-2.53188 0 0.925319)
(-2.38794 0 0.923183)
(-2.24939 0 0.921235)
(-2.11584 0 0.919435)
(-1.98691 0 0.917752)
(-1.86227 0 0.916163)
(-1.74161 0 0.91465)
(-1.62465 0 0.913197)
(-1.51113 0 0.911792)
(-1.40078 0 0.91042)
(-1.29335 0 0.909066)
(-1.18857 0 0.907717)
(-1.0862 0 0.906352)
(-0.985964 0 0.904949)
(-0.887577 0 0.903474)
(-0.790705 0 0.901877)
(-0.695005 0 0.9001)
(-0.600106 0 0.898065)
(-0.505543 0 0.895657)
(-3 0 1)
(-2.83756 0 0.99685)
(-2.68104 0 0.993991)
(-2.53089 0 0.991454)
(-2.3866 0 0.989167)
(-2.24769 0 0.987075)
(-2.11375 0 0.985135)
(-1.98439 0 0.983313)
(-1.85929 0 0.981583)
(-1.73812 0 0.979924)
(-1.62061 0 0.978319)
(-1.50647 0 0.976749)
(-1.39545 0 0.9752)
(-1.28727 0 0.973652)
(-1.18168 0 0.972087)
(-1.07841 0 0.970479)
(-0.977185 0 0.968798)
(-0.877701 0 0.967001)
(-0.779627 0 0.965033)
(-0.682614 0 0.962823)
(-0.586279 0 0.960281)
(-0.490143 0 0.957275)
(-2.68035 0.3 1.06284)
(-2.52985 0.3 1.06014)
(-2.38521 0.3 1.0577)
(-2.24593 0.3 1.05547)
(-2.11157 0.3 1.05338)
(-1.98177 0.3 1.05142)
(-1.85619 0.3 1.04954)
(-1.73449 0.3 1.04773)
(-1.61641 0.3 1.04596)
(-1.50165 0.3 1.04422)
(-1.38995 0.3 1.04249)
(-1.28102 0.3 1.04074)
(-1.17462 0.3 1.03895)
(-1.07046 0.3 1.03708)
(-0.968254 0.3 1.03511)
(-0.867705 0.3 1.03298)
(-0.768488 0.3 1.03063)
(-0.670255 0.3 1.02799)
(-0.572602 0.3 1.02494)
(-0.475084 0.3 1.02135)
(-2.52878 0.3 1.13051)
(-2.38377 0.3 1.12792)
(-2.24409 0.3 1.12553)
(-2.10931 0.3 1.1233)
(-1.97905 0.3 1.12119)
(-1.85297 0.3 1.11916)
(-1.73075 0.3 1.11719)
(-1.61209 0.3 1.11526)
(-1.49671 0.3 1.11335)
(-1.38431 0.3 1.11142)
(-1.27464 0.3 1.10946)
(-1.16744 0.3 1.10743)
(-1.06241 0.3 1.1053)
(-0.959273 0.3 1.10304)
(-0.857721 0.3 1.10057)
(-0.757453 0.3 1.09784)
(-0.658115 0.3 1.09477)
(-0.559321 0.3 1.09124)
(-0.46067 0.3 1.08712)
(-2.38228 0.3 1.19985)
(-2.2422 0.3 1.19732)
(-2.10699 0.3 1.19494)
(-1.97628 0.3 1.19268)
(-1.8497 0.3 1.1905)
(-1.72694 0.3 1.18838)
(-1.6077 0.3 1.18628)
(-1.49168 0.3 1.18418)
(-1.37861 0.3 1.18205)
(-1.26822 0.3 1.17988)
(-1.16024 0.3 1.17761)
(-1.05439 0.3 1.17522)
(-0.950386 0.3 1.17266)
(-0.847927 0.3 1.16987)
(-0.746723 0.3 1.16679)
(-0.646435 0.3 1.16332)
(-0.546726 0.3 1.15935)
(-0.447236 0.3 1.15477)
(-2.24029 0.3 1.27088)
(-2.10464 0.3 1.26835)
(-1.97346 0.3 1.26594)
(-1.84638 0.3 1.26361)
(-1.72308 0.3 1.26132)
(-1.60327 0.3 1.25906)
(-1.48664 0.3 1.25678)
(-1.37292 0.3 1.25445)
(-1.26183 0.3 1.25206)
(-1.15312 0.3 1.24957)
(-1.04651 0.3 1.24692)
(-0.941714 0.3 1.24408)
(-0.83846 0.3 1.24099)
(-0.736462 0.3 1.23757)
(-0.635421 0.3 1.23374)
(-0.535053 0.3 1.22942)
(-0.435055 0.3 1.22447)
(-2.10227 0.3 1.34358)
(-1.97062 0.3 1.34103)
(-1.84305 0.3 1.33854)
(-1.71922 0.3 1.3361)
(-1.59885 0.3 1.33366)
(-1.48163 0.3 1.3312)
(-1.36728 0.3 1.32869)
(-1.25555 0.3 1.32609)
(-1.14617 0.3 1.32337)
(-1.03887 0.3 1.32048)
(-0.933382 0.3 1.31738)
(-0.829459 0.3 1.31401)
(-0.726832 0.3 1.3103)
(-0.625258 0.3 1.30619)
(-0.524499 0.3 1.30158)
(-0.424336 0.3 1.29639)
(-1.9678 0.3 1.41799)
(-1.83974 0.3 1.41535)
(-1.7154 0.3 1.41275)
(-1.59449 0.3 1.41015)
(-1.4767 0.3 1.40751)
(-1.36178 0.3 1.40482)
(-1.24945 0.3 1.40202)
(-1.13946 0.3 1.39909)
(-1.03156 0.3 1.39598)
(-0.925505 0.3 1.39265)
(-0.821054 0.3 1.38904)
(-0.717979 0.3 1.3851)
(-0.616091 0.3 1.38076)
(-0.515204 0.3 1.37597)
(-0.415197 0.3 1.37067)
(-1.71166 0.3 1.49135)
(-1.59023 0.3 1.48859)
(-1.47193 0.3 1.48579)
(-1.35647 0.3 1.48292)
(-1.2436 0.3 1.47994)
(-1.13309 0.3 1.47682)
(-1.02469 0.3 1.47351)
(-0.918181 0.3 1.46998)
(-0.813353 0.3 1.46618)
(-0.710008 0.3 1.46206)
(-0.608018 0.3 1.45759)
(-0.507248 0.3 1.4527)
(-0.407667 0.3 1.44739)
(-1.58613 0.3 1.56905)
(-1.46734 0.3 1.56609)
(-1.35141 0.3 1.56306)
(-1.23808 0.3 1.55992)
(-1.12712 0.3 1.55663)
(-1.01833 0.3 1.55316)
(-0.911496 0.3 1.54947)
(-0.806436 0.3 1.54553)
(-0.702996 0.3 1.5413)
(-0.601097 0.3 1.53675)
(-0.500664 0.3 1.53187)
(-0.401729 0.3 1.52666)
(-1.34666 0.3 1.64533)
(-1.23294 0.3 1.64204)
(-1.12163 0.3 1.63861)
(-1.01255 0.3 1.63501)
(-0.905513 0.3 1.63121)
(-0.800365 0.3 1.62717)
(-0.696995 0.3 1.62289)
(-0.595365 0.3 1.61835)
(-0.49545 0.3 1.61355)
(-0.397301 0.3 1.60852)
(-1.11666 0.3 1.72284)
(-1.0074 0.3 1.71915)
(-0.900284 0.3 1.71527)
(-0.795189 0.3 1.7112)
(-0.692042 0.3 1.70693)
(-0.590828 0.3 1.70246)
(-0.491542 0.3 1.69781)
(-0.394229 0.3 1.69299)
(-1.00293 0.3 1.80565)
(-0.895854 0.3 1.80176)
(-0.790941 0.3 1.7977)
(-0.688141 0.3 1.79349)
(-0.587433 0.3 1.78914)
(-0.488818 0.3 1.78466)
(-0.392336 0.3 1.78009)
(-0.787627 0.3 1.88674)
(-0.68524 0.3 1.88263)
(-0.585077 0.3 1.87843)
(-0.48714 0.3 1.87415)
(-0.391463 0.3 1.86982)
(-0.583653 0.3 1.97036)
(-0.486383 0.3 1.96629)
(-0.391469 0.3 1.96222)
(-2.68035 0 1.06284)
(-2.52985 0 1.06014)
(-2.38521 0 1.0577)
(-2.24593 0 1.05547)
(-2.11157 0 1.05338)
(-1.98177 0 1.05142)
(-1.85619 0 1.04954)
(-1.73449 0 1.04773)
(-1.61641 0 1.04596)
(-1.50165 0 1.04422)
(-1.38995 0 1.04249)
(-1.28102 0 1.04074)
(-1.17462 0 1.03895)
(-1.07046 0 1.03708)
(-0.968254 0 1.03511)
(-0.867705 0 1.03298)
(-0.768488 0 1.03063)
(-0.670255 0 1.02799)
(-0.572602 0 1.02494)
(-0.475084 0 1.02135)
(-2.52878 0 1.13051)
(-2.38377 0 1.12792)
(-2.24409 0 1.12553)
(-2.10931 0 1.1233)
(-1.97905 0 1.12119)
(-1.85297 0 1.11916)
(-1.73075 0 1.11719)
(-1.61209 0 1.11526)
(-1.49671 0 1.11335)
(-1.38431 0 1.11142)
(-1.27464 0 1.10946)
(-1.16744 0 1.10743)
(-1.06241 0 1.1053)
(-0.959273 0 1.10304)
(-0.857721 0 1.10057)
(-0.757453 0 1.09784)
(-0.658115 0 1.09477)
(-0.559321 0 1.09124)
(-0.46067 0 1.08712)
(-2.38228 0 1.19985)
(-2.2422 0 1.19732)
(-2.10699 0 1.19494)
(-1.97628 0 1.19268)
(-1.8497 0 1.1905)
(-1.72694 0 1.18838)
(-1.6077 0 1.18628)
(-1.49168 0 1.18418)
(-1.37861 0 1.18205)
(-1.26822 0 1.17988)
(-1.16024 0 1.17761)
(-1.05439 0 1.17522)
(-0.950386 0 1.17266)
(-0.847927 0 1.16987)
(-0.746723 0 1.16679)
(-0.646435 0 1.16332)
(-0.546726 0 1.15935)
(-0.447236 0 1.15477)
(-2.24029 0 1.27088)
(-2.10464 0 1.26835)
(-1.97346 0 1.26594)
(-1.84638 0 1.26361)
(-1.72308 0 1.26132)
(-1.60327 0 1.25906)
(-1.48664 0 1.25678)
(-1.37292 0 1.25445)
(-1.26183 0 1.25206)
(-1.15312 0 1.24957)
(-1.04651 0 1.24692)
(-0.941714 0 1.24408)
(-0.83846 0 1.24099)
(-0.736462 0 1.23757)
(-0.635421 0 1.23374)
(-0.535053 0 1.22942)
(-0.435055 0 1.22447)
(-2.10227 0 1.34358)
(-1.97062 0 1.34103)
(-1.84305 0 1.33854)
(-1.71922 0 1.3361)
(-1.59885 0 1.33366)
(-1.48163 0 1.3312)
(-1.36728 0 1.32869)
(-1.25555 0 1.32609)
(-1.14617 0 1.32337)
(-1.03887 0 1.32048)
(-0.933382 0 1.31738)
(-0.829459 0 1.31401)
(-0.726832 0 1.3103)
(-0.625258 0 1.30619)
(-0.524499 0 1.30158)
(-0.424336 0 1.29639)
(-1.9678 0 1.41799)
(-1.83974 0 1.41535)
(-1.7154 0 1.41275)
(-1.59449 0 1.41015)
(-1.4767 0 1.40751)
(-1.36178 0 1.40482)
(-1.24945 0 1.40202)
(-1.13946 0 1.39909)
(-1.03156 0 1.39598)
(-0.925505 0 1.39265)
(-0.821054 0 1.38904)
(-0.717979 0 1.3851)
(-0.616091 0 1.38076)
(-0.515204 0 1.37597)
(-0.415197 0 1.37067)
(-1.71166 0 1.49135)
(-1.59023 0 1.48859)
(-1.47193 0 1.48579)
(-1.35647 0 1.48292)
(-1.2436 0 1.47994)
(-1.13309 0 1.47682)
(-1.02469 0 1.47351)
(-0.918181 0 1.46998)
(-0.813353 0 1.46618)
(-0.710008 0 1.46206)
(-0.608018 0 1.45759)
(-0.507248 0 1.4527)
(-0.407667 0 1.44739)
(-1.58613 0 1.56905)
(-1.46734 0 1.56609)
(-1.35141 0 1.56306)
(-1.23808 0 1.55992)
(-1.12712 0 1.55663)
(-1.01833 0 1.55316)
(-0.911496 0 1.54947)
(-0.806436 0 1.54553)
(-0.702996 0 1.5413)
(-0.601097 0 1.53675)
(-0.500664 0 1.53187)
(-0.401729 0 1.52666)
(-1.34666 0 1.64533)
(-1.23294 0 1.64204)
(-1.12163 0 1.63861)
(-1.01255 0 1.63501)
(-0.905513 0 1.63121)
(-0.800365 0 1.62717)
(-0.696995 0 1.62289)
(-0.595365 0 1.61835)
(-0.49545 0 1.61355)
(-0.397301 0 1.60852)
(-1.11666 0 1.72284)
(-1.0074 0 1.71915)
(-0.900284 0 1.71527)
(-0.795189 0 1.7112)
(-0.692042 0 1.70693)
(-0.590828 0 1.70246)
(-0.491542 0 1.69781)
(-0.394229 0 1.69299)
(-1.00293 0 1.80565)
(-0.895854 0 1.80176)
(-0.790941 0 1.7977)
(-0.688141 0 1.79349)
(-0.587433 0 1.78914)
(-0.488818 0 1.78466)
(-0.392336 0 1.78009)
(-0.787627 0 1.88674)
(-0.68524 0 1.88263)
(-0.585077 0 1.87843)
(-0.48714 0 1.87415)
(-0.391463 0 1.86982)
(-0.583653 0 1.97036)
(-0.486383 0 1.96629)
(-0.391469 0 1.96222)
)


// ************************************************************************* //
