/*--------------------------------*- C++ -*----------------------------------*\
| =========                 |                                                 |
| \\      /  F ield         | OpenFOAM: The Open Source CFD Toolbox           |
|  \\    /   O peration     | Version:  dev                                   |
|   \\  /    A nd           | Web:      www.OpenFOAM.org                      |
|    \\/     M anipulation  |                                                 |
\*---------------------------------------------------------------------------*/
FoamFile
{
    version     2.0;
    format      ascii;
    class       vectorField;
    location    "4.17/polyMesh";
    object      points;
}
// * * * * * * * * * * * * * * * * * * * * * * * * * * * * * * * * * * * * * //


1028
(
(-0.674491 0.3 1.28695)
(-0.590333 0.3 1.28687)
(-0.673728 0.3 1.36292)
(-0.589656 0.3 1.36282)
(-0.507534 0.3 1.36269)
(-0.427346 0.3 1.36252)
(-0.67319 0.3 1.44074)
(-0.589219 0.3 1.44063)
(-0.507229 0.3 1.44048)
(-0.4272 0.3 1.44031)
(-0.349117 0.3 1.4401)
(-0.272972 0.3 1.43985)
(-0.672851 0.3 1.52047)
(-0.588986 0.3 1.52034)
(-0.507125 0.3 1.52019)
(-0.427243 0.3 1.52001)
(-0.34932 0.3 1.5198)
(-0.273339 0.3 1.51956)
(-0.199283 0.3 1.51929)
(-0.127136 0.3 1.51899)
(-0.672685 0.3 1.60214)
(-0.588926 0.3 1.60201)
(-0.507185 0.3 1.60185)
(-0.427434 0.3 1.60167)
(-0.349648 0.3 1.60147)
(-0.273802 0.3 1.60125)
(-0.199873 0.3 1.601)
(-0.127834 0.3 1.60073)
(-0.0576563 0.3 1.60045)
(0.0106717 0.3 1.60019)
(-0.672669 0.3 1.68581)
(-0.589008 0.3 1.68568)
(-0.507377 0.3 1.68552)
(-0.427741 0.3 1.68535)
(-0.350072 0.3 1.68516)
(-0.274339 0.3 1.68495)
(-0.200511 0.3 1.68472)
(-0.128558 0.3 1.68448)
(-0.0584439 0.3 1.68423)
(0.00984965 0.3 1.68402)
(-0.672779 0.3 1.77153)
(-0.589211 0.3 1.7714)
(-0.507677 0.3 1.77124)
(-0.428142 0.3 1.77108)
(-0.350572 0.3 1.7709)
(-0.274932 0.3 1.7707)
(-0.201188 0.3 1.7705)
(-0.129303 0.3 1.77028)
(-0.059239 0.3 1.77007)
(0.00902695 0.3 1.76988)
(-0.672998 0.3 1.85935)
(-0.589513 0.3 1.85921)
(-0.508066 0.3 1.85906)
(-0.428618 0.3 1.8589)
(-0.351133 0.3 1.85874)
(-0.275571 0.3 1.85856)
(-0.201895 0.3 1.85837)
(-0.130066 0.3 1.85818)
(-0.0600422 0.3 1.85799)
(0.0082012 0.3 1.85783)
(-0.673311 0.3 1.9493)
(-0.5899 0.3 1.94917)
(-0.508529 0.3 1.94903)
(-0.429157 0.3 1.94888)
(-0.351743 0.3 1.94872)
(-0.276247 0.3 1.94856)
(-0.202628 0.3 1.94839)
(-0.130844 0.3 1.94822)
(-0.0608538 0.3 1.94806)
(0.00737091 0.3 1.94791)
(-0.673703 0.3 2.04145)
(-0.590359 0.3 2.04133)
(-0.509055 0.3 2.04119)
(-0.429749 0.3 2.04105)
(-0.352396 0.3 2.04091)
(-0.276954 0.3 2.04076)
(-0.203382 0.3 2.04061)
(-0.131636 0.3 2.04046)
(-0.0616741 0.3 2.04031)
(0.00653492 0.3 2.04018)
(-0.674163 0.3 2.13585)
(-0.590878 0.3 2.13573)
(-0.509634 0.3 2.13561)
(-0.430383 0.3 2.13547)
(-0.353083 0.3 2.13534)
(-0.277688 0.3 2.1352)
(-0.204156 0.3 2.13507)
(-0.132442 0.3 2.13493)
(-0.0625027 0.3 2.1348)
(0.00569286 0.3 2.13469)
(-0.759996 0.3 2.23266)
(-0.67468 0.3 2.23255)
(-0.591449 0.3 2.23244)
(-0.510256 0.3 2.23232)
(-0.431054 0.3 2.2322)
(-0.353798 0.3 2.23207)
(-0.278443 0.3 2.23195)
(-0.204945 0.3 2.23183)
(-0.133258 0.3 2.2317)
(-0.0633387 0.3 2.23159)
(0.0048452 0.3 2.23149)
(-0.760514 0.3 2.33171)
(-0.675246 0.3 2.3316)
(-0.592061 0.3 2.3315)
(-0.510913 0.3 2.33139)
(-0.431754 0.3 2.33127)
(-0.354537 0.3 2.33116)
(-0.279216 0.3 2.33105)
(-0.205746 0.3 2.33094)
(-0.134082 0.3 2.33083)
(-0.0641804 0.3 2.33072)
(0.00399328 0.3 2.33063)
(-0.761077 0.3 2.43317)
(-0.675851 0.3 2.43307)
(-0.592708 0.3 2.43297)
(-0.511599 0.3 2.43287)
(-0.432477 0.3 2.43276)
(-0.355293 0.3 2.43266)
(-0.280002 0.3 2.43256)
(-0.206556 0.3 2.43246)
(-0.134912 0.3 2.43236)
(-0.0650254 0.3 2.43226)
(0.00313937 0.3 2.43218)
(-0.761675 0.3 2.5371)
(-0.676487 0.3 2.537)
(-0.59338 0.3 2.53691)
(-0.512306 0.3 2.53681)
(-0.433216 0.3 2.53672)
(-0.356061 0.3 2.53663)
(-0.280795 0.3 2.53653)
(-0.207371 0.3 2.53644)
(-0.135744 0.3 2.53635)
(-0.0658701 0.3 2.53627)
(0.00228672 0.3 2.5362)
(-0.762299 0.3 2.64355)
(-0.677144 0.3 2.64347)
(-0.59407 0.3 2.64338)
(-0.513027 0.3 2.64329)
(-0.433964 0.3 2.6432)
(-0.356835 0.3 2.64312)
(-0.28159 0.3 2.64303)
(-0.208185 0.3 2.64295)
(-0.136573 0.3 2.64287)
(-0.0667101 0.3 2.6428)
(0.00143963 0.3 2.64274)
(-0.76294 0.3 2.7526)
(-0.677815 0.3 2.75252)
(-0.594769 0.3 2.75244)
(-0.513752 0.3 2.75236)
(-0.434714 0.3 2.75228)
(-0.357606 0.3 2.7522)
(-0.282381 0.3 2.75212)
(-0.208992 0.3 2.75205)
(-0.137393 0.3 2.75198)
(-0.0675398 0.3 2.75191)
(0.000603554 0.3 2.75186)
(-0.763588 0.3 2.86429)
(-0.678489 0.3 2.86422)
(-0.595468 0.3 2.86415)
(-0.514475 0.3 2.86407)
(-0.435458 0.3 2.864)
(-0.358369 0.3 2.86393)
(-0.28316 0.3 2.86386)
(-0.209784 0.3 2.8638)
(-0.138197 0.3 2.86373)
(-0.0683526 0.3 2.86368)
(-0.00021484 0.3 2.86363)
(-0.764232 0.3 2.9787)
(-0.679156 0.3 2.97864)
(-0.596157 0.3 2.97857)
(-0.515183 0.3 2.9785)
(-0.436185 0.3 2.97844)
(-0.359112 0.3 2.97838)
(-0.283918 0.3 2.97832)
(-0.210554 0.3 2.97826)
(-0.138977 0.3 2.9782)
(-0.0691402 0.3 2.97815)
(-0.00100753 0.3 2.97811)
(-0.76486 0.3 3.09589)
(-0.679804 0.3 3.09583)
(-0.596824 0.3 3.09578)
(-0.515868 0.3 3.09572)
(-0.436885 0.3 3.09566)
(-0.359827 0.3 3.0956)
(-0.284645 0.3 3.09555)
(-0.211292 0.3 3.0955)
(-0.139723 0.3 3.09545)
(-0.0698933 0.3 3.09541)
(-0.00176503 0.3 3.09537)
(-0.76546 0.3 3.21594)
(-0.680422 0.3 3.21588)
(-0.597458 0.3 3.21583)
(-0.516517 0.3 3.21578)
(-0.437548 0.3 3.21573)
(-0.360501 0.3 3.21568)
(-0.28533 0.3 3.21563)
(-0.211986 0.3 3.21559)
(-0.140424 0.3 3.21555)
(-0.0706005 0.3 3.21551)
(-0.00247624 0.3 3.21548)
(-0.766018 0.3 3.33889)
(-0.680994 0.3 3.33885)
(-0.598044 0.3 3.3388)
(-0.517116 0.3 3.33876)
(-0.438158 0.3 3.33872)
(-0.361122 0.3 3.33867)
(-0.285959 0.3 3.33863)
(-0.212623 0.3 3.3386)
(-0.141068 0.3 3.33856)
(-0.0712492 0.3 3.33853)
(-0.00312828 0.3 3.3385)
(-0.766518 0.3 3.46484)
(-0.681507 0.3 3.4648)
(-0.598568 0.3 3.46476)
(-0.51765 0.3 3.46473)
(-0.438702 0.3 3.46469)
(-0.361674 0.3 3.46466)
(-0.286519 0.3 3.46463)
(-0.213189 0.3 3.4646)
(-0.141639 0.3 3.46457)
(-0.0718243 0.3 3.46454)
(-0.00370629 0.3 3.46452)
(-0.766943 0.3 3.59385)
(-0.681941 0.3 3.59382)
(-0.599012 0.3 3.59379)
(-0.518102 0.3 3.59376)
(-0.439162 0.3 3.59373)
(-0.362141 0.3 3.59371)
(-0.286991 0.3 3.59368)
(-0.213666 0.3 3.59366)
(-0.14212 0.3 3.59364)
(-0.072309 0.3 3.59362)
(-0.00419322 0.3 3.5936)
(-0.767274 0.3 3.72599)
(-0.68228 0.3 3.72597)
(-0.599356 0.3 3.72595)
(-0.518453 0.3 3.72593)
(-0.439518 0.3 3.72591)
(-0.362502 0.3 3.7259)
(-0.287356 0.3 3.72588)
(-0.214035 0.3 3.72586)
(-0.142492 0.3 3.72585)
(-0.0726836 0.3 3.72583)
(-0.00456955 0.3 3.72582)
(-0.767489 0.3 3.86135)
(-0.682499 0.3 3.86134)
(-0.59958 0.3 3.86133)
(-0.51868 0.3 3.86132)
(-0.439749 0.3 3.86131)
(-0.362736 0.3 3.8613)
(-0.287593 0.3 3.86129)
(-0.214274 0.3 3.86129)
(-0.142733 0.3 3.86128)
(-0.0729259 0.3 3.86127)
(-0.00481297 0.3 3.86126)
(-0.767565 0.3 4)
(-0.682577 0.3 4)
(-0.599659 0.3 4)
(-0.518761 0.3 4)
(-0.43983 0.3 4)
(-0.362818 0.3 4)
(-0.287676 0.3 4)
(-0.214358 0.3 4)
(-0.142818 0.3 4)
(-0.0730111 0.3 4)
(-0.00489855 0.3 4)
(-0.674491 0 1.28695)
(-0.590333 0 1.28687)
(-0.673728 0 1.36292)
(-0.589656 0 1.36282)
(-0.507534 0 1.36269)
(-0.427346 0 1.36252)
(-0.67319 0 1.44074)
(-0.589219 0 1.44063)
(-0.507229 0 1.44048)
(-0.4272 0 1.44031)
(-0.349117 0 1.4401)
(-0.272972 0 1.43985)
(-0.672851 0 1.52047)
(-0.588986 0 1.52034)
(-0.507125 0 1.52019)
(-0.427243 0 1.52001)
(-0.34932 0 1.5198)
(-0.273339 0 1.51956)
(-0.199283 0 1.51929)
(-0.127136 0 1.51899)
(-0.672685 0 1.60214)
(-0.588926 0 1.60201)
(-0.507185 0 1.60185)
(-0.427434 0 1.60167)
(-0.349648 0 1.60147)
(-0.273802 0 1.60125)
(-0.199873 0 1.601)
(-0.127834 0 1.60073)
(-0.0576563 0 1.60045)
(0.0106717 0 1.60019)
(-0.672669 0 1.68581)
(-0.589008 0 1.68568)
(-0.507377 0 1.68552)
(-0.427741 0 1.68535)
(-0.350072 0 1.68516)
(-0.274339 0 1.68495)
(-0.200511 0 1.68472)
(-0.128558 0 1.68448)
(-0.0584439 0 1.68423)
(0.00984965 0 1.68402)
(-0.672779 0 1.77153)
(-0.589211 0 1.7714)
(-0.507677 0 1.77124)
(-0.428142 0 1.77108)
(-0.350572 0 1.7709)
(-0.274932 0 1.7707)
(-0.201188 0 1.7705)
(-0.129303 0 1.77028)
(-0.059239 0 1.77007)
(0.00902695 0 1.76988)
(-0.672998 0 1.85935)
(-0.589513 0 1.85921)
(-0.508066 0 1.85906)
(-0.428618 0 1.8589)
(-0.351133 0 1.85874)
(-0.275571 0 1.85856)
(-0.201895 0 1.85837)
(-0.130066 0 1.85818)
(-0.0600422 0 1.85799)
(0.0082012 0 1.85783)
(-0.673311 0 1.9493)
(-0.5899 0 1.94917)
(-0.508529 0 1.94903)
(-0.429157 0 1.94888)
(-0.351743 0 1.94872)
(-0.276247 0 1.94856)
(-0.202628 0 1.94839)
(-0.130844 0 1.94822)
(-0.0608538 0 1.94806)
(0.00737091 0 1.94791)
(-0.673703 0 2.04145)
(-0.590359 0 2.04133)
(-0.509055 0 2.04119)
(-0.429749 0 2.04105)
(-0.352396 0 2.04091)
(-0.276954 0 2.04076)
(-0.203382 0 2.04061)
(-0.131636 0 2.04046)
(-0.0616741 0 2.04031)
(0.00653492 0 2.04018)
(-0.674163 0 2.13585)
(-0.590878 0 2.13573)
(-0.509634 0 2.13561)
(-0.430383 0 2.13547)
(-0.353083 0 2.13534)
(-0.277688 0 2.1352)
(-0.204156 0 2.13507)
(-0.132442 0 2.13493)
(-0.0625027 0 2.1348)
(0.00569286 0 2.13469)
(-0.759996 0 2.23266)
(-0.67468 0 2.23255)
(-0.591449 0 2.23244)
(-0.510256 0 2.23232)
(-0.431054 0 2.2322)
(-0.353798 0 2.23207)
(-0.278443 0 2.23195)
(-0.204945 0 2.23183)
(-0.133258 0 2.2317)
(-0.0633387 0 2.23159)
(0.0048452 0 2.23149)
(-0.760514 0 2.33171)
(-0.675246 0 2.3316)
(-0.592061 0 2.3315)
(-0.510913 0 2.33139)
(-0.431754 0 2.33127)
(-0.354537 0 2.33116)
(-0.279216 0 2.33105)
(-0.205746 0 2.33094)
(-0.134082 0 2.33083)
(-0.0641804 0 2.33072)
(0.00399328 0 2.33063)
(-0.761077 0 2.43317)
(-0.675851 0 2.43307)
(-0.592708 0 2.43297)
(-0.511599 0 2.43287)
(-0.432477 0 2.43276)
(-0.355293 0 2.43266)
(-0.280002 0 2.43256)
(-0.206556 0 2.43246)
(-0.134912 0 2.43236)
(-0.0650254 0 2.43226)
(0.00313937 0 2.43218)
(-0.761675 0 2.5371)
(-0.676487 0 2.537)
(-0.59338 0 2.53691)
(-0.512306 0 2.53681)
(-0.433216 0 2.53672)
(-0.356061 0 2.53663)
(-0.280795 0 2.53653)
(-0.207371 0 2.53644)
(-0.135744 0 2.53635)
(-0.0658701 0 2.53627)
(0.00228672 0 2.5362)
(-0.762299 0 2.64355)
(-0.677144 0 2.64347)
(-0.59407 0 2.64338)
(-0.513027 0 2.64329)
(-0.433964 0 2.6432)
(-0.356835 0 2.64312)
(-0.28159 0 2.64303)
(-0.208185 0 2.64295)
(-0.136573 0 2.64287)
(-0.0667101 0 2.6428)
(0.00143963 0 2.64274)
(-0.76294 0 2.7526)
(-0.677815 0 2.75252)
(-0.594769 0 2.75244)
(-0.513752 0 2.75236)
(-0.434714 0 2.75228)
(-0.357606 0 2.7522)
(-0.282381 0 2.75212)
(-0.208992 0 2.75205)
(-0.137393 0 2.75198)
(-0.0675398 0 2.75191)
(0.000603554 0 2.75186)
(-0.763588 0 2.86429)
(-0.678489 0 2.86422)
(-0.595468 0 2.86415)
(-0.514475 0 2.86407)
(-0.435458 0 2.864)
(-0.358369 0 2.86393)
(-0.28316 0 2.86386)
(-0.209784 0 2.8638)
(-0.138197 0 2.86373)
(-0.0683526 0 2.86368)
(-0.00021484 0 2.86363)
(-0.764232 0 2.9787)
(-0.679156 0 2.97864)
(-0.596157 0 2.97857)
(-0.515183 0 2.9785)
(-0.436185 0 2.97844)
(-0.359112 0 2.97838)
(-0.283918 0 2.97832)
(-0.210554 0 2.97826)
(-0.138977 0 2.9782)
(-0.0691402 0 2.97815)
(-0.00100753 0 2.97811)
(-0.76486 0 3.09589)
(-0.679804 0 3.09583)
(-0.596824 0 3.09578)
(-0.515868 0 3.09572)
(-0.436885 0 3.09566)
(-0.359827 0 3.0956)
(-0.284645 0 3.09555)
(-0.211292 0 3.0955)
(-0.139723 0 3.09545)
(-0.0698933 0 3.09541)
(-0.00176503 0 3.09537)
(-0.76546 0 3.21594)
(-0.680422 0 3.21588)
(-0.597458 0 3.21583)
(-0.516517 0 3.21578)
(-0.437548 0 3.21573)
(-0.360501 0 3.21568)
(-0.28533 0 3.21563)
(-0.211986 0 3.21559)
(-0.140424 0 3.21555)
(-0.0706005 0 3.21551)
(-0.00247624 0 3.21548)
(-0.766018 0 3.33889)
(-0.680994 0 3.33885)
(-0.598044 0 3.3388)
(-0.517116 0 3.33876)
(-0.438158 0 3.33872)
(-0.361122 0 3.33867)
(-0.285959 0 3.33863)
(-0.212623 0 3.3386)
(-0.141068 0 3.33856)
(-0.0712492 0 3.33853)
(-0.00312828 0 3.3385)
(-0.766518 0 3.46484)
(-0.681507 0 3.4648)
(-0.598568 0 3.46476)
(-0.51765 0 3.46473)
(-0.438702 0 3.46469)
(-0.361674 0 3.46466)
(-0.286519 0 3.46463)
(-0.213189 0 3.4646)
(-0.141639 0 3.46457)
(-0.0718243 0 3.46454)
(-0.00370629 0 3.46452)
(-0.766943 0 3.59385)
(-0.681941 0 3.59382)
(-0.599012 0 3.59379)
(-0.518102 0 3.59376)
(-0.439162 0 3.59373)
(-0.362141 0 3.59371)
(-0.286991 0 3.59368)
(-0.213666 0 3.59366)
(-0.14212 0 3.59364)
(-0.072309 0 3.59362)
(-0.00419322 0 3.5936)
(-0.767274 0 3.72599)
(-0.68228 0 3.72597)
(-0.599356 0 3.72595)
(-0.518453 0 3.72593)
(-0.439518 0 3.72591)
(-0.362502 0 3.7259)
(-0.287356 0 3.72588)
(-0.214035 0 3.72586)
(-0.142492 0 3.72585)
(-0.0726836 0 3.72583)
(-0.00456955 0 3.72582)
(-0.767489 0 3.86135)
(-0.682499 0 3.86134)
(-0.59958 0 3.86133)
(-0.51868 0 3.86132)
(-0.439749 0 3.86131)
(-0.362736 0 3.8613)
(-0.287593 0 3.86129)
(-0.214274 0 3.86129)
(-0.142733 0 3.86128)
(-0.0729259 0 3.86127)
(-0.00481297 0 3.86126)
(-0.767565 0 4)
(-0.682577 0 4)
(-0.599659 0 4)
(-0.518761 0 4)
(-0.43983 0 4)
(-0.362818 0 4)
(-0.287676 0 4)
(-0.214358 0 4)
(-0.142818 0 4)
(-0.0730111 0 4)
(-0.00489855 0 4)
(0.0441055 0.3 1.60001)
(0.0432721 0.3 1.68386)
(0.0766376 0.3 1.68374)
(0.109962 0.3 1.68359)
(0.0424397 0.3 1.76975)
(0.0758031 0.3 1.76964)
(0.109132 0.3 1.76951)
(0.0416058 0.3 1.85771)
(0.074967 0.3 1.85762)
(0.108299 0.3 1.85751)
(0.0407685 0.3 1.94781)
(0.0741276 0.3 1.94773)
(0.107461 0.3 1.94763)
(0.0399264 0.3 2.04009)
(0.0732834 0.3 2.04002)
(0.106618 0.3 2.03994)
(0.0390789 0.3 2.13461)
(0.0724338 0.3 2.13455)
(0.105769 0.3 2.13447)
(0.0382264 0.3 2.23142)
(0.0715793 0.3 2.23136)
(0.104914 0.3 2.2313)
(0.03737 0.3 2.33057)
(0.070721 0.3 2.33052)
(0.104055 0.3 2.33046)
(0.0365121 0.3 2.43213)
(0.0698612 0.3 2.43209)
(0.103195 0.3 2.43203)
(0.0356558 0.3 2.53615)
(0.0690031 0.3 2.53611)
(0.102336 0.3 2.53607)
(0.0348054 0.3 2.64269)
(0.0681509 0.3 2.64266)
(0.101483 0.3 2.64262)
(0.0339662 0.3 2.75182)
(0.0673101 0.3 2.75179)
(0.100641 0.3 2.75175)
(0.033145 0.3 2.86359)
(0.0664874 0.3 2.86357)
(0.0998171 0.3 2.86353)
(0.0323498 0.3 2.97808)
(0.0656908 0.3 2.97805)
(0.0990195 0.3 2.97803)
(0.03159 0.3 3.09534)
(0.0649297 0.3 3.09532)
(0.0982574 0.3 3.0953)
(0.0308767 0.3 3.21545)
(0.0642152 0.3 3.21544)
(0.0975421 0.3 3.21542)
(0.0302229 0.3 3.33848)
(0.0635603 0.3 3.33847)
(0.0968863 0.3 3.33845)
(0.0296434 0.3 3.4645)
(0.0629799 0.3 3.46449)
(0.0963051 0.3 3.46448)
(0.0291552 0.3 3.59359)
(0.0624909 0.3 3.59358)
(0.0958156 0.3 3.59357)
(0.0287779 0.3 3.72581)
(0.0621131 0.3 3.72581)
(0.0954373 0.3 3.7258)
(0.0285339 0.3 3.86126)
(0.0618687 0.3 3.86126)
(0.0951925 0.3 3.86125)
(0.0284481 0.3 4)
(0.0617827 0.3 4)
(0.0951065 0.3 4)
(0.0441055 0 1.60001)
(0.0432721 0 1.68386)
(0.0766376 0 1.68374)
(0.109962 0 1.68359)
(0.0424397 0 1.76975)
(0.0758031 0 1.76964)
(0.109132 0 1.76951)
(0.0416058 0 1.85771)
(0.074967 0 1.85762)
(0.108299 0 1.85751)
(0.0407685 0 1.94781)
(0.0741276 0 1.94773)
(0.107461 0 1.94763)
(0.0399264 0 2.04009)
(0.0732834 0 2.04002)
(0.106618 0 2.03994)
(0.0390789 0 2.13461)
(0.0724338 0 2.13455)
(0.105769 0 2.13447)
(0.0382264 0 2.23142)
(0.0715793 0 2.23136)
(0.104914 0 2.2313)
(0.03737 0 2.33057)
(0.070721 0 2.33052)
(0.104055 0 2.33046)
(0.0365121 0 2.43213)
(0.0698612 0 2.43209)
(0.103195 0 2.43203)
(0.0356558 0 2.53615)
(0.0690031 0 2.53611)
(0.102336 0 2.53607)
(0.0348054 0 2.64269)
(0.0681509 0 2.64266)
(0.101483 0 2.64262)
(0.0339662 0 2.75182)
(0.0673101 0 2.75179)
(0.100641 0 2.75175)
(0.033145 0 2.86359)
(0.0664874 0 2.86357)
(0.0998171 0 2.86353)
(0.0323498 0 2.97808)
(0.0656908 0 2.97805)
(0.0990195 0 2.97803)
(0.03159 0 3.09534)
(0.0649297 0 3.09532)
(0.0982574 0 3.0953)
(0.0308767 0 3.21545)
(0.0642152 0 3.21544)
(0.0975421 0 3.21542)
(0.0302229 0 3.33848)
(0.0635603 0 3.33847)
(0.0968863 0 3.33845)
(0.0296434 0 3.4645)
(0.0629799 0 3.46449)
(0.0963051 0 3.46448)
(0.0291552 0 3.59359)
(0.0624909 0 3.59358)
(0.0958156 0 3.59357)
(0.0287779 0 3.72581)
(0.0621131 0 3.72581)
(0.0954373 0 3.7258)
(0.0285339 0 3.86126)
(0.0618687 0 3.86126)
(0.0951925 0 3.86125)
(0.0284481 0 4)
(0.0617827 0 4)
(0.0951065 0 4)
(0.177917 0.3 1.68338)
(0.177107 0.3 1.76933)
(0.246597 0.3 1.76915)
(0.317645 0.3 1.76898)
(0.390293 0.3 1.76883)
(0.176289 0.3 1.85736)
(0.245809 0.3 1.85719)
(0.316901 0.3 1.85704)
(0.389604 0.3 1.85691)
(0.463964 0.3 1.8568)
(0.540025 0.3 1.85671)
(0.175462 0.3 1.9475)
(0.245006 0.3 1.94735)
(0.316133 0.3 1.94722)
(0.388881 0.3 1.9471)
(0.463292 0.3 1.947)
(0.539411 0.3 1.94692)
(0.617284 0.3 1.94686)
(0.696956 0.3 1.94682)
(0.174627 0.3 2.03982)
(0.244189 0.3 2.03969)
(0.315344 0.3 2.03957)
(0.388128 0.3 2.03947)
(0.462583 0.3 2.03938)
(0.538751 0.3 2.0393)
(0.616676 0.3 2.03924)
(0.696403 0.3 2.0392)
(0.777979 0.3 2.03919)
(0.173783 0.3 2.13437)
(0.243361 0.3 2.13425)
(0.314537 0.3 2.13415)
(0.387351 0.3 2.13406)
(0.461842 0.3 2.13397)
(0.538051 0.3 2.1339)
(0.616021 0.3 2.13385)
(0.695795 0.3 2.13381)
(0.77742 0.3 2.13379)
(0.172933 0.3 2.2312)
(0.242522 0.3 2.2311)
(0.313716 0.3 2.23101)
(0.386555 0.3 2.23093)
(0.461075 0.3 2.23085)
(0.537319 0.3 2.23079)
(0.615327 0.3 2.23074)
(0.695142 0.3 2.2307)
(0.77681 0.3 2.23068)
(0.172078 0.3 2.33038)
(0.241675 0.3 2.33029)
(0.312884 0.3 2.33021)
(0.385742 0.3 2.33014)
(0.460288 0.3 2.33007)
(0.53656 0.3 2.33001)
(0.614601 0.3 2.32997)
(0.694452 0.3 2.32993)
(0.776156 0.3 2.32991)
(0.171219 0.3 2.43196)
(0.240824 0.3 2.43188)
(0.312044 0.3 2.43181)
(0.384919 0.3 2.43174)
(0.459485 0.3 2.43168)
(0.535782 0.3 2.43163)
(0.61385 0.3 2.43159)
(0.693732 0.3 2.43156)
(0.775469 0.3 2.43154)
(0.170362 0.3 2.536)
(0.239971 0.3 2.53593)
(0.311202 0.3 2.53587)
(0.38409 0.3 2.53581)
(0.458673 0.3 2.53575)
(0.53499 0.3 2.53571)
(0.613082 0.3 2.53567)
(0.69299 0.3 2.53564)
(0.774756 0.3 2.53563)
(0.16951 0.3 2.64256)
(0.239124 0.3 2.6425)
(0.310361 0.3 2.64244)
(0.38326 0.3 2.64239)
(0.457858 0.3 2.64234)
(0.534193 0.3 2.6423)
(0.612305 0.3 2.64227)
(0.692235 0.3 2.64224)
(0.774025 0.3 2.64223)
(0.168669 0.3 2.7517)
(0.238286 0.3 2.75165)
(0.30953 0.3 2.7516)
(0.382437 0.3 2.75155)
(0.457047 0.3 2.75151)
(0.533396 0.3 2.75147)
(0.611525 0.3 2.75144)
(0.691475 0.3 2.75142)
(0.773287 0.3 2.75141)
(0.167845 0.3 2.86349)
(0.237465 0.3 2.86344)
(0.308713 0.3 2.8634)
(0.381629 0.3 2.86336)
(0.456248 0.3 2.86332)
(0.532609 0.3 2.86329)
(0.610753 0.3 2.86326)
(0.690719 0.3 2.86325)
(0.772549 0.3 2.86324)
(0.167047 0.3 2.97799)
(0.236669 0.3 2.97795)
(0.307921 0.3 2.97791)
(0.380843 0.3 2.97787)
(0.45547 0.3 2.97784)
(0.531842 0.3 2.97781)
(0.609998 0.3 2.97779)
(0.689978 0.3 2.97778)
(0.771824 0.3 2.97777)
(0.166285 0.3 3.09526)
(0.235908 0.3 3.09523)
(0.307164 0.3 3.09519)
(0.38009 0.3 3.09516)
(0.454724 0.3 3.09514)
(0.531104 0.3 3.09511)
(0.60927 0.3 3.0951)
(0.689262 0.3 3.09508)
(0.771122 0.3 3.09508)
(0.165569 0.3 3.21539)
(0.235193 0.3 3.21536)
(0.306451 0.3 3.21533)
(0.379381 0.3 3.2153)
(0.454021 0.3 3.21528)
(0.530408 0.3 3.21526)
(0.608583 0.3 3.21524)
(0.688585 0.3 3.21523)
(0.770457 0.3 3.21523)
(0.164913 0.3 3.33843)
(0.234538 0.3 3.3384)
(0.305798 0.3 3.33838)
(0.378731 0.3 3.33836)
(0.453375 0.3 3.33834)
(0.529768 0.3 3.33832)
(0.60795 0.3 3.33831)
(0.68796 0.3 3.3383)
(0.769841 0.3 3.3383)
(0.164332 0.3 3.46446)
(0.233956 0.3 3.46444)
(0.305218 0.3 3.46442)
(0.378154 0.3 3.4644)
(0.452801 0.3 3.46439)
(0.529199 0.3 3.46437)
(0.607386 0.3 3.46436)
(0.687403 0.3 3.46436)
(0.769292 0.3 3.46435)
(0.163842 0.3 3.59355)
(0.233467 0.3 3.59354)
(0.304729 0.3 3.59352)
(0.377667 0.3 3.59351)
(0.452317 0.3 3.5935)
(0.528718 0.3 3.59349)
(0.60691 0.3 3.59348)
(0.686932 0.3 3.59348)
(0.768827 0.3 3.59348)
(0.163463 0.3 3.72579)
(0.233088 0.3 3.72578)
(0.304352 0.3 3.72577)
(0.37729 0.3 3.72576)
(0.451942 0.3 3.72575)
(0.528346 0.3 3.72575)
(0.606541 0.3 3.72574)
(0.686566 0.3 3.72574)
(0.768465 0.3 3.72574)
(0.163218 0.3 3.86125)
(0.232843 0.3 3.86124)
(0.304107 0.3 3.86124)
(0.377046 0.3 3.86123)
(0.451699 0.3 3.86123)
(0.528104 0.3 3.86123)
(0.606301 0.3 3.86122)
(0.686329 0.3 3.86122)
(0.768231 0.3 3.86122)
(0.163132 0.3 4)
(0.232757 0.3 4)
(0.304021 0.3 4)
(0.376961 0.3 4)
(0.451614 0.3 4)
(0.52802 0.3 4)
(0.606217 0.3 4)
(0.686245 0.3 4)
(0.768148 0.3 4)
(0.177917 0 1.68338)
(0.177107 0 1.76933)
(0.246597 0 1.76915)
(0.317645 0 1.76898)
(0.390293 0 1.76883)
(0.176289 0 1.85736)
(0.245809 0 1.85719)
(0.316901 0 1.85704)
(0.389604 0 1.85691)
(0.463964 0 1.8568)
(0.540025 0 1.85671)
(0.175462 0 1.9475)
(0.245006 0 1.94735)
(0.316133 0 1.94722)
(0.388881 0 1.9471)
(0.463292 0 1.947)
(0.539411 0 1.94692)
(0.617284 0 1.94686)
(0.696956 0 1.94682)
(0.174627 0 2.03982)
(0.244189 0 2.03969)
(0.315344 0 2.03957)
(0.388128 0 2.03947)
(0.462583 0 2.03938)
(0.538751 0 2.0393)
(0.616676 0 2.03924)
(0.696403 0 2.0392)
(0.777979 0 2.03919)
(0.173783 0 2.13437)
(0.243361 0 2.13425)
(0.314537 0 2.13415)
(0.387351 0 2.13406)
(0.461842 0 2.13397)
(0.538051 0 2.1339)
(0.616021 0 2.13385)
(0.695795 0 2.13381)
(0.77742 0 2.13379)
(0.172933 0 2.2312)
(0.242522 0 2.2311)
(0.313716 0 2.23101)
(0.386555 0 2.23093)
(0.461075 0 2.23085)
(0.537319 0 2.23079)
(0.615327 0 2.23074)
(0.695142 0 2.2307)
(0.77681 0 2.23068)
(0.172078 0 2.33038)
(0.241675 0 2.33029)
(0.312884 0 2.33021)
(0.385742 0 2.33014)
(0.460288 0 2.33007)
(0.53656 0 2.33001)
(0.614601 0 2.32997)
(0.694452 0 2.32993)
(0.776156 0 2.32991)
(0.171219 0 2.43196)
(0.240824 0 2.43188)
(0.312044 0 2.43181)
(0.384919 0 2.43174)
(0.459485 0 2.43168)
(0.535782 0 2.43163)
(0.61385 0 2.43159)
(0.693732 0 2.43156)
(0.775469 0 2.43154)
(0.170362 0 2.536)
(0.239971 0 2.53593)
(0.311202 0 2.53587)
(0.38409 0 2.53581)
(0.458673 0 2.53575)
(0.53499 0 2.53571)
(0.613082 0 2.53567)
(0.69299 0 2.53564)
(0.774756 0 2.53563)
(0.16951 0 2.64256)
(0.239124 0 2.6425)
(0.310361 0 2.64244)
(0.38326 0 2.64239)
(0.457858 0 2.64234)
(0.534193 0 2.6423)
(0.612305 0 2.64227)
(0.692235 0 2.64224)
(0.774025 0 2.64223)
(0.168669 0 2.7517)
(0.238286 0 2.75165)
(0.30953 0 2.7516)
(0.382437 0 2.75155)
(0.457047 0 2.75151)
(0.533396 0 2.75147)
(0.611525 0 2.75144)
(0.691475 0 2.75142)
(0.773287 0 2.75141)
(0.167845 0 2.86349)
(0.237465 0 2.86344)
(0.308713 0 2.8634)
(0.381629 0 2.86336)
(0.456248 0 2.86332)
(0.532609 0 2.86329)
(0.610753 0 2.86326)
(0.690719 0 2.86325)
(0.772549 0 2.86324)
(0.167047 0 2.97799)
(0.236669 0 2.97795)
(0.307921 0 2.97791)
(0.380843 0 2.97787)
(0.45547 0 2.97784)
(0.531842 0 2.97781)
(0.609998 0 2.97779)
(0.689978 0 2.97778)
(0.771824 0 2.97777)
(0.166285 0 3.09526)
(0.235908 0 3.09523)
(0.307164 0 3.09519)
(0.38009 0 3.09516)
(0.454724 0 3.09514)
(0.531104 0 3.09511)
(0.60927 0 3.0951)
(0.689262 0 3.09508)
(0.771122 0 3.09508)
(0.165569 0 3.21539)
(0.235193 0 3.21536)
(0.306451 0 3.21533)
(0.379381 0 3.2153)
(0.454021 0 3.21528)
(0.530408 0 3.21526)
(0.608583 0 3.21524)
(0.688585 0 3.21523)
(0.770457 0 3.21523)
(0.164913 0 3.33843)
(0.234538 0 3.3384)
(0.305798 0 3.33838)
(0.378731 0 3.33836)
(0.453375 0 3.33834)
(0.529768 0 3.33832)
(0.60795 0 3.33831)
(0.68796 0 3.3383)
(0.769841 0 3.3383)
(0.164332 0 3.46446)
(0.233956 0 3.46444)
(0.305218 0 3.46442)
(0.378154 0 3.4644)
(0.452801 0 3.46439)
(0.529199 0 3.46437)
(0.607386 0 3.46436)
(0.687403 0 3.46436)
(0.769292 0 3.46435)
(0.163842 0 3.59355)
(0.233467 0 3.59354)
(0.304729 0 3.59352)
(0.377667 0 3.59351)
(0.452317 0 3.5935)
(0.528718 0 3.59349)
(0.60691 0 3.59348)
(0.686932 0 3.59348)
(0.768827 0 3.59348)
(0.163463 0 3.72579)
(0.233088 0 3.72578)
(0.304352 0 3.72577)
(0.37729 0 3.72576)
(0.451942 0 3.72575)
(0.528346 0 3.72575)
(0.606541 0 3.72574)
(0.686566 0 3.72574)
(0.768465 0 3.72574)
(0.163218 0 3.86125)
(0.232843 0 3.86124)
(0.304107 0 3.86124)
(0.377046 0 3.86123)
(0.451699 0 3.86123)
(0.528104 0 3.86123)
(0.606301 0 3.86122)
(0.686329 0 3.86122)
(0.768231 0 3.86122)
(0.163132 0 4)
(0.232757 0 4)
(0.304021 0 4)
(0.376961 0 4)
(0.451614 0 4)
(0.52802 0 4)
(0.606217 0 4)
(0.686245 0 4)
(0.768148 0 4)
)


// ************************************************************************* //
