/*--------------------------------*- C++ -*----------------------------------*\
| =========                 |                                                 |
| \\      /  F ield         | OpenFOAM: The Open Source CFD Toolbox           |
|  \\    /   O peration     | Version:  dev                                   |
|   \\  /    A nd           | Web:      www.OpenFOAM.org                      |
|    \\/     M anipulation  |                                                 |
\*---------------------------------------------------------------------------*/
FoamFile
{
    version     2.0;
    format      ascii;
    class       surfaceScalarField;
    location    "1.42";
    object      phi;
}
// * * * * * * * * * * * * * * * * * * * * * * * * * * * * * * * * * * * * * //

dimensions      [0 3 -1 0 0 0 0];

internalField   nonuniform List<scalar> 
5457
(
0.197594
0.00241954
0.195166
0.00244012
0.19266
0.00251921
0.190009
0.00266271
0.187202
0.00281812
0.184234
0.00297723
0.181093
0.00314507
0.177767
0.00332649
0.174239
0.00352261
0.170493
0.00373588
0.16651
0.00396951
0.162268
0.00422463
0.157746
0.00450399
0.152918
0.00481076
0.147753
0.00514844
0.142218
0.00552043
0.136277
0.00593034
0.129887
0.00638244
0.123001
0.00688126
0.115568
0.0074315
0.107531
0.00803825
0.0988285
0.00870614
0.0893931
0.00943977
0.0791524
0.010245
0.0680264
0.0111298
0.0559296
0.0120999
0.0427633
0.0131685
0.0284129
0.0143517
0.0127587
0.0156549
0.0127588
0.199439
0.00299383
0.198348
0.00354337
0.197043
0.00383758
0.195537
0.00418056
0.193821
0.00454591
0.191887
0.00491908
0.189731
0.00530669
0.187343
0.00571424
0.184708
0.00615239
0.181808
0.00662625
0.178629
0.00713483
0.175152
0.00768399
0.171359
0.00827966
0.167223
0.00892849
0.162716
0.00963832
0.157806
0.0104165
0.152454
0.0112709
0.146617
0.0122113
0.140245
0.0132486
0.13328
0.0143947
0.125656
0.0156644
0.117293
0.0170728
0.1081
0.0186368
0.0979672
0.0203822
0.0867479
0.022353
0.0742438
0.0246071
0.0601693
0.0272452
0.0440348
0.0304875
0.0244542
0.0352361
0.0372132
0.199301
0.00370616
0.198288
0.0045681
0.197057
0.00508163
0.195648
0.00560248
0.194055
0.0061497
0.192272
0.00671174
0.190288
0.00729511
0.188096
0.00790664
0.185683
0.00856073
0.183035
0.00926433
0.180139
0.0100175
0.176977
0.0108289
0.173531
0.0117069
0.16978
0.0126613
0.165695
0.0137056
0.161246
0.0148515
0.156394
0.0161109
0.151097
0.017501
0.145299
0.0190413
0.138938
0.0207538
0.131932
0.0226721
0.124176
0.0248317
0.115546
0.027272
0.105875
0.0300576
0.09493
0.0333015
0.0823419
0.0371984
0.0675155
0.042074
0.0495561
0.0484483
0.0271369
0.057656
0.0643502
0.199209
0.00450956
0.198203
0.00558704
0.196986
0.00631124
0.195591
0.00701074
0.194019
0.00773259
0.192265
0.00847528
0.190318
0.00924734
0.188169
0.0100569
0.185808
0.0109168
0.183227
0.0118358
0.180411
0.0128195
0.177346
0.013877
0.174016
0.0150185
0.170403
0.0162555
0.166481
0.0176098
0.16222
0.0190979
0.157586
0.0207331
0.152535
0.0225428
0.147014
0.0245577
0.140954
0.0268113
0.134268
0.0293588
0.126835
0.0322688
0.118492
0.035619
0.109008
0.0395459
0.0980709
0.0442429
0.0852289
0.0500438
0.0697183
0.0575869
0.0502538
0.0679144
0.0266397
0.0812707
0.0909901
0.199161
0.00536096
0.198145
0.00661558
0.196938
0.00753119
0.195556
0.00840538
0.194004
0.00929729
0.192271
0.0102176
0.190349
0.0111749
0.188229
0.0121777
0.185902
0.0132393
0.183358
0.0143705
0.180584
0.0155803
0.177564
0.0168796
0.174283
0.0182801
0.170724
0.0197961
0.166863
0.0214522
0.162675
0.0232707
0.158124
0.025272
0.153164
0.0274936
0.147737
0.0299787
0.141772
0.0327737
0.135172
0.0359592
0.127802
0.0396428
0.119477
0.0439483
0.109932
0.0490945
0.0987718
0.0554075
0.0854553
0.0633636
0.069329
0.0737156
0.0489251
0.0883198
0.0250223
0.105174
0.116013
0.199135
0.00623814
0.19811
0.00765359
0.196913
0.00874045
0.19555
0.00978135
0.194019
0.0108405
0.19231
0.0119367
0.190416
0.0130754
0.188327
0.014268
0.186034
0.0155287
0.183525
0.0168698
0.180788
0.018304
0.177807
0.0198441
0.174564
0.0215038
0.171038
0.0233028
0.16721
0.0252613
0.163057
0.0274075
0.15854
0.0297757
0.153608
0.0324166
0.148193
0.0353873
0.142218
0.0387449
0.135579
0.0425987
0.128124
0.0471007
0.119639
0.052438
0.10985
0.0588873
0.0983565
0.0669054
0.0845247
0.0771987
0.0677359
0.0905069
0.046685
0.109372
0.0230129
0.128847
0.139026
0.199125
0.00712522
0.198097
0.0086935
0.196915
0.00993581
0.195571
0.0111387
0.194062
0.0123626
0.19238
0.0136289
0.190518
0.0149445
0.188464
0.0163232
0.18621
0.0177798
0.183743
0.019328
0.181048
0.0209848
0.17811
0.0227648
0.174912
0.024683
0.171433
0.0267617
0.167647
0.0290287
0.16352
0.0315179
0.159013
0.0342689
0.154076
0.0373424
0.148641
0.0408154
0.142613
0.0447687
0.135878
0.0493341
0.128274
0.054707
0.119571
0.0611454
0.109451
0.0690112
0.0975024
0.0788581
0.08317
0.0915343
0.0657469
0.107932
0.0441491
0.130972
0.020965
0.152032
0.15999
0.199126
0.00801112
0.198104
0.00972728
0.196939
0.0111138
0.195618
0.0124731
0.194137
0.0138572
0.19249
0.0152874
0.190666
0.0167755
0.188655
0.0183365
0.186447
0.0199857
0.184029
0.0217372
0.181386
0.0236147
0.178499
0.0256347
0.175351
0.0278114
0.17192
0.0301731
0.168174
0.0327547
0.164079
0.0355953
0.159585
0.038749
0.154645
0.0422703
0.14919
0.0462627
0.143105
0.0508492
0.136265
0.0561729
0.128498
0.0624767
0.119554
0.070093
0.109108
0.0794611
0.0967154
0.0912545
0.0818609
0.106392
0.0639388
0.125857
0.0420026
0.152909
0.0192842
0.174751
0.179274
0.199133
0.00888927
0.198123
0.010749
0.19698
0.0122707
0.195689
0.0137781
0.194243
0.0153165
0.192636
0.0169063
0.190857
0.0185623
0.188896
0.0203015
0.186739
0.0221402
0.184373
0.0240954
0.181784
0.0261914
0.178955
0.0284464
0.175866
0.0308809
0.172485
0.0335338
0.168787
0.0364328
0.164743
0.0396205
0.160294
0.0431826
0.155373
0.0471787
0.149905
0.0517223
0.143778
0.0569699
0.136857
0.0630925
0.12895
0.0703855
0.119797
0.0792488
0.109053
0.0902091
0.0963023
0.104009
0.0809294
0.121768
0.0626329
0.144155
0.0406368
0.174907
0.018292
0.197096
0.197566
0.199144
0.0097563
0.19815
0.0117546
0.19703
0.0134035
0.195772
0.0150512
0.194365
0.0167375
0.192802
0.0184814
0.191073
0.0202999
0.189166
0.0222128
0.187067
0.0242379
0.184759
0.0263969
0.182232
0.0287059
0.179474
0.0311882
0.176459
0.0338763
0.173157
0.0368149
0.169534
0.0400353
0.165552
0.043584
0.16116
0.0475576
0.156284
0.0520412
0.150836
0.0571603
0.144712
0.0630877
0.137763
0.0700381
0.129769
0.0783806
0.120476
0.0885446
0.109543
0.101145
0.096526
0.117029
0.0807504
0.137546
0.0622004
0.162706
0.0403307
0.196777
0.0183483
0.219079
0.215913
0.199157
0.0106096
0.198183
0.0127406
0.19709
0.0145094
0.195866
0.0162896
0.194502
0.0181169
0.192988
0.0200082
0.191315
0.0219825
0.18947
0.0240633
0.187438
0.0262696
0.185207
0.028622
0.182765
0.0311365
0.18009
0.0338469
0.177155
0.0367917
0.17394
0.0400096
0.170408
0.0435458
0.166507
0.047466
0.162196
0.0518512
0.157405
0.0568175
0.15203
0.0625238
0.145962
0.0691478
0.139048
0.0769483
0.131089
0.0863399
0.121789
0.0978466
0.110816
0.11212
0.0976785
0.130169
0.0818677
0.153358
0.0633222
0.181252
0.0417257
0.218373
0.0200569
0.240746
0.235968
0.199176
0.0114434
0.198227
0.0137007
0.197167
0.0155829
0.195983
0.0174882
0.194666
0.0194487
0.193208
0.0214801
0.191599
0.0236024
0.189824
0.0258448
0.187869
0.0282256
0.185725
0.0307613
0.183371
0.0334799
0.180784
0.0364186
0.177941
0.039616
0.174824
0.0431059
0.171406
0.0469425
0.167631
0.0512209
0.163443
0.0560209
0.158772
0.0614726
0.15353
0.0677544
0.147599
0.0750692
0.140814
0.0837285
0.133007
0.0941462
0.123913
0.106941
0.113128
0.122906
0.100192
0.143106
0.0848385
0.168713
0.0666857
0.199405
0.0459068
0.239149
0.0244978
0.262152
0.260463
0.1992
0.0122525
0.198282
0.0146293
0.197259
0.0166192
0.19612
0.0186424
0.194857
0.0207276
0.193461
0.0228913
0.191918
0.0251574
0.190215
0.027555
0.188343
0.0300999
0.186288
0.0328125
0.184026
0.0357328
0.181542
0.0388876
0.178827
0.0423129
0.175847
0.0460658
0.172563
0.0502057
0.168935
0.0548283
0.164906
0.0600308
0.160411
0.0659512
0.155375
0.0727771
0.149686
0.0807487
0.143189
0.0902186
0.135701
0.101633
0.127025
0.115616
0.11679
0.133141
0.104687
0.155208
0.0904197
0.182979
0.0734309
0.216391
0.0546398
0.257936
0.0336958
0.283091
0.294155
0.199227
0.0130335
0.198342
0.0155246
0.197356
0.0176185
0.196265
0.0197497
0.195059
0.0219494
0.193727
0.0242388
0.192253
0.0266443
0.190631
0.0291862
0.188852
0.0318824
0.186899
0.0347627
0.184754
0.03787
0.182401
0.0412275
0.179825
0.0448714
0.176993
0.0488789
0.173866
0.0533117
0.170416
0.0582576
0.166596
0.0638319
0.162344
0.0701862
0.157597
0.0775094
0.152265
0.0860704
0.146206
0.09627
0.139282
0.108553
0.131306
0.123591
0.122107
0.14234
0.111574
0.16574
0.0993964
0.195154
0.0852995
0.230483
0.0707124
0.272516
0.0513411
0.302456
0.345493
0.199248
0.0137926
0.198391
0.0163909
0.197443
0.0185803
0.196399
0.0208092
0.195251
0.0231149
0.193984
0.0255223
0.192588
0.0280544
0.191056
0.0307275
0.189375
0.0335688
0.187524
0.0366122
0.185496
0.0398921
0.183273
0.0434387
0.180831
0.0472973
0.178151
0.0515401
0.175206
0.0562359
0.171965
0.0614789
0.168385
0.0673922
0.164421
0.0741337
0.160021
0.0818943
0.155104
0.0909762
0.149596
0.101769
0.143415
0.114728
0.136459
0.130544
0.128829
0.149968
0.120573
0.173992
0.111875
0.203847
0.103265
0.239085
0.0970112
0.278759
0.0885495
0.310909
0.434039
0.0033185
-0.00331955
0.00696955
-0.00365916
0.0108139
-0.00387721
0.0148139
-0.00406683
0.018922
-0.00418115
0.0230552
-0.00417916
0.027067
-0.00403032
0.0308626
-0.00380266
0.0343925
-0.00353785
0.0376413
-0.0032602
0.0406028
-0.00297507
0.0432704
-0.00268418
0.0456557
-0.00240508
0.0477759
-0.00214133
0.0496186
-0.00186299
0.0512052
-0.0016042
0.0525785
-0.00138628
0.0537745
-0.00120291
0.0548279
-0.00105309
0.0557789
-0.000942914
0.0566789
-0.000883845
0.0575868
-0.000883965
0.0585749
-0.000956839
0.0597392
-0.00112651
0.0611998
-0.00141729
0.0631082
-0.00186048
0.0656613
-0.00250167
0.069117
-0.00340184
0.0737953
-0.00462274
-0.00619529
0.00232445
-0.00564512
0.00550158
-0.00684518
0.00927806
-0.00768852
0.0132757
-0.00813262
0.0172617
-0.00823883
0.0210601
-0.00802146
0.0245758
-0.00756329
0.0277687
-0.00700251
0.0306126
-0.00638979
0.0331066
-0.0057661
0.035246
-0.00512837
0.0370332
-0.00448805
0.0384644
-0.00385605
0.0395214
-0.00321935
0.0402084
-0.00257018
0.0405238
-0.00193686
0.0404785
-0.00135362
0.0401069
-0.000837933
0.0394804
-0.000426098
0.0387448
-0.000198937
0.0380953
-0.000218038
0.0377078
-0.000472351
0.0377098
-0.000927443
0.038206
-0.00158487
0.0393019
-0.00246988
0.041122
-0.00363266
0.0438166
-0.00514502
0.0475645
-0.00709585
0.0526179
-0.00962068
-0.0128607
0.00170705
-0.00735341
0.00417389
-0.00932221
0.00734351
-0.0108952
0.0105981
-0.0114542
0.0136206
-0.0113277
0.016265
-0.010705
0.0184964
-0.00981066
0.0203107
-0.00882445
0.0217161
-0.00780436
0.0227256
-0.00678845
0.0233411
-0.00575856
0.0235518
-0.00471591
0.0233469
-0.00367115
0.0227391
-0.00263243
0.0217737
-0.00162452
0.0204679
-0.000647911
0.0188958
0.000206272
0.0173328
0.000718847
0.0160681
0.000839525
0.0152028
0.000674944
0.0147359
0.00026534
0.0147075
-0.000419741
0.0152412
-0.00142991
0.0164469
-0.00275291
0.0183735
-0.00435339
0.0210252
-0.00623677
0.0244001
-0.00846895
0.0285509
-0.0111931
0.0335968
-0.0146114
-0.0191405
0.00141923
-0.00877408
0.00329761
-0.0112124
0.00574195
-0.013378
0.00797663
-0.0137513
0.00974863
-0.0131568
0.0109975
-0.011987
0.0117681
-0.0105962
0.0120899
-0.0091555
0.0120056
-0.00773122
0.0115383
-0.00633553
0.0106981
-0.00493443
0.00949757
-0.00353331
0.00797493
-0.00216876
0.00613241
-0.000810657
0.00406752
0.000420955
0.00213755
0.00126572
0.000619174
0.00171298
-0.000525372
0.00185771
-0.00135797
0.0016734
-0.00182172
0.00114751
-0.00182712
0.000287242
-0.00126991
-0.000952941
-8.78393e-05
-0.00258097
0.00170419
-0.00450766
0.00406245
-0.00666899
0.00693425
-0.0090615
0.010244
-0.0117282
0.0139711
-0.0148672
0.0180601
-0.0186457
-0.0237651
0.0012535
-0.0100293
0.00258589
-0.0125582
0.00417145
-0.0150018
0.00517301
-0.0148077
0.00551918
-0.0135495
0.00530108
-0.0117962
0.00463172
-0.00994163
0.00358123
-0.00811648
0.00219805
-0.0063615
0.000522252
-0.00467599
-0.00137507
-0.00305461
-0.00344688
-0.0014804
-0.00567689
4.07025e-05
-0.00779276
0.0012846
-0.00953586
0.00214502
-0.0109813
0.00269535
-0.0121826
0.00290312
-0.0130693
0.00273917
-0.0135821
0.00218774
-0.013662
0.00123642
-0.0132343
-0.000123972
-0.0122789
-0.00188461
-0.0108395
-0.00398972
-0.00896642
-0.006344
-0.00671571
-0.00887764
-0.00415056
-0.0115802
-0.00131988
-0.014509
0.00163681
-0.0177715
0.0044878
-0.0214426
-0.0261693
0.0010993
-0.0111309
0.00183701
-0.0133107
0.00234982
-0.0155504
0.00193783
-0.014441
0.000810965
-0.0124588
-0.000779757
-0.010228
-0.00267436
-0.00806204
-0.00476159
-0.00604294
-0.00698171
-0.00415698
-0.00929409
-0.00238148
-0.0116828
-0.000684649
-0.0140257
0.000842685
-0.0160866
0.00208082
-0.0178451
0.00302262
-0.0193922
0.00367349
-0.0206861
0.00397398
-0.0216769
0.00388324
-0.0223141
0.00337164
-0.0225474
0.0024229
-0.0223344
0.00103241
-0.0216466
-0.000795477
-0.0205084
-0.00299931
-0.0189871
-0.00548095
-0.0171551
-0.00813986
-0.0150993
-0.010892
-0.0129282
-0.0137057
-0.0107844
-0.0166037
-0.00885919
-0.0196452
-0.00732853
-0.02292
-0.0266167
0.000874809
-0.0120085
0.000854827
-0.013306
1.95328e-05
-0.0147463
-0.0018168
-0.0126397
-0.00418436
-0.0101186
-0.0067924
-0.00763924
-0.00947662
-0.00539331
-0.0121547
-0.00338026
-0.0147993
-0.00152946
-0.0173694
0.000169819
-0.0197286
0.00165482
-0.0217996
0.00289335
-0.0236445
0.0039048
-0.0252892
0.00464712
-0.0266928
0.00505885
-0.0278131
0.00507949
-0.0286073
0.00466732
-0.029037
0.00379697
-0.0290684
0.00245632
-0.0286796
0.000652642
-0.0278786
-0.00158031
-0.0267082
-0.00414667
-0.0252394
-0.00692027
-0.0235622
-0.00978159
-0.0217881
-0.0126256
-0.0200559
-0.0153932
-0.0185366
-0.0180749
-0.0174138
-0.0207173
-0.016884
-0.0233973
-0.0260373
0.00052117
-0.0125331
-0.000506907
-0.0122925
-0.00275758
-0.0125207
-0.00577465
-0.00964841
-0.009047
-0.00686718
-0.0122908
-0.00441253
-0.015394
-0.00230587
-0.0183183
-0.000472358
-0.0209918
0.00112618
-0.0233579
0.00251657
-0.0254603
0.00373707
-0.0273711
0.00478348
-0.0290893
0.00560216
-0.0305887
0.00612665
-0.0318341
0.00628653
-0.0327899
0.00602104
-0.0334221
0.00528986
-0.0337022
0.00407302
-0.0336103
0.00236669
-0.0331391
0.000190417
-0.0323132
-0.00239038
-0.0311818
-0.00525554
-0.0298175
-0.00825574
-0.028321
-0.0112435
-0.0268198
-0.0140873
-0.0254685
-0.0167006
-0.0244386
-0.0190576
-0.0238925
-0.0212138
-0.0240106
-0.0232277
-0.0250296
5.24747e-06
-0.0125422
-0.0022583
-0.0100414
-0.00577582
-0.00902168
-0.00966049
-0.00578211
-0.0134604
-0.00308366
-0.0169728
-0.000915759
-0.020107
0.000812553
-0.0228393
0.00224326
-0.0252281
0.003497
-0.0273703
0.00463956
-0.0293139
0.0056605
-0.0310683
0.00651718
-0.0326248
0.00713807
-0.0339627
0.00744514
-0.0350553
0.00736201
-0.0358731
0.00682513
-0.0363866
0.00579416
-0.0365719
0.00425459
-0.0364177
0.00221476
-0.0359264
-0.000291992
-0.0351262
-0.00317513
-0.0340655
-0.00629417
-0.0328168
-0.00947635
-0.0314852
-0.0125413
-0.0302066
-0.0153273
-0.0291409
-0.0177234
-0.0284541
-0.0196983
-0.0282972
-0.021322
-0.0288087
-0.0226658
-0.0238108
-0.000691756
-0.0118543
-0.00430996
-0.00643274
-0.00881192
-0.00453264
-0.0131689
-0.00143833
-0.0170453
0.000779387
-0.0203565
0.00238126
-0.023166
0.00360662
-0.0255962
0.00465701
-0.0277472
0.00563023
-0.0296761
0.0065496
-0.0314151
0.0073797
-0.0329727
0.00805435
-0.0343454
0.00849069
-0.0355206
0.00860148
-0.0364779
0.00830266
-0.0371906
0.00752473
-0.0376301
0.00622491
-0.0377726
0.00439363
-0.0376084
0.00205294
-0.0371449
-0.000746763
-0.0364064
-0.00389855
-0.0354346
-0.00724455
-0.0342987
-0.0105849
-0.0331033
-0.0137038
-0.0319868
-0.0164062
-0.0311109
-0.0185576
-0.0306407
-0.0201234
-0.0307239
-0.0211914
-0.0314592
-0.0218811
-0.0224757
-0.0017694
-0.0100882
-0.00660293
-0.00160593
-0.0115575
0.000412995
-0.015785
0.00277915
-0.0192962
0.00427937
-0.0222152
0.00528736
-0.0246746
0.00605143
-0.0267827
0.00674917
-0.0286322
0.00746247
-0.0302835
0.00818264
-0.0317676
0.00884447
-0.0330968
0.00936373
-0.0342737
0.00964807
-0.0352922
0.00960176
-0.0361364
0.00913094
-0.0367806
0.00815639
-0.0371933
0.00662932
-0.0373462
0.00454332
-0.0372258
0.00193496
-0.0368374
-0.00112658
-0.0361976
-0.00452371
-0.0353372
-0.00808412
-0.0343173
-0.0115783
-0.0332364
-0.0147529
-0.0322298
-0.0173762
-0.0314612
-0.0192857
-0.0311017
-0.0204391
-0.031305
-0.0209416
-0.0321522
-0.0209857
-0.0210733
-0.00340099
-0.0066898
-0.00884963
0.00383822
-0.01344
0.00499685
-0.0171606
0.0064915
-0.0202123
0.0073213
-0.0226869
0.00775023
-0.0246969
0.00804786
-0.0263754
0.00841245
-0.0278357
0.00890626
-0.0291455
0.00947479
-0.030333
0.0100133
-0.0314085
0.0104199
-0.0323785
0.0105993
-0.033244
0.0104497
-0.0339939
0.00986568
-0.0346037
0.00875421
-0.035038
0.00705576
-0.0352596
0.00476203
-0.0352446
0.00192245
-0.0349903
-0.00137249
-0.0345021
-0.00499771
-0.0337953
-0.00877076
-0.0329165
-0.0124314
-0.0319524
-0.015686
-0.0310284
-0.0182647
-0.0303068
-0.0199678
-0.0299717
-0.0207314
-0.0301971
-0.0206709
-0.0310766
-0.0200591
-0.0196283
-0.00521986
-0.00147163
-0.0103621
0.00897738
-0.01419
0.0088195
-0.0173625
0.00965675
-0.0198884
0.00983819
-0.0217841
0.00963516
-0.0231878
0.0094389
-0.0243009
0.0095112
-0.0252835
0.00987302
-0.0262004
0.0103746
-0.0270568
0.0108516
-0.0278511
0.0111957
-0.028594
0.0113241
-0.0292965
0.0111355
-0.0299549
0.0105096
-0.0305484
0.0093364
-0.0310425
0.00754246
-0.0313914
0.00510824
-0.0315525
0.00208615
-0.0315082
-0.00140868
-0.0312506
-0.00524139
-0.0307774
-0.00922451
-0.0301109
-0.013073
-0.0293091
-0.0164579
-0.0284794
-0.0190599
-0.0277798
-0.0206292
-0.0274083
-0.0210612
-0.0275745
-0.0204607
-0.0284223
-0.0191652
-0.0181475
-0.00743047
0.00595786
-0.010696
0.0122405
-0.0137123
0.0118312
-0.0164374
0.0123752
-0.0183804
0.0117727
-0.0195099
0.0107544
-0.0200898
0.0100068
-0.0204782
0.00988591
-0.020911
0.0102906
-0.0214087
0.0108559
-0.0219082
0.0113337
-0.022384
0.0116538
-0.0228595
0.0117825
-0.0233636
0.0116237
-0.0239002
0.0110324
-0.0244537
0.00987927
-0.0250021
0.00808406
-0.0255074
0.00561116
-0.0259072
0.00248856
-0.0261564
-0.0011514
-0.0262333
-0.00515104
-0.026117
-0.00932192
-0.0257975
-0.0133684
-0.0252824
-0.016944
-0.0246434
-0.0196655
-0.0240106
-0.0212248
-0.0235807
-0.0214507
-0.0236212
-0.0203772
-0.0243768
-0.0183648
-0.0166276
-0.00629736
0.0122545
-0.00825981
0.0142005
-0.011946
0.0155131
-0.0147009
0.015124
-0.0159718
0.0130355
-0.015989
0.0107618
-0.0153716
0.00937795
-0.0148213
0.00932257
-0.0146873
0.010142
-0.0148022
0.0109551
-0.0149348
0.0114497
-0.015036
0.0117383
-0.0151763
0.0119066
-0.0154176
0.0118501
-0.0157602
0.0113623
-0.0161805
0.0102898
-0.0166773
0.0085747
-0.0172604
0.00619236
-0.0178844
0.00311552
-0.0184693
-0.000558536
-0.0189772
-0.00462994
-0.0193788
-0.00890191
-0.0196173
-0.0131064
-0.019627
-0.0169063
-0.0194006
-0.0198595
-0.019003
-0.0215862
-0.0185992
-0.0218152
-0.0185112
-0.0204235
-0.0191201
-0.0177121
-0.0150795
0.206916
0.0145431
0.206074
0.0172411
0.205151
0.0195167
0.204137
0.0218395
0.203023
0.0242477
0.201795
0.0267677
0.200448
0.0294176
0.198968
0.032219
0.19734
0.0352037
0.19555
0.0384029
0.193597
0.0418401
0.191467
0.0455589
0.18913
0.0496196
0.186572
0.0540793
0.183775
0.0590136
0.180715
0.0645178
0.177366
0.0707218
0.173692
0.0777901
0.169653
0.0859187
0.165209
0.095408
0.160381
0.106588
0.155144
0.119958
0.14963
0.136054
0.144133
0.155461
0.13908
0.179041
0.135684
0.207235
0.136284
0.238474
0.146382
0.268648
0.171147
0.286134
0.281129
0.324055
0.211956
0.0152763
0.211142
0.0180632
0.210255
0.0204156
0.209286
0.0228254
0.20822
0.025332
0.207048
0.0279595
0.205763
0.0307194
0.204353
0.0336427
0.202809
0.0367559
0.201127
0.0400882
0.199292
0.0436722
0.197289
0.0475536
0.195102
0.0517926
0.192725
0.0564394
0.190142
0.0615774
0.187342
0.0672985
0.184308
0.0737369
0.181029
0.0810514
0.177491
0.0894417
0.173735
0.0991518
0.16981
0.110503
0.165839
0.123921
0.162183
0.139704
0.159331
0.158305
0.158308
0.180056
0.161319
0.204213
0.172159
0.22762
0.196896
0.243895
0.236844
0.246176
0.244235
0.273735
0.217126
0.0159846
0.216346
0.0188511
0.215502
0.0212712
0.214582
0.0237602
0.213573
0.0263598
0.21247
0.0290831
0.211268
0.0319404
0.209954
0.0349714
0.208522
0.0381993
0.206962
0.0416529
0.205262
0.0453709
0.203417
0.0493924
0.201424
0.0537742
0.199276
0.0585718
0.196963
0.0638731
0.19448
0.0697627
0.191844
0.0763547
0.18906
0.083818
0.186171
0.0923168
0.183264
0.102046
0.180431
0.113326
0.178001
0.126341
0.176471
0.141224
0.176571
0.158195
0.17972
0.176896
0.188279
0.19564
0.204725
0.211157
0.229252
0.219353
0.256627
0.21879
0.212051
0.288808
0.222425
0.0166626
0.221686
0.0195982
0.220893
0.0220761
0.220032
0.0246353
0.219094
0.0273159
0.218078
0.0301201
0.216973
0.0330657
0.215767
0.0361945
0.214454
0.0395247
0.213032
0.0430822
0.211497
0.0469069
0.209845
0.0510399
0.208079
0.0555316
0.206194
0.0604435
0.204197
0.0658547
0.202099
0.0718433
0.199934
0.0785031
0.197732
0.0860034
0.195594
0.0944415
0.193635
0.103994
0.192059
0.114893
0.191322
0.127067
0.19197
0.140563
0.194866
0.155286
0.201434
0.170313
0.213245
0.183811
0.230738
0.193645
0.252266
0.197808
0.275778
0.195265
0.185189
0.302634
0.22786
0.0173017
0.227172
0.0202954
0.226439
0.02282
0.225649
0.0254399
0.224792
0.0281908
0.223867
0.0310656
0.222865
0.0340888
0.22178
0.0372982
0.22061
0.0407089
0.219353
0.0443488
0.218009
0.0482552
0.21658
0.0524672
0.215071
0.057034
0.213487
0.0620164
0.211853
0.0674754
0.210203
0.0734781
0.208569
0.080122
0.207029
0.0875291
0.205712
0.0957455
0.20478
0.104917
0.204558
0.115106
0.205485
0.126129
0.208108
0.137926
0.213302
0.150074
0.222097
0.161499
0.235007
0.17088
0.251578
0.177054
0.270434
0.178933
0.289994
0.175692
0.16581
0.309364
0.233433
0.0178948
0.232802
0.0209355
0.232135
0.0234983
0.231421
0.0261681
0.230657
0.0289731
0.229839
0.0319045
0.228958
0.0349913
0.228013
0.0382636
0.227004
0.0417347
0.225933
0.0454309
0.224805
0.0493899
0.223626
0.0536469
0.222406
0.0582509
0.221164
0.0632502
0.219931
0.0686969
0.218762
0.0746341
0.217708
0.0811626
0.216873
0.0883516
0.21642
0.0961876
0.216557
0.10477
0.217637
0.114016
0.220051
0.123703
0.224329
0.133634
0.231145
0.143241
0.240925
0.151698
0.253575
0.158207
0.268549
0.162058
0.284821
0.162641
0.301026
0.159471
0.150526
0.316299
0.239147
0.0184347
0.23858
0.0215106
0.237985
0.0241043
0.237361
0.026807
0.236705
0.0296474
0.236004
0.032626
0.235257
0.0357604
0.234469
0.0390735
0.233641
0.0425824
0.232778
0.046309
0.231887
0.0502902
0.230979
0.0545586
0.230073
0.0591552
0.2292
0.0641175
0.228404
0.0694839
0.227743
0.0752854
0.227292
0.0816025
0.227187
0.088445
0.227607
0.0957579
0.228778
0.103589
0.231019
0.111764
0.234687
0.120023
0.240187
0.128118
0.247846
0.135566
0.257714
0.141811
0.26957
0.146329
0.28294
0.148666
0.29708
0.14848
0.311024
0.145508
0.137605
0.323932
0.245009
0.0189103
0.244516
0.022011
0.244001
0.0246301
0.243473
0.02735
0.24293
0.0302085
0.242362
0.0332157
0.241767
0.0363776
0.241152
0.0397118
0.240522
0.0432339
0.239882
0.0469674
0.239243
0.050942
0.238625
0.0551841
0.238055
0.0597268
0.237573
0.0645966
0.237236
0.0698143
0.237102
0.0754119
0.237269
0.0814261
0.237899
0.0878063
0.239153
0.094494
0.241265
0.101469
0.244504
0.108515
0.249115
0.115397
0.255319
0.121897
0.263225
0.127642
0.272784
0.132234
0.283748
0.135344
0.295712
0.136681
0.308168
0.136003
0.320418
0.133239
0.126363
0.331645
0.251015
0.0193173
0.250602
0.0224301
0.250181
0.025062
0.249761
0.0277843
0.249343
0.0306447
0.248919
0.033661
0.248489
0.0368309
0.248057
0.0401672
0.247636
0.0436779
0.247234
0.0473903
0.246868
0.0513262
0.246558
0.0555068
0.246339
0.0599518
0.24627
0.0646674
0.246397
0.0696836
0.24679
0.075013
0.24758
0.0806285
0.248915
0.0864639
0.250941
0.09246
0.253865
0.0985365
0.257864
0.104505
0.263063
0.110183
0.269573
0.11537
0.277421
0.119776
0.286513
0.123123
0.296621
0.125217
0.307422
0.125861
0.318517
0.12489
0.329392
0.122347
0.116375
0.339366
0.25717
0.0196492
0.256848
0.0227589
0.256532
0.0253879
0.256233
0.0280976
0.255952
0.0309429
0.25568
0.0339539
0.255416
0.0371179
0.255181
0.0404259
0.254986
0.0438966
0.254834
0.0475649
0.254751
0.0514294
0.254765
0.0555102
0.254916
0.0598138
0.255258
0.0643321
0.255842
0.0691003
0.256766
0.0740858
0.258165
0.0792244
0.260154
0.0844687
0.262851
0.0897553
0.266398
0.0949825
0.270891
0.100002
0.276408
0.104652
0.283005
0.108756
0.290657
0.112107
0.299233
0.114529
0.308554
0.115877
0.318387
0.116009
0.328374
0.114885
0.338133
0.112572
0.107357
0.347138
0.263481
0.0198979
0.26326
0.0229856
0.26306
0.0255969
0.262885
0.0282854
0.262747
0.0310982
0.26264
0.0340812
0.262559
0.0372211
0.262533
0.0404764
0.262571
0.0438825
0.262679
0.04748
0.262885
0.0512455
0.263227
0.0551869
0.263748
0.059308
0.264495
0.0635979
0.265548
0.0680541
0.26701
0.0726262
0.268969
0.0772633
0.27151
0.0819224
0.274724
0.086535
0.278699
0.0910008
0.283504
0.0951877
0.289183
0.0989601
0.295744
0.102179
0.303122
0.104712
0.311198
0.106437
0.319837
0.107221
0.328833
0.106996
0.337899
0.105803
0.346757
0.103698
0.0991165
0.354986
0.269947
0.0200589
0.269833
0.0231032
0.269765
0.0256733
0.269733
0.0283294
0.26974
0.0311074
0.269797
0.0340433
0.269916
0.037124
0.270108
0.0403078
0.270379
0.0436354
0.270752
0.047131
0.271252
0.0507674
0.271922
0.0545372
0.272815
0.0584325
0.273986
0.062442
0.275511
0.0665406
0.277457
0.0706878
0.279881
0.0748421
0.282852
0.07895
0.286444
0.082939
0.290721
0.0867181
0.295721
0.0901792
0.301457
0.0932129
0.307896
0.095727
0.314966
0.0976274
0.322593
0.0987946
0.33065
0.0991493
0.338931
0.0987002
0.347224
0.097496
0.355338
0.0955703
0.0915216
0.362923
0.276581
0.0201178
0.27658
0.0231068
0.276645
0.0256141
0.276765
0.0282206
0.276929
0.0309581
0.277161
0.033829
0.277483
0.0368228
0.277895
0.0399188
0.278404
0.0431502
0.279043
0.0465153
0.27985
0.0499824
0.280865
0.0535428
0.282137
0.0571795
0.283716
0.0608782
0.285652
0.0646178
0.287993
0.0683577
0.290792
0.0720501
0.294106
0.0756392
0.297987
0.0790577
0.302474
0.082228
0.307583
0.0850641
0.313293
0.0874936
0.31956
0.089448
0.326349
0.0908264
0.333582
0.091549
0.341111
0.0916073
0.348775
0.0910232
0.356426
0.0898324
0.363921
0.0880639
0.0844687
0.370965
0.283383
0.020065
0.283506
0.022984
0.283706
0.0254181
0.283975
0.0279612
0.28431
0.0306358
0.284732
0.0334239
0.285256
0.0363177
0.285886
0.0393104
0.286645
0.0424133
0.28757
0.0456129
0.288693
0.048881
0.290051
0.0522054
0.291675
0.0555745
0.293602
0.0589669
0.29588
0.0623539
0.298553
0.0656963
0.301664
0.0689477
0.305254
0.0720553
0.309354
0.0749604
0.313982
0.0776001
0.319126
0.0799168
0.324757
0.0818553
0.330862
0.0833344
0.337397
0.0842823
0.344253
0.0846818
0.35131
0.0845393
0.358453
0.0838701
0.365565
0.0827089
0.372538
0.0810805
0.0778757
0.379123
0.290348
0.0198988
0.29061
0.0227203
0.29095
0.0250798
0.291371
0.0275469
0.291881
0.0301365
0.292497
0.0328223
0.293234
0.0355982
0.294098
0.0384663
0.29512
0.0414121
0.296333
0.0444202
0.297758
0.0474773
0.299419
0.0505641
0.30135
0.0536617
0.303586
0.0567464
0.306166
0.0597883
0.309123
0.0627503
0.312491
0.065589
0.316296
0.0682568
0.320558
0.0707027
0.325267
0.0728931
0.330397
0.0747852
0.335949
0.0762997
0.3419
0.0773765
0.348175
0.0779995
0.354682
0.0781668
0.361331
0.0778817
0.368029
0.0771628
0.374687
0.0760419
0.381218
0.0745403
0.0716758
0.387412
0.297483
0.0196144
0.297885
0.0223141
0.298377
0.0245876
0.298963
0.0269651
0.299656
0.0294516
0.300474
0.0320172
0.301428
0.0346582
0.302536
0.0373762
0.303816
0.0401499
0.305293
0.0429629
0.306989
0.0458002
0.308929
0.048642
0.311141
0.0514663
0.313655
0.0542481
0.316498
0.0569582
0.319697
0.0595621
0.323274
0.0620211
0.327244
0.064294
0.331613
0.0663381
0.336364
0.0681446
0.341477
0.0696726
0.346945
0.0708289
0.352727
0.0715909
0.35875
0.0719705
0.364946
0.071964
0.371241
0.0715796
0.37756
0.0708364
0.383831
0.0697632
0.389986
0.0683779
0.0658134
0.395843
0.304799
0.0191997
0.305342
0.0217646
0.305993
0.0239338
0.306755
0.026205
0.307641
0.0285706
0.308664
0.0310039
0.309835
0.0334993
0.311173
0.036052
0.312696
0.0386426
0.314423
0.0412526
0.316375
0.0438648
0.318574
0.0464591
0.321042
0.049013
0.323802
0.0515017
0.326875
0.0538974
0.330278
0.056169
0.334024
0.0582835
0.338118
0.0602065
0.342555
0.061905
0.347327
0.0633751
0.352415
0.0645856
0.357786
0.0654572
0.363396
0.0659779
0.369192
0.0661703
0.375115
0.0660359
0.381103
0.0655852
0.387097
0.0648368
0.393036
0.0638165
0.398868
0.0625395
0.0602421
0.404435
0.312301
0.0186434
0.312992
0.0210644
0.313804
0.0231154
0.314745
0.0252631
0.315824
0.0274941
0.31705
0.0297839
0.318435
0.0321224
0.319998
0.0345002
0.321754
0.0368993
0.323719
0.0393006
0.325912
0.0416858
0.32835
0.0440347
0.33105
0.0463253
0.334029
0.0485339
0.337302
0.0506352
0.340877
0.0526021
0.34476
0.0544068
0.34895
0.0560218
0.353436
0.0574217
0.358209
0.0586042
0.36325
0.059546
0.36852
0.0601871
0.373974
0.0605218
0.379567
0.0605734
0.385251
0.0603476
0.390974
0.0598565
0.396687
0.059118
0.402343
0.0581547
0.407897
0.0569796
0.0549224
0.413212
0.319987
0.0179394
0.320831
0.0202069
0.32181
0.0221276
0.32293
0.0241381
0.3242
0.0262231
0.325628
0.0283584
0.327225
0.0305303
0.329007
0.0327261
0.330987
0.0349284
0.333179
0.0371184
0.335597
0.0392776
0.338256
0.0413862
0.341167
0.0434235
0.344342
0.0453676
0.347789
0.0471961
0.351511
0.0488859
0.355508
0.0504143
0.359773
0.0517596
0.364294
0.0529027
0.369057
0.053842
0.374042
0.0545611
0.379212
0.0550168
0.384523
0.0552079
0.389938
0.0551553
0.395413
0.0548674
0.400908
0.0543568
0.40638
0.0536401
0.411791
0.0527371
0.417105
0.0516593
0.0498201
0.422203
0.32786
0.0170831
0.328863
0.0191867
0.330012
0.0209668
0.331312
0.0228294
0.332772
0.0247583
0.3344
0.0267297
0.336204
0.0287269
0.338199
0.0307352
0.340394
0.0327376
0.342802
0.0347161
0.345434
0.0366527
0.348298
0.0385286
0.351403
0.0403247
0.354754
0.0420214
0.358355
0.0435993
0.362205
0.0450392
0.366298
0.0463229
0.370624
0.0474336
0.375169
0.0483575
0.379916
0.0490936
0.384846
0.0496307
0.389921
0.0499392
0.395105
0.0500206
0.400363
0.0498934
0.405658
0.0495667
0.410956
0.0490531
0.416221
0.0483678
0.421424
0.0475281
0.426532
0.0465439
0.0449043
0.431443
0.335923
0.016071
0.33709
0.0179995
0.338411
0.0196302
0.339892
0.0213358
0.341542
0.0231001
0.343367
0.0248994
0.345375
0.0267156
0.347577
0.0285326
0.349981
0.0303338
0.352596
0.0321025
0.35543
0.0338217
0.358486
0.0354741
0.36177
0.0370426
0.365283
0.03851
0.369023
0.0398597
0.372986
0.0410761
0.377162
0.0421447
0.38154
0.0430531
0.386103
0.0437913
0.390833
0.0443592
0.395711
0.0447497
0.400703
0.044943
0.405776
0.0449427
0.410899
0.0447645
0.41604
0.044418
0.421171
0.0439147
0.426263
0.0432686
0.431288
0.0424947
0.436222
0.0416015
0.0401461
0.440974
0.34418
0.0149004
0.345513
0.0166423
0.347009
0.0181152
0.348673
0.0196558
0.350512
0.0212481
0.352533
0.0228688
0.354743
0.024499
0.357147
0.0261225
0.359754
0.0277233
0.362568
0.0292857
0.365593
0.0307942
0.368831
0.0322336
0.372283
0.0335887
0.375945
0.0348449
0.379813
0.0359881
0.383879
0.0370058
0.388131
0.0378867
0.392556
0.0386218
0.397136
0.039204
0.401854
0.0396341
0.406689
0.039908
0.411613
0.0400131
0.416593
0.0399541
0.421605
0.0397446
0.42662
0.0393935
0.431613
0.0389117
0.436561
0.0383114
0.441439
0.0376057
0.446229
0.0368018
0.0355186
0.450848
0.352635
0.0135692
0.354137
0.0151127
0.355809
0.0164198
0.357657
0.0177885
0.359686
0.0192025
0.361902
0.0206389
0.364309
0.0220797
0.366913
0.0235086
0.369717
0.0249108
0.372724
0.0262718
0.375933
0.0275777
0.379344
0.0288152
0.382955
0.0299712
0.386759
0.0310333
0.390748
0.0319902
0.394913
0.0328318
0.399241
0.0335495
0.403715
0.0341367
0.408318
0.034589
0.413034
0.0349076
0.417842
0.0350904
0.422714
0.0351303
0.427625
0.0350322
0.432551
0.0348077
0.437467
0.0344652
0.442352
0.0340143
0.447184
0.0334658
0.451946
0.0328309
0.456619
0.0321157
0.0309951
0.461132
0.361293
0.0120755
0.362966
0.0134084
0.364817
0.0145421
0.366849
0.0157329
0.369067
0.0169632
0.371477
0.0182112
0.374081
0.0194597
0.376881
0.0206938
0.379879
0.0218997
0.383074
0.0230644
0.386463
0.0241758
0.390044
0.0252222
0.393811
0.0261925
0.397755
0.0270767
0.401867
0.0278656
0.406133
0.0285512
0.410541
0.0291273
0.415073
0.0295892
0.419712
0.0299342
0.42444
0.0301639
0.429239
0.0302777
0.434083
0.0302719
0.438949
0.0301517
0.443814
0.0299265
0.44866
0.029604
0.453465
0.0291927
0.458213
0.0287018
0.462886
0.0281409
0.467471
0.027515
0.0265504
0.471901
0.370159
0.0104167
0.372007
0.0115261
0.374038
0.0124799
0.376256
0.0134878
0.378665
0.0145298
0.381268
0.0155854
0.384068
0.0166396
0.387063
0.0176788
0.390254
0.0186907
0.393637
0.0196639
0.397208
0.020588
0.40096
0.021453
0.404885
0.02225
0.408974
0.0229707
0.413214
0.0236077
0.417591
0.0241553
0.42209
0.0246087
0.426694
0.0249649
0.431384
0.0252223
0.436145
0.0253826
0.440958
0.0254464
0.445799
0.025412
0.450647
0.0252844
0.455482
0.0250713
0.460287
0.0247793
0.465044
0.0244157
0.469737
0.0239884
0.474352
0.0235052
0.478877
0.0229701
0.022157
0.483253
0.37924
0.00858876
0.381267
0.00946085
0.383483
0.0102309
0.385887
0.0110524
0.388487
0.0119016
0.391284
0.0127611
0.394281
0.0136186
0.397473
0.0144624
0.400859
0.0152818
0.404434
0.0160672
0.40819
0.0168098
0.412119
0.0175017
0.416211
0.0181355
0.420454
0.0187049
0.424835
0.0192041
0.429337
0.0196289
0.433945
0.0199759
0.438641
0.0202431
0.443407
0.0204298
0.448227
0.0205377
0.453081
0.0205678
0.45795
0.0205199
0.462812
0.0203982
0.46765
0.0202088
0.472447
0.0199573
0.477188
0.0196498
0.481859
0.0192925
0.486447
0.018892
0.490942
0.0184513
0.0177895
0.495287
0.388546
0.00658234
0.390761
0.0072048
0.393164
0.00779153
0.395758
0.00842352
0.398552
0.0090752
0.401548
0.00973498
0.404744
0.0103934
0.408138
0.0110407
0.411725
0.011668
0.415497
0.0122677
0.419447
0.0128329
0.423565
0.0133576
0.427837
0.0138362
0.43225
0.0142638
0.436789
0.0146363
0.441438
0.0149506
0.446179
0.0152045
0.450995
0.0153967
0.455866
0.015527
0.460776
0.0155966
0.465707
0.0156071
0.470639
0.015559
0.475553
0.0154553
0.480431
0.0153006
0.485259
0.0150994
0.490023
0.0148563
0.494709
0.0145763
0.499307
0.0142642
0.503807
0.0139224
0.0134132
0.508156
0.398099
0.00437118
0.400506
0.0047554
0.403092
0.00516537
0.405876
0.0056015
0.408867
0.00604908
0.412064
0.00650399
0.415466
0.0069591
0.419068
0.00740658
0.422865
0.00783986
0.426848
0.00825351
0.431007
0.00864276
0.43533
0.00900334
0.439802
0.00933141
0.44441
0.00962367
0.449135
0.00987739
0.453961
0.0100905
0.458868
0.0102615
0.463839
0.0103898
0.468854
0.0104753
0.473895
0.0105189
0.478945
0.0105221
0.483984
0.0104856
0.488993
0.0104112
0.493957
0.0103021
0.498859
0.0101614
0.503688
0.00999252
0.50843
0.00979882
0.513076
0.00958376
0.517615
0.00934893
0.00900114
0.521994
0.407979
0.00185597
0.410574
0.00211485
0.413344
0.00235286
0.416319
0.00258634
0.419504
0.00282558
0.422901
0.00307056
0.426508
0.00331638
0.430321
0.0035582
0.434334
0.00379235
0.438536
0.00401596
0.442918
0.00422647
0.447464
0.00442163
0.452159
0.00459942
0.456988
0.0047581
0.461931
0.00489628
0.466969
0.00501286
0.472083
0.00510716
0.477253
0.00517882
0.482458
0.00522787
0.48768
0.00525469
0.492901
0.00526047
0.498101
0.00524571
0.503261
0.00521095
0.508365
0.00515798
0.513397
0.00508849
0.518344
0.00500424
0.523195
0.00490706
0.52794
0.00479875
0.532569
0.00468012
0.00450454
0.537027
0.417127
0.419195
0.421503
0.424048
0.426833
0.429864
0.433143
0.436663
0.440418
0.444397
0.448585
0.452968
0.457528
0.462246
0.467101
0.472071
0.477134
0.482268
0.487449
0.492658
0.497874
0.503075
0.508242
0.513355
0.518398
0.523357
0.528219
0.532973
0.537609
0.542071
0.208345
0.11571
0.137586
0.0707592
0.0493658
0.0882196
0.271697
0.117748
0.255709
0.0867484
0.0723474
0.232728
0.302047
0.104508
0.300867
0.0879288
0.0811455
0.29207
0.312864
0.0942763
0.316599
0.0841929
0.0815975
0.316147
0.318251
0.0853847
0.324109
0.078333
0.0778269
0.327878
0.324049
0.0776284
0.330149
0.0722288
0.0727047
0.335268
0.330568
0.0709851
0.336186
0.0666047
0.0674846
0.341401
0.337444
0.0651776
0.342521
0.0615206
0.0625473
0.347452
0.344549
0.0599848
0.349173
0.0568907
0.0579574
0.353756
0.351837
0.0552777
0.356083
0.0526382
0.0536924
0.360341
0.359286
0.0509693
0.363214
0.0487043
0.0497156
0.367184
0.366889
0.0469953
0.370545
0.0450425
0.0459925
0.374262
0.374646
0.0433059
0.378068
0.0416163
0.0424949
0.381559
0.382561
0.0398611
0.385778
0.0383953
0.039198
0.389069
0.390639
0.0366276
0.393676
0.0353537
0.0360796
0.39679
0.398887
0.0335773
0.401769
0.0324691
0.0331198
0.404724
0.40732
0.0306864
0.410065
0.029722
0.0303005
0.412881
0.415959
0.0279343
0.418584
0.0270953
0.0276059
0.421276
0.424829
0.025303
0.427349
0.0245737
0.0250209
0.429932
0.433965
0.022776
0.436393
0.0221433
0.0225317
0.43888
0.443406
0.0203379
0.445756
0.0197906
0.020125
0.448161
0.453205
0.0179743
0.45549
0.0175027
0.0177877
0.457824
0.463427
0.0156709
0.465658
0.0152672
0.015507
0.467935
0.47415
0.0134136
0.476339
0.0130715
0.01327
0.478571
0.485467
0.0111887
0.487627
0.0109035
0.0110641
0.489826
0.497483
0.0089798
0.499628
0.00874858
0.00887389
0.501809
0.510349
0.00677224
0.512491
0.00659413
0.00668669
0.514666
0.524205
0.00454357
0.526365
0.0044197
0.00447995
0.528557
0.539273
0.00227768
0.541462
0.00221265
0.00224167
0.543683
0.544326
0.546518
0.548741
0.0364301
0.0640429
0.00763687
0.0429914
-0.00654404
0.02969
-0.0121841
0.0207581
-0.0129885
0.0138321
-0.0113305
0.00909413
-0.00881638
0.00685248
-0.00705466
0.00754785
-0.00655081
0.00962385
-0.00646835
0.0108571
-0.00621245
0.0111775
-0.00580531
0.0113147
-0.0054849
0.0115703
-0.00537378
0.0117245
-0.0054179
0.0113941
-0.00553605
0.0103985
-0.00574151
0.00877437
-0.006147
0.00659631
-0.00689021
0.00386189
-0.00788592
0.000445379
-0.00896936
-0.00353311
-0.0101036
-0.0077491
-0.0111988
-0.0119876
-0.0121152
-0.0159616
-0.0127055
-0.0192367
-0.0129255
-0.0213298
-0.0128429
-0.0218582
-0.0127678
-0.0204564
-0.0132454
-0.0171902
-0.0133807
0.187144
0.109628
0.146852
0.0832812
0.112707
0.0638316
0.0836797
0.0497801
0.0587235
0.0387809
0.0378005
0.0300078
0.0215541
0.0230878
0.0111264
0.0179629
0.00618498
0.0145513
0.00479126
0.0122357
0.00515306
0.0107998
0.00609704
0.0103549
0.00688051
0.0107719
0.007303
0.0112886
0.00755707
0.0111286
0.00784475
0.0101023
0.00817458
0.00843958
0.00841247
0.00635756
0.00836939
0.00390871
0.0078136
0.00100978
0.00664326
-0.00234911
0.00493354
-0.00602068
0.00284317
-0.00987365
0.000580484
-0.0136706
-0.00150866
-0.017115
-0.0031097
-0.0196925
-0.00411413
-0.0208142
-0.00464857
-0.0198798
-0.00525262
-0.0165419
-0.0114344
0.268533
0.133165
0.239986
0.111828
0.211183
0.0926314
0.183665
0.0772931
0.157688
0.0647508
0.133409
0.0542768
0.110954
0.0455322
0.0906319
0.0382729
0.0729079
0.0322617
0.057876
0.027253
0.0455384
0.0231219
0.0360767
0.0198011
0.02963
0.0172042
0.0258875
0.0150189
0.0241821
0.0128238
0.0238245
0.0104525
0.0242233
0.00803672
0.0249098
0.00567114
0.025616
0.00320695
0.0261171
0.000517806
0.0262033
-0.00242125
0.0256176
-0.00541604
0.0239165
-0.00814874
0.0209792
-0.0107051
0.017247
-0.0133503
0.0134352
-0.0158445
0.0100171
-0.0173566
0.00731006
-0.0171307
0.00543694
-0.0146246
-0.00890033
0.30772
0.141592
0.292921
0.126626
0.27473
0.110819
0.254977
0.0970408
0.23463
0.0850901
0.214234
0.0746642
0.194185
0.0655704
0.174805
0.0576407
0.15636
0.0506932
0.139031
0.0445679
0.122983
0.0391557
0.108401
0.0343673
0.0955019
0.0300886
0.0843607
0.0261479
0.0748141
0.0223613
0.0666481
0.0186123
0.059853
0.0148291
0.0546218
0.0109034
0.0511564
0.00667771
0.0496031
0.00208104
0.0494338
-0.0022374
0.049466
-0.00542884
0.0489906
-0.0076494
0.0477724
-0.00945845
0.0452103
-0.0107557
0.040631
-0.0112291
0.0343518
-0.0110381
0.0279613
-0.0106982
0.0230021
-0.00962121
-0.0053301
0.328886
0.140582
0.324098
0.131411
0.315135
0.119777
0.30338
0.10879
0.289834
0.0986295
0.275193
0.0892958
0.259954
0.0807992
0.244484
0.0730984
0.229069
0.0660954
0.213931
0.0596933
0.199266
0.0538068
0.185259
0.048359
0.172079
0.0432547
0.159834
0.0383791
0.148559
0.0336261
0.13824
0.0289257
0.128831
0.0242366
0.120209
0.0195281
0.112078
0.0148151
0.103923
0.0102473
0.0958384
0.00586223
0.0890322
0.00139728
0.0842838
-0.00287667
0.0810387
-0.00618477
0.0784584
-0.00814279
0.076023
-0.00875746
0.073284
-0.00825974
0.0694988
-0.00687091
0.0646906
-0.00476888
-0.0013859
0.341168
0.134676
0.342665
0.129909
0.34041
0.122026
0.335265
0.113929
0.327937
0.10595
0.318999
0.0982241
0.308917
0.090871
0.298062
0.0839425
0.286725
0.0774202
0.275142
0.0712635
0.263516
0.0654206
0.252022
0.0598393
0.240807
0.0544557
0.229977
0.0491961
0.219592
0.0439996
0.209677
0.0388334
0.20022
0.0336912
0.191163
0.0285877
0.182413
0.0235729
0.173926
0.0187466
0.1656
0.014204
0.156942
0.010076
0.147692
0.00639801
0.138356
0.00318008
0.129786
0.000460078
0.122636
-0.00157162
0.117038
-0.00262183
0.112769
-0.00256032
0.109485
-0.00143999
0.00165581
0.349199
0.126871
0.354167
0.124933
0.356285
0.119902
0.355943
0.114263
0.353548
0.108336
0.34945
0.102313
0.344002
0.0963086
0.337527
0.0904066
0.330268
0.0846669
0.322442
0.0790789
0.31423
0.0736208
0.305789
0.0682685
0.297244
0.0629894
0.288683
0.0577452
0.280165
0.0525073
0.271721
0.0472685
0.26336
0.0420477
0.25506
0.0368877
0.246778
0.0318619
0.238473
0.0270647
0.2301
0.0225937
0.22166
0.0185374
0.213136
0.0149475
0.204478
0.0118671
0.195617
0.00935418
0.186657
0.00742555
0.177984
0.00609071
0.170059
0.0054067
0.163282
0.0053811
0.00702234
0.355648
0.118667
0.36221
0.118363
0.366832
0.115272
0.369595
0.111492
0.370665
0.107259
0.370239
0.10273
0.368521
0.0980164
0.365724
0.093193
0.36204
0.0883399
0.357627
0.0834827
0.352632
0.0786057
0.34718
0.0737099
0.34137
0.0687894
0.335273
0.0638321
0.328938
0.0588339
0.322391
0.0538084
0.315644
0.0487908
0.308693
0.0438373
0.301531
0.0390286
0.294148
0.0344584
0.286542
0.0302163
0.278721
0.0263811
0.270685
0.0230096
0.26244
0.0201415
0.254029
0.0177986
0.245519
0.0159722
0.237016
0.014633
0.228727
0.0137384
0.22104
0.0131126
0.0137148
0.361754
0.110661
0.368847
0.111261
0.374688
0.109423
0.379227
0.106946
0.382496
0.103982
0.384578
0.10064
0.385571
0.0970149
0.385578
0.0931755
0.384724
0.0891842
0.383117
0.0850807
0.380857
0.0808577
0.37803
0.0765278
0.374706
0.0721052
0.370935
0.067595
0.366752
0.06301
0.362178
0.0583774
0.357224
0.0537422
0.351894
0.0491666
0.346199
0.0447279
0.340152
0.0405139
0.333773
0.0366097
0.327083
0.0330917
0.320109
0.03001
0.312889
0.0273924
0.305473
0.0252478
0.297929
0.023553
0.290351
0.0222508
0.282887
0.021245
0.275768
0.0202764
0.0203768
0.367958
0.103036
0.375075
0.104136
0.381386
0.103104
0.386815
0.101509
0.391339
0.0994502
0.394966
0.0970053
0.397737
0.0942352
0.399693
0.0912105
0.400898
0.0879703
0.401414
0.0845576
0.401286
0.0809791
0.400579
0.0772281
0.39933
0.0733478
0.397567
0.0693514
0.395311
0.0652606
0.392575
0.0611101
0.389368
0.0569484
0.385699
0.0528373
0.381581
0.0488498
0.377039
0.0450649
0.372104
0.0415581
0.366816
0.0383981
0.361216
0.0356344
0.35535
0.0332884
0.349275
0.0313576
0.343058
0.0298065
0.336786
0.0285636
0.330555
0.027518
0.324485
0.0263912
0.0263207
0.374392
0.0958205
0.381324
0.0971958
0.387721
0.0966987
0.393513
0.0957081
0.398665
0.0942906
0.40316
0.0925037
0.406993
0.0903943
0.410195
0.0880006
0.41278
0.0853782
0.414759
0.0825729
0.416178
0.079555
0.417063
0.0763378
0.417425
0.0729803
0.417275
0.0694972
0.416619
0.0659129
0.415463
0.0622646
0.413812
0.0585999
0.411676
0.0549766
0.409071
0.0514609
0.406023
0.0481228
0.402566
0.0450294
0.398744
0.0422383
0.394608
0.039793
0.390211
0.0377135
0.385606
0.0359954
0.380852
0.0345981
0.376012
0.0334437
0.371146
0.0324261
0.3663
0.0312822
0.031238
0.381085
0.0889909
0.387761
0.0905117
0.394067
0.0903835
0.399946
0.0898207
0.40536
0.0888681
0.410286
0.0875686
0.414713
0.0859592
0.418646
0.0840605
0.422065
0.0819532
0.424997
0.079637
0.427469
0.0770794
0.429472
0.0743309
0.43101
0.0714391
0.43207
0.0684346
0.432654
0.065327
0.432763
0.0621553
0.432401
0.0589645
0.431575
0.0558069
0.430302
0.0527413
0.428608
0.0498288
0.426524
0.0471276
0.424094
0.0446878
0.421364
0.0425459
0.418386
0.0407177
0.415215
0.0391986
0.411895
0.0379543
0.408465
0.0369134
0.404952
0.0359815
0.401356
0.0349235
0.0350204
0.38803
0.0825141
0.394437
0.0840966
0.400585
0.0842281
0.406419
0.0839778
0.411904
0.0833743
0.417017
0.0824465
0.421743
0.0812235
0.426061
0.079734
0.429986
0.0780225
0.43353
0.0760898
0.43667
0.0739372
0.439405
0.0715936
0.441733
0.0691083
0.443646
0.0665209
0.445137
0.0638357
0.446204
0.0610896
0.446848
0.0583235
0.447078
0.0555838
0.446906
0.0529221
0.446356
0.0503913
0.445458
0.0480417
0.444249
0.0459163
0.442772
0.0440465
0.44107
0.042447
0.439188
0.0411123
0.437163
0.0400141
0.435019
0.0390965
0.432757
0.0382857
0.430346
0.0373791
0.037676
0.395221
0.076357
0.401367
0.0779444
0.407329
0.0782581
0.413062
0.0782378
0.418528
0.0778999
0.423701
0.0772643
0.428563
0.0763529
0.4331
0.0751878
0.437326
0.0737898
0.441217
0.0721963
0.444761
0.0703916
0.447961
0.0683917
0.450806
0.0662623
0.453303
0.0640242
0.455437
0.0617027
0.457205
0.0593248
0.458607
0.0569266
0.459649
0.0545488
0.460345
0.0522369
0.460713
0.0500365
0.460782
0.0479906
0.460582
0.0461365
0.460151
0.0445018
0.459525
0.0431004
0.458739
0.04193
0.457819
0.0409696
0.456776
0.0401771
0.455603
0.0395002
0.454254
0.0387725
0.0392851
0.402655
0.0704883
0.408553
0.0720406
0.414326
0.0724786
0.419931
0.0726262
0.425333
0.0724911
0.430504
0.0720855
0.435424
0.0714248
0.440079
0.0705244
0.444456
0.0694076
0.448556
0.0680936
0.452373
0.0665735
0.455873
0.064891
0.459062
0.0630736
0.461957
0.0611299
0.464549
0.0591139
0.466826
0.0570516
0.468789
0.0549698
0.470444
0.052903
0.471802
0.0508905
0.472882
0.0489716
0.473707
0.0471836
0.474305
0.0455592
0.474709
0.0441234
0.474947
0.0428904
0.475047
0.0418619
0.475027
0.0410249
0.47489
0.040352
0.474622
0.0398094
0.474177
0.0392622
0.0399716
0.410332
0.0648781
0.416001
0.0663674
0.421589
0.0668852
0.427058
0.0671518
0.432374
0.0671692
0.437509
0.0669438
0.442441
0.0664858
0.447153
0.0658063
0.45163
0.0649257
0.455878
0.0638431
0.459867
0.0625848
0.463574
0.0611845
0.467015
0.0596338
0.470189
0.0579575
0.473114
0.0561936
0.475776
0.0543949
0.478161
0.0525926
0.480278
0.050796
0.48214
0.049041
0.483766
0.0473622
0.485175
0.045793
0.486393
0.0443632
0.487446
0.0430959
0.488359
0.0420063
0.489153
0.0411
0.489842
0.040372
0.490425
0.0398075
0.490886
0.0393892
0.491183
0.0390095
0.0398792
0.418259
0.0594991
0.423717
0.0609056
0.42913
0.0614681
0.434463
0.0618148
0.439684
0.0619433
0.444766
0.0618562
0.449687
0.0615595
0.454428
0.0610603
0.458975
0.0603748
0.463308
0.0595095
0.467408
0.0584851
0.471292
0.0573018
0.474944
0.0559841
0.478352
0.0545534
0.481533
0.0530172
0.484481
0.0514542
0.487191
0.0498912
0.48967
0.0483283
0.491929
0.0467957
0.493984
0.0453239
0.495853
0.0439438
0.497556
0.0426824
0.499117
0.0415616
0.500555
0.0405974
0.501888
0.0397989
0.503128
0.039168
0.504274
0.0387002
0.505313
0.0383916
0.506208
0.0381581
0.0391451
0.426449
0.0543258
0.431716
0.055636
0.436966
0.0562156
0.442167
0.0566105
0.447291
0.0568159
0.452311
0.0568318
0.457205
0.0566612
0.461952
0.0563088
0.466535
0.0557894
0.470934
0.055111
0.475156
0.0542645
0.479196
0.0532648
0.483014
0.0521692
0.486611
0.0509607
0.489992
0.0496424
0.493168
0.0482867
0.49615
0.046919
0.498933
0.0455576
0.501523
0.0442203
0.503932
0.0429323
0.506175
0.0417208
0.50827
0.0406103
0.510237
0.0396214
0.512093
0.0387707
0.513854
0.0380703
0.51553
0.0375279
0.517122
0.0371469
0.518622
0.0369336
0.520001
0.0368231
0.0378849
0.434924
0.0493343
0.44002
0.0505391
0.445119
0.0511137
0.450196
0.0515311
0.455225
0.0517849
0.46018
0.0518735
0.46504
0.0517979
0.469784
0.0515608
0.474397
0.0511743
0.478867
0.0506422
0.483187
0.049947
0.487327
0.0491289
0.491277
0.0482231
0.49504
0.0472034
0.498601
0.0460883
0.50198
0.0449165
0.5052
0.04371
0.508254
0.0425162
0.51113
0.0413591
0.513841
0.0402393
0.516401
0.039182
0.518825
0.0382094
0.521132
0.0373417
0.523336
0.0365963
0.525451
0.0359879
0.527486
0.035528
0.529446
0.0352263
0.531325
0.0350958
0.533105
0.0350872
0.0361862
0.443714
0.0445018
0.448656
0.0455953
0.453621
0.0461474
0.458584
0.0465663
0.463522
0.0468447
0.468412
0.04698
0.473236
0.0469719
0.477972
0.0468215
0.482606
0.0465387
0.487126
0.0461246
0.491505
0.0455712
0.495728
0.0449101
0.499805
0.0441507
0.503725
0.0432895
0.507464
0.0423565
0.511039
0.0413509
0.514467
0.0402932
0.517744
0.0392526
0.520868
0.0382512
0.523843
0.0372824
0.52668
0.0363653
0.529394
0.0355196
0.531997
0.034765
0.534504
0.0341192
0.536926
0.0335983
0.539273
0.0332167
0.54155
0.032988
0.543758
0.0329297
0.545885
0.0330047
0.0341099
0.452857
0.0398059
0.457666
0.0407846
0.462511
0.0413006
0.467371
0.0417041
0.472225
0.0419876
0.477055
0.0421481
0.481839
0.0421847
0.48656
0.0420972
0.491203
0.041895
0.49575
0.041579
0.500182
0.041143
0.504496
0.0406001
0.50869
0.0399623
0.512744
0.0392418
0.516651
0.0384577
0.520407
0.0376043
0.524005
0.0367064
0.527471
0.0357999
0.530818
0.0349201
0.53403
0.0340885
0.537117
0.0332993
0.540089
0.0325713
0.542958
0.0319229
0.545735
0.0313714
0.548432
0.0309338
0.551058
0.030626
0.553621
0.030464
0.556124
0.0304679
0.558563
0.0306104
0.0316964
0.462404
0.0352246
0.467099
0.036087
0.471841
0.0365564
0.47661
0.0369312
0.48139
0.0372043
0.486162
0.0373725
0.490909
0.0374346
0.495613
0.0373902
0.500258
0.0372476
0.504832
0.0370071
0.509316
0.0366615
0.5137
0.0362205
0.517986
0.0356813
0.522163
0.0350707
0.526213
0.0344151
0.530117
0.0337098
0.533881
0.032953
0.537531
0.0321636
0.541064
0.0314027
0.544482
0.0306886
0.547788
0.0300135
0.55099
0.029393
0.554096
0.0288429
0.557117
0.0283797
0.560063
0.02802
0.562943
0.0277804
0.565768
0.0276781
0.568543
0.0277339
0.571269
0.0279286
0.0289732
0.47242
0.030736
0.47702
0.0314822
0.481675
0.0318972
0.486368
0.0322331
0.491084
0.0324835
0.495806
0.0326454
0.500518
0.0327173
0.505205
0.0326987
0.509853
0.0325972
0.514448
0.0324124
0.518973
0.032138
0.523423
0.0317739
0.527797
0.0313114
0.532068
0.0308045
0.536221
0.0302689
0.54026
0.029679
0.544181
0.0290423
0.547975
0.0283824
0.551665
0.0277275
0.555267
0.0271038
0.558767
0.0265341
0.56217
0.0260122
0.565486
0.0255529
0.568723
0.0251711
0.571892
0.0248827
0.575003
0.0247043
0.578066
0.0246531
0.581091
0.0247498
0.584083
0.0249815
0.0259659
0.482982
0.0263183
0.487508
0.0269492
0.492093
0.0273043
0.496725
0.0275939
0.501388
0.0278123
0.506069
0.027957
0.510753
0.0280264
0.515425
0.0280198
0.520074
0.027944
0.524687
0.0277976
0.529252
0.027573
0.533769
0.0272584
0.538203
0.0268801
0.542528
0.0264826
0.546765
0.0260377
0.550913
0.0255378
0.554951
0.0250135
0.558882
0.0244622
0.562725
0.0238984
0.566475
0.0233702
0.570135
0.0228931
0.573708
0.0224609
0.577201
0.0220843
0.580624
0.0217761
0.583986
0.0215512
0.5873
0.0214255
0.590575
0.0214156
0.593825
0.021541
0.597057
0.0217936
0.0226971
0.494185
0.0219489
0.498656
0.0224665
0.503192
0.0227581
0.507778
0.0229963
0.512403
0.0231763
0.517054
0.0232958
0.521717
0.0233536
0.526378
0.0233488
0.531027
0.0232869
0.535655
0.0231658
0.54025
0.0229751
0.544798
0.0227088
0.549261
0.0224173
0.553642
0.0221034
0.557957
0.0217261
0.562189
0.0213111
0.566332
0.0208776
0.570384
0.0204196
0.574332
0.0199625
0.578192
0.0195246
0.581981
0.019121
0.58569
0.0187727
0.589326
0.0184714
0.5929
0.018229
0.596422
0.0180596
0.599903
0.0179779
0.603357
0.0179991
0.606798
0.0181406
0.610238
0.0183984
0.0192057
0.506139
0.0176036
0.51058
0.0180102
0.515086
0.018237
0.519646
0.0184213
0.524248
0.0185592
0.52888
0.018649
0.53353
0.0186895
0.538185
0.0186802
0.542835
0.0186258
0.547469
0.0185242
0.552071
0.0183662
0.556621
0.0181541
0.561116
0.0179193
0.565561
0.0176576
0.569935
0.0173517
0.574229
0.0170197
0.578442
0.0166698
0.582558
0.0163103
0.586585
0.0159448
0.590535
0.0155869
0.594406
0.0152663
0.598206
0.0149907
0.601944
0.0147558
0.605627
0.0145717
0.609265
0.0144505
0.612871
0.0144042
0.616462
0.0144455
0.620054
0.0145892
0.623663
0.0148334
0.0155192
0.518994
0.0132562
0.523428
0.0135552
0.527927
0.0137179
0.53248
0.0138484
0.537076
0.0139438
0.541703
0.0140026
0.546349
0.0140244
0.551002
0.0140087
0.555652
0.0139599
0.560286
0.0138777
0.564885
0.0137569
0.569445
0.0135854
0.573969
0.0133877
0.57844
0.0131819
0.582837
0.0129506
0.587158
0.0126983
0.591397
0.0124321
0.595552
0.01216
0.599625
0.0118779
0.603607
0.0116153
0.607511
0.0113754
0.611362
0.011157
0.615153
0.010985
0.618894
0.0108548
0.622598
0.0107749
0.626279
0.0107548
0.629956
0.0108047
0.633648
0.0109374
0.637372
0.0111535
0.0117105
0.532911
0.00887702
0.537368
0.00907187
0.541886
0.00917474
0.546453
0.00925513
0.551061
0.00931125
0.555696
0.00934253
0.560347
0.00934866
0.565003
0.0093295
0.569653
0.00928836
0.574287
0.00922555
0.578893
0.00913553
0.583456
0.00900824
0.587965
0.00886702
0.592415
0.00872272
0.596798
0.00855936
0.601108
0.00838364
0.605338
0.00820007
0.609484
0.0080142
0.613536
0.00783033
0.617501
0.00765673
0.621406
0.00748212
0.625249
0.00732812
0.629034
0.00721881
0.632772
0.00713933
0.636479
0.00709434
0.640174
0.00709086
0.643877
0.00713721
0.647611
0.0072429
0.6514
0.00740927
0.00780373
0.548097
0.00443173
0.552606
0.00453097
0.557169
0.00458034
0.561775
0.00461719
0.566414
0.00464165
0.571072
0.00465352
0.575738
0.00465255
0.580399
0.00463853
0.585047
0.00461272
0.589675
0.00457384
0.594274
0.00451529
0.598806
0.00445655
0.603263
0.00439321
0.607662
0.00430851
0.611992
0.00421744
0.616243
0.00412379
0.620408
0.00402889
0.624484
0.00393546
0.628468
0.00384674
0.632372
0.00375651
0.636201
0.00366171
0.639957
0.00358398
0.643661
0.00353201
0.647324
0.003497
0.650964
0.0034799
0.6546
0.00348451
0.658256
0.00351639
0.661956
0.00358278
0.66572
0.00368995
0.00393849
0.553137
0.557631
0.562175
0.566756
0.571362
0.57598
0.580597
0.585201
0.589781
0.594327
0.598816
0.603249
0.607621
0.611911
0.616113
0.620224
0.624244
0.628174
0.632019
0.635777
0.639445
0.64304
0.646587
0.650104
0.653609
0.657123
0.660675
0.664298
0.668033
)
;

boundaryField
{
    inlet
    {
        type            calculated;
        value           nonuniform List<scalar> 
45
(
-0.2
-0.2
-0.2
-0.2
-0.2
-0.2
-0.2
-0.2
-0.2
-0.2
-0.2
-0.2
-0.2
-0.2
-0.2
-0.20766
-0.212683
-0.217828
-0.223097
-0.228493
-0.23402
-0.239681
-0.245479
-0.251417
-0.257499
-0.263728
-0.270107
-0.276641
-0.283333
-0.290186
-0.297206
-0.304395
-0.311758
-0.3193
-0.327023
-0.334934
-0.343036
-0.351334
-0.359832
-0.368536
-0.377451
-0.386582
-0.395933
-0.40551
-0.415319
)
;
    }
    outlet
    {
        type            calculated;
        value           nonuniform List<scalar> 
45
(
0.0800468
0.0593394
0.0399324
0.0227401
0.00694675
-0.00682707
-0.0174102
-0.0249661
-0.0299762
-0.0327442
-0.0335054
-0.0324735
-0.0298561
-0.0258507
-0.0206233
-0.0148987
-0.00715351
0.00294831
0.0194774
0.0607919
0.106489
0.157961
0.214393
0.269152
0.318587
0.361429
0.39762
0.427737
0.452692
0.473537
0.491322
0.506989
0.521307
0.53485
0.548008
0.561023
0.57404
0.587137
0.600373
0.613777
0.627398
0.64123
0.655356
0.669636
0.672022
)
;
    }
    flap
    {
        type            calculated;
        value           nonuniform List<scalar> 
33
(
-1.81037e-32
1.2326e-32
0
0
-1.71057e-49
4.93038e-32
9.86076e-32
0
1.47911e-31
2.95823e-31
9.86076e-32
0
0
0
0
0
-4.00593e-31
4.93038e-32
-1.07852e-32
2.61926e-32
-4.93038e-32
0
-9.86076e-32
0
0
7.39557e-32
-9.86076e-32
0
1.97215e-31
3.9443e-31
0
1.97215e-31
2.95823e-31
)
;
    }
    upperWall
    {
        type            calculated;
        value           nonuniform List<scalar> 
63
(
0
0
0
0
0
0
0
0
-1.12865e-14
0
0
0
0
0
0
0
0
0
-4.18098e-15
0
-7.89097e-15
0
0
0
0
0
0
0
0
0
0
-2.96825e-15
0
0
0
0
0
0
0
0
0
0
0
0
0
0
0
0
0
0
0
0
0
4.23006e-15
-4.29227e-15
0
4.42142e-15
0
0
-4.6237e-15
0
0
0
)
;
    }
    lowerWall
    {
        type            calculated;
        value           uniform 0;
    }
    frontAndBack
    {
        type            empty;
        value           nonuniform 0();
    }
}


// ************************************************************************* //
