/*--------------------------------*- C++ -*----------------------------------*\
| =========                 |                                                 |
| \\      /  F ield         | OpenFOAM: The Open Source CFD Toolbox           |
|  \\    /   O peration     | Version:  dev                                   |
|   \\  /    A nd           | Web:      www.OpenFOAM.org                      |
|    \\/     M anipulation  |                                                 |
\*---------------------------------------------------------------------------*/
FoamFile
{
    version     2.0;
    format      ascii;
    class       volVectorField;
    location    "1.42";
    object      U;
}
// * * * * * * * * * * * * * * * * * * * * * * * * * * * * * * * * * * * * * //

dimensions      [0 1 -1 0 0 0 0];

internalField   nonuniform List<vector> 
2790
(
(9.93575 1.37783e-21 0.0181502)
(9.86765 4.43739e-20 0.0246761)
(9.77651 0 0.0286927)
(9.66908 0 0.0328226)
(9.55085 6.60401e-21 0.0370953)
(9.4228 -3.44541e-20 0.0414564)
(9.28425 -1.4455e-20 0.0460184)
(9.1345 0 0.0509162)
(8.97294 0 0.0562633)
(8.79881 0 0.062166)
(8.61121 0 0.0687371)
(8.40903 0 0.0761023)
(8.19103 -4.83262e-21 0.0844041)
(7.95578 -4.10042e-20 0.0938044)
(7.70168 4.24599e-20 0.104485)
(7.42698 0 0.116653)
(7.12975 0 0.130545)
(6.80792 1.00914e-19 0.146431)
(6.45927 -7.80455e-20 0.164609)
(6.08148 1.12051e-19 0.185407)
(5.67216 1.20256e-19 0.209186)
(5.22895 3.04913e-19 0.236332)
(4.7496 0 0.26726)
(4.2321 -2.73143e-19 0.302424)
(3.67473 2.80367e-19 0.342341)
(3.07631 0 0.387546)
(2.436 0 0.438499)
(1.7533 0 0.495099)
(1.02174 -1.23626e-18 0.553023)
(0.383256 3.28986e-19 0.487169)
(10.0013 -2.75051e-21 0.0350138)
(9.99473 4.85415e-20 0.0491154)
(9.96647 4.7825e-20 0.0584409)
(9.91978 0 0.0685407)
(9.8592 0 0.0794723)
(9.78593 1.1001e-19 0.0910251)
(9.69959 -1.4424e-20 0.103404)
(9.59966 3.00263e-20 0.116903)
(9.48561 0 0.131784)
(9.35686 0 0.148299)
(9.21257 1.73725e-20 0.166718)
(9.05177 1.82302e-20 0.187347)
(8.87331 1.43615e-20 0.210534)
(8.67583 1.62322e-19 0.236675)
(8.45783 -1.67929e-19 0.266207)
(8.21757 -1.79542e-19 0.299614)
(7.95318 2.00432e-20 0.337439)
(7.66255 2.4438e-19 0.380275)
(7.34339 -2.59262e-20 0.428748)
(6.99322 0 0.483496)
(6.6094 -3.48723e-19 0.545148)
(6.1891 -6.57435e-19 0.614272)
(5.72936 0 0.691321)
(5.22707 0 0.776579)
(4.67877 -2.74475e-19 0.870147)
(4.08043 -1.15202e-18 0.971855)
(3.42639 1.46289e-18 1.08104)
(2.70667 2.71046e-18 1.19685)
(1.88104 -4.77379e-18 1.32574)
(1.08537 2.90328e-18 1.47912)
(9.99872 -8.77816e-20 0.0342994)
(9.98977 -1.15194e-20 0.0541112)
(9.96418 5.96393e-20 0.0696356)
(9.92249 2.50788e-20 0.0862487)
(9.86798 1.63927e-22 0.104301)
(9.80191 -8.21888e-20 0.123591)
(9.72412 -8.61122e-20 0.144368)
(9.63417 -6.04606e-20 0.16704)
(9.53163 6.27098e-20 0.192006)
(9.41598 -3.29903e-20 0.219668)
(9.28654 8.74948e-20 0.250467)
(9.14246 -1.62489e-19 0.284898)
(8.98278 -9.53348e-21 0.323537)
(8.80634 -9.98122e-21 0.367041)
(8.61183 -1.30981e-21 0.416146)
(8.39774 3.55906e-19 0.47167)
(8.16241 -4.13934e-19 0.53454)
(7.90394 -4.87745e-20 0.605786)
(7.62023 0 0.686524)
(7.30891 0 0.777931)
(6.9673 -1.0235e-18 0.881225)
(6.59234 -8.18064e-19 0.997623)
(6.18047 -7.5187e-19 1.12826)
(5.7275 2.84768e-18 1.27412)
(5.22804 -1.85763e-18 1.43607)
(4.67471 -2.75161e-19 1.61517)
(4.05645 -2.85477e-19 1.81329)
(3.35524 -4.92559e-18 2.03516)
(2.53392 -2.84926e-20 2.28904)
(1.56863 4.3738e-18 2.69643)
(9.99684 8.77131e-20 0.0358068)
(9.98539 -9.11969e-20 0.0630183)
(9.95961 -9.53988e-20 0.0862389)
(9.91894 2.50211e-20 0.109822)
(9.86573 2.63708e-20 0.134757)
(9.80127 -5.45061e-20 0.161176)
(9.72558 5.72901e-20 0.189461)
(9.63836 -6.06091e-20 0.220157)
(9.53927 -1.30607e-21 0.253816)
(9.42791 2.96019e-19 0.290995)
(9.30375 -6.81112e-20 0.332295)
(9.16616 3.60465e-20 0.378384)
(9.01436 0 0.430028)
(8.84753 9.93988e-21 0.488114)
(8.66466 1.30362e-21 0.55365)
(8.46457 -3.52447e-19 0.627759)
(8.24598 3.41031e-19 0.711713)
(8.00748 -4.79299e-20 0.806955)
(7.74744 0 0.915111)
(7.46397 -1.05277e-19 1.03796)
(7.15484 0 1.17744)
(6.81733 0 1.33566)
(6.44803 -2.42568e-19 1.51484)
(6.0426 -1.7716e-18 1.71743)
(5.59502 2.26769e-19 1.94619)
(5.09666 -2.88431e-19 2.20463)
(4.53497 6.54157e-18 2.49853)
(3.88748 -4.90613e-18 2.84173)
(3.17368 -2.65462e-19 3.21219)
(2.07105 0 3.9009)
(9.99585 0 0.0388872)
(9.98286 2.04397e-19 0.0721277)
(9.95673 -2.37486e-20 0.10183)
(9.91679 0 0.131489)
(9.86473 -5.22577e-20 0.162578)
(9.80167 1.09043e-19 0.195573)
(9.72775 -1.70759e-19 0.230971)
(9.64273 5.94798e-20 0.269398)
(9.54634 0 0.31151)
(9.43823 0 0.357976)
(9.31797 2.41353e-19 0.409508)
(9.18506 -3.56834e-19 0.466897)
(9.03887 -3.74789e-20 0.53104)
(8.87877 -1.9628e-20 0.602983)
(8.70408 1.028e-20 0.683945)
(8.51391 0 0.775291)
(8.30732 6.79498e-20 0.878548)
(8.08331 9.47828e-20 0.995475)
(7.84074 8.0071e-19 1.12811)
(7.57831 -7.19333e-19 1.27877)
(7.29441 2.15548e-19 1.45007)
(6.98699 0 1.645)
(6.65338 2.33112e-19 1.86697)
(6.28991 0 2.12)
(5.89144 -5.00573e-19 2.409)
(5.45042 -3.59937e-18 2.7403)
(4.95731 8.27898e-18 3.12167)
(4.3804 -3.59074e-18 3.57745)
(3.8428 4.20624e-18 4.01392)
(2.62617 -1.33262e-17 4.95384)
(9.99534 1.63171e-19 0.0427546)
(9.98145 -1.70097e-19 0.081309)
(9.95521 -1.89424e-19 0.117061)
(9.91615 -1.9819e-19 0.152794)
(9.8655 0 0.190109)
(9.80416 -1.08988e-19 0.229704)
(9.73233 2.26837e-19 0.272166)
(9.64984 4.24214e-22 0.318191)
(9.55645 -3.72641e-19 0.368523)
(9.45188 1.2933e-19 0.423931)
(9.33579 0 0.485234)
(9.20775 3.56412e-20 0.553336)
(9.06727 -2.62517e-19 0.62925)
(8.91384 3.2913e-19 0.714149)
(8.74698 -6.67289e-19 0.809414)
(8.56611 6.77584e-19 0.916624)
(8.37058 6.96951e-19 1.03752)
(8.15968 -8.17704e-20 1.17412)
(7.93269 -6.76415e-19 1.32879)
(7.68881 0 1.5043)
(7.42708 -2.12858e-19 1.70384)
(7.1462 0 1.93119)
(6.8445 -2.29302e-19 2.19084)
(6.51957 -3.77382e-18 2.48818)
(6.16797 4.42955e-19 2.82984)
(5.78438 3.88433e-18 3.22428)
(5.36594 -3.90706e-18 3.67828)
(4.86096 1.88357e-20 4.23052)
(4.5252 3.73439e-18 4.67966)
(3.214 0 5.81362)
(9.9951 -1.73834e-19 0.0470255)
(9.98079 -2.26056e-20 0.090565)
(9.95474 2.40025e-20 0.131984)
(9.91671 1.97852e-19 0.173572)
(9.86769 0 0.216897)
(9.80839 -1.08477e-19 0.262811)
(9.739 1.12585e-19 0.312015)
(9.65943 0 0.365285)
(9.56949 1.23664e-19 0.423452)
(9.46897 2.59526e-19 0.487377)
(9.3576 -3.35684e-19 0.557973)
(9.23504 0 0.636242)
(9.10095 7.34777e-20 0.723302)
(8.9549 5.81883e-19 0.820423)
(8.79651 -6.39582e-19 0.929099)
(8.62546 -2.09274e-20 1.05107)
(8.44135 0 1.18828)
(8.24378 2.32118e-20 1.34294)
(8.03236 1.44079e-18 1.51768)
(7.80674 -1.57606e-18 1.71562)
(7.56653 -1.02191e-19 1.94043)
(7.3112 -1.69373e-18 2.1965)
(7.04007 2.17483e-19 2.48915)
(6.75223 3.61633e-18 2.82486)
(6.44626 -7.55617e-18 3.2114)
(6.1188 3.68185e-18 3.6585)
(5.77629 -3.51322e-21 4.16868)
(5.33626 -2.17261e-19 4.80119)
(5.19751 6.57097e-18 5.22558)
(3.80804 -7.67321e-18 6.49643)
(9.99504 0 0.0514749)
(9.98067 0 0.0997928)
(9.95506 4.65285e-22 0.146521)
(9.91825 0 0.193685)
(9.87105 1.0319e-19 0.242777)
(9.81405 -2.15094e-19 0.294751)
(9.74744 1.11951e-19 0.350411)
(9.67117 0 0.41061)
(9.58512 0 0.476252)
(9.48914 3.85099e-19 0.548274)
(9.38304 -6.01212e-19 0.627668)
(9.26658 5.58426e-19 0.715516)
(9.13953 2.23535e-19 0.813031)
(9.0016 -5.66463e-19 0.921584)
(8.85252 -5.99065e-19 1.04276)
(8.69211 6.78045e-19 1.1784)
(8.52023 0 1.33062)
(8.33676 1.46334e-18 1.50179)
(8.14163 -1.50376e-18 1.69473)
(7.93488 0 1.91285)
(7.71664 1.00623e-19 2.16019)
(7.4871 -1.55249e-18 2.44158)
(7.24654 1.57191e-18 2.76294)
(6.99536 0 3.13147)
(6.73418 5.35525e-20 3.55553)
(6.46081 3.45928e-18 4.04566)
(6.19227 -6.79228e-18 4.5973)
(5.80765 -2.9622e-18 5.2962)
(5.84442 6.2834e-18 5.67846)
(4.39116 0 7.04183)
(9.9951 -3.6555e-19 0.0559573)
(9.98092 -2.24594e-20 0.108877)
(9.95602 4.72902e-20 0.160599)
(9.9206 0 0.213049)
(9.87542 0 0.267648)
(9.82096 -1.07261e-19 0.325402)
(9.75742 2.233e-19 0.387202)
(9.68479 1.90888e-22 0.453976)
(9.60301 -2.44331e-19 0.526685)
(9.51201 -2.99321e-21 0.606331)
(9.41166 3.96128e-19 0.693974)
(9.30184 5.5508e-19 0.79077)
(9.18241 -5.72415e-19 0.898005)
(9.05322 0 1.01714)
(8.91418 -6.67296e-19 1.14984)
(8.76527 7.26706e-19 1.29803)
(8.60651 -4.19664e-20 1.46392)
(8.43805 4.62812e-20 1.65001)
(8.26012 3.40986e-20 1.8593)
(8.07314 -1.50794e-18 2.09542)
(7.87772 -2.03849e-20 2.36265)
(7.67469 1.50287e-18 2.66616)
(7.46518 -3.32479e-18 3.01225)
(7.25071 -5.04738e-20 3.40853)
(7.03364 -5.20142e-20 3.86359)
(6.81191 0 4.38883)
(6.61384 -3.85877e-19 4.97081)
(6.276 0 5.72494)
(6.46 -3.99344e-18 6.06576)
(4.95667 1.33343e-17 7.49382)
(9.99524 3.43405e-19 0.0603751)
(9.98146 -3.11416e-19 0.117715)
(9.95748 -2.78805e-19 0.174142)
(9.92363 4.8621e-20 0.231584)
(9.88066 0 0.291407)
(9.82898 3.18628e-19 0.354636)
(9.76878 -1.10499e-19 0.422235)
(9.70012 1.14864e-19 0.495199)
(9.62298 4.82691e-19 0.574543)
(9.53734 -6.28738e-19 0.661314)
(9.44318 2.60679e-19 0.756632)
(9.34047 -1.35885e-19 0.861711)
(9.22919 4.29301e-19 0.977893)
(9.10932 -5.87434e-19 1.10669)
(8.98095 6.16982e-19 1.24985)
(8.84421 -7.13804e-19 1.40936)
(8.69937 1.23591e-19 1.58752)
(8.54676 -4.29941e-20 1.78692)
(8.38687 7.64725e-20 2.01068)
(8.22051 9.00807e-20 2.26258)
(8.04876 1.50146e-18 2.54709)
(7.87303 1.51681e-18 2.86957)
(7.69517 -9.523e-20 3.23663)
(7.51759 4.912e-20 3.65612)
(7.34415 0 4.13658)
(7.17173 -3.73071e-18 4.69074)
(7.04027 2.5951e-18 5.29601)
(6.74392 -5.34937e-18 6.09672)
(7.04677 -2.16704e-18 6.41197)
(5.5078 1.06722e-17 7.89512)
(9.99544 3.40696e-19 0.0646595)
(9.98222 1.12101e-21 0.126222)
(9.95934 3.71456e-19 0.187076)
(9.92724 3.86787e-19 0.249213)
(9.88664 1.01404e-19 0.313956)
(9.83795 -3.16669e-19 0.38233)
(9.78136 0 0.45536)
(9.71697 -4.58641e-19 0.534105)
(9.6448 -7.17633e-19 0.619621)
(9.56491 4.97562e-19 0.712989)
(9.47736 2.62262e-19 0.815368)
(9.38221 -9.41807e-19 0.928023)
(9.27956 6.97286e-19 1.05234)
(9.16951 0 1.18986)
(9.0523 -1.49843e-19 1.34237)
(8.92825 1.40906e-18 1.51194)
(8.79795 -6.93443e-20 1.70093)
(8.66191 -1.32581e-18 1.91198)
(8.5207 -8.6294e-20 2.14827)
(8.37566 -8.85805e-20 2.41369)
(8.2283 0 2.71279)
(8.08051 0 3.05112)
(7.93484 3.3849e-18 3.43547)
(7.79443 -2.93325e-18 3.87394)
(7.66439 2.86204e-18 4.37498)
(7.53989 -2.10658e-18 4.95311)
(7.47174 -1.91766e-18 5.57809)
(7.21676 7.34962e-18 6.41818)
(7.61488 3.01262e-18 6.73695)
(6.05805 -6.41975e-18 8.28642)
(9.99568 -3.188e-19 0.0687589)
(9.98315 6.83726e-19 0.134328)
(9.96151 -3.68134e-19 0.199336)
(9.93129 -1.40096e-21 0.265865)
(9.89324 0 0.335203)
(9.84772 0 0.408366)
(9.79496 -2.17796e-19 0.486436)
(9.73508 2.27868e-19 0.570526)
(9.66817 -2.6531e-22 0.661723)
(9.59433 2.45102e-19 0.761128)
(9.51372 0 0.869928)
(9.4265 -4.00999e-19 0.989431)
(9.33288 9.64671e-19 1.12106)
(9.23307 -7.10489e-19 1.26636)
(9.12747 8.88726e-19 1.42713)
(9.01652 -9.13167e-19 1.60544)
(8.90115 1.56344e-19 1.8037)
(8.7821 1.29943e-18 2.02466)
(8.66013 -2.49055e-18 2.2715)
(8.53699 2.71132e-18 2.54812)
(8.41457 -1.03498e-18 2.85909)
(8.29525 -2.77909e-18 3.21008)
(8.18221 2.43562e-18 3.60806)
(8.07922 -6.78494e-19 4.06129)
(7.99261 6.60564e-19 4.57849)
(7.91626 -1.26218e-18 5.17597)
(7.90946 0 5.81936)
(7.70248 0 6.69156)
(8.18116 -2.16622e-18 7.05356)
(6.63242 5.37523e-18 8.70547)
(9.99595 0 0.0726307)
(9.98425 -7.01787e-19 0.141974)
(9.96394 3.67254e-19 0.210871)
(9.9357 -3.83396e-19 0.281483)
(9.90033 0 0.355071)
(9.85816 0 0.43265)
(9.80941 2.16988e-19 0.51535)
(9.75425 1.34938e-21 0.604337)
(9.69282 -2.33366e-19 0.700714)
(9.62528 0 0.80559)
(9.55186 -2.55196e-19 0.920166)
(9.47279 1.29475e-19 1.04577)
(9.38852 -4.07992e-19 1.18384)
(9.29932 4.20428e-19 1.33593)
(9.20561 -1.30757e-18 1.50383)
(9.10821 1.33928e-18 1.68959)
(9.00796 -1.54428e-19 1.89558)
(8.90598 0 2.12462)
(8.80359 -1.44943e-18 2.37992)
(8.70282 9.81591e-19 2.66531)
(8.60575 -3.30165e-18 2.98535)
(8.51515 -2.98365e-18 3.34574)
(8.43503 2.62332e-18 3.75355)
(8.36962 -1.94756e-18 4.21714)
(8.32671 -6.38073e-19 4.74565)
(8.30016 1.21496e-18 5.35674)
(8.35462 0 6.01759)
(8.21119 -1.91628e-18 6.91198)
(8.76758 1.91551e-18 7.36255)
(7.26909 0 9.1849)
(9.99624 0 0.0762383)
(9.98548 3.49481e-19 0.149114)
(9.96656 0 0.221648)
(9.94036 0 0.296017)
(9.90784 9.92701e-20 0.373484)
(9.86918 -1.02918e-19 0.455091)
(9.82461 2.15179e-19 0.542011)
(9.77435 -2.22483e-19 0.635438)
(9.71859 2.30921e-19 0.736478)
(9.65755 -2.42676e-19 0.846238)
(9.59153 -2.53169e-19 0.965925)
(9.52081 7.72622e-19 1.09684)
(9.44605 5.3473e-19 1.24044)
(9.36764 -8.23805e-19 1.3983)
(9.28607 5.65107e-19 1.57215)
(9.20248 0 1.76406)
(9.11763 -9.01009e-19 1.9763)
(9.03283 1.2189e-18 2.2116)
(8.94996 0 2.47313)
(8.87145 1.2642e-18 2.76472)
(8.79964 -1.57354e-18 3.09088)
(8.73769 3.20025e-19 3.45723)
(8.6905 -2.47752e-18 3.87079)
(8.66286 2.45242e-18 4.33987)
(8.66403 1.14279e-18 4.87373)
(8.68947 1.06797e-18 5.49044)
(8.8068 -1.91607e-18 6.16471)
(8.75206 1.86415e-18 7.06351)
(9.39676 0 7.64026)
(8.01685 -1.13894e-18 9.7534)
(9.99656 0 0.0795546)
(9.98679 3.46017e-19 0.155706)
(9.9694 3.61223e-19 0.231629)
(9.9454 9.45429e-20 0.30942)
(9.91584 3.64471e-22 0.390378)
(9.88079 -7.15338e-19 0.475623)
(9.84051 4.25384e-19 0.566352)
(9.79528 -2.1902e-19 0.663755)
(9.74532 -4.58136e-19 0.768928)
(9.69095 -4.77511e-19 0.88298)
(9.63248 7.34458e-19 1.00712)
(9.57035 0 1.14262)
(9.50516 0 1.29088)
(9.43752 0 1.45349)
(9.36822 0 1.63217)
(9.29834 0 1.82888)
(9.22902 -1.45839e-18 2.04589)
(9.16163 1.18419e-18 2.28575)
(9.0982 -2.97886e-19 2.55143)
(9.0414 3.06287e-19 2.84664)
(8.99412 6.14177e-19 3.17586)
(8.96029 -1.80014e-18 3.54454)
(8.94545 2.38203e-18 3.95936)
(8.95531 -3.38103e-18 4.42827)
(9.00031 -1.02753e-18 4.95985)
(9.07924 -9.2193e-19 5.57106)
(9.26102 3.67338e-18 6.24655)
(9.32398 0 7.11763)
(10.0765 -1.30861e-18 7.8204)
(8.94579 9.84082e-19 10.4601)
(0.1273 0 -0.133796)
(0.2907 0 -0.124363)
(0.5344 -4.99887e-21 -0.104791)
(0.815654 4.6308e-21 -0.0921618)
(1.12455 1.91236e-22 -0.0852853)
(1.44016 2.07506e-21 -0.0813053)
(1.73619 -1.28139e-21 -0.0776071)
(1.99962 2.16676e-22 -0.0730062)
(2.22649 -3.64962e-22 -0.0674359)
(2.41874 3.72602e-22 -0.0613565)
(2.58082 0 -0.0551965)
(2.71599 0 -0.0491886)
(2.82701 0 -0.0434354)
(2.91575 0 -0.0381378)
(2.98484 -4.68619e-22 -0.0337275)
(3.03835 4.60796e-22 -0.0304472)
(3.0791 0 -0.0283165)
(3.1094 0 -0.0271924)
(3.13164 8.88347e-22 -0.0268097)
(3.14792 0 -0.0267511)
(3.16056 0 -0.0264736)
(3.17233 0 -0.0256413)
(3.18646 0 -0.0245325)
(3.2071 0 -0.0239456)
(3.23929 1.17139e-22 -0.0246289)
(3.2893 -1.80111e-22 -0.0272161)
(3.36514 2.18709e-21 -0.0326311)
(3.47686 0 -0.0424246)
(3.63595 0 -0.0584344)
(3.91494 0 -0.0815844)
(0.0575489 -2.79129e-20 -0.191484)
(0.168275 1.15899e-20 -0.20702)
(0.401497 0 -0.197349)
(0.672646 -2.53088e-22 -0.191724)
(0.972165 -6.75575e-21 -0.19014)
(1.2689 -5.34819e-21 -0.187927)
(1.5357 -2.37284e-22 -0.181854)
(1.76333 2.03443e-22 -0.171397)
(1.95166 0 -0.157312)
(2.10313 2.16538e-21 -0.141187)
(2.22242 0 -0.124252)
(2.31229 -3.49013e-21 -0.107069)
(2.37476 0 -0.0900075)
(2.4124 3.0305e-21 -0.0735831)
(2.42777 4.96036e-21 -0.0582347)
(2.42205 0 -0.043985)
(2.39609 3.23426e-21 -0.0308771)
(2.35178 -2.59334e-21 -0.0184829)
(2.29244 -2.71128e-21 -0.00651576)
(2.22404 9.35531e-22 0.00339639)
(2.1569 -6.84391e-23 0.00876933)
(2.10164 -9.3686e-22 0.00853759)
(2.06636 0 0.00283136)
(2.05557 -2.59472e-21 -0.00861315)
(2.07368 -1.97954e-22 -0.0266438)
(2.12545 4.02514e-21 -0.0529457)
(2.21723 -2.14485e-21 -0.0897875)
(2.35555 0 -0.139656)
(2.54739 -4.25156e-23 -0.205348)
(2.86563 1.90038e-21 -0.285628)
(0.0176156 2.60981e-20 -0.263057)
(0.0367185 -4.11849e-20 -0.295947)
(0.235748 3.41768e-20 -0.301834)
(0.457407 5.20091e-21 -0.298327)
(0.69708 -9.95228e-21 -0.295084)
(0.92226 0 -0.288487)
(1.11103 -2.5029e-22 -0.275099)
(1.25687 -1.00381e-21 -0.25551)
(1.36195 1.98978e-21 -0.231089)
(1.43148 -2.15834e-21 -0.203508)
(1.46903 2.99287e-21 -0.174059)
(1.47706 3.48208e-21 -0.143591)
(1.45805 0 -0.112901)
(1.41464 -4.03617e-21 -0.0825609)
(1.34983 -5.93499e-21 -0.0530115)
(1.26698 3.68612e-21 -0.0237543)
(1.16723 -4.99668e-21 0.00379671)
(1.05731 5.25137e-22 0.0245096)
(0.962422 3.16901e-21 0.0349997)
(0.892645 -9.45099e-22 0.035043)
(0.846728 -6.81806e-23 0.0252873)
(0.822638 2.10629e-21 0.00695116)
(0.825401 -4.79206e-22 -0.0196348)
(0.861929 3.11719e-21 -0.0550857)
(0.934407 3.37612e-21 -0.0999372)
(1.04437 -4.06091e-21 -0.154387)
(1.18948 2.62469e-22 -0.220058)
(1.36905 -4.18038e-21 -0.300946)
(1.58833 0 -0.40326)
(1.89118 -1.87195e-21 -0.532487)
(-0.00454435 -2.58552e-20 -0.320783)
(-0.0742036 8.55777e-21 -0.354018)
(0.0932038 0 -0.378582)
(0.254782 0 -0.374522)
(0.424655 0 -0.365909)
(0.566516 5.34612e-22 -0.350621)
(0.669246 -1.46823e-21 -0.326417)
(0.728089 8.93501e-22 -0.294958)
(0.747768 3.20597e-21 -0.258657)
(0.735158 0 -0.219261)
(0.694639 -6.28416e-21 -0.177506)
(0.629681 -3.70004e-21 -0.134049)
(0.543971 -3.98981e-21 -0.0903685)
(0.44241 3.95558e-21 -0.046787)
(0.322348 0 -0.00538066)
(0.19603 -7.46534e-21 0.0277849)
(0.0959019 -1.5113e-21 0.0496249)
(0.0228743 4.15625e-21 0.0587009)
(-0.0345462 1.76863e-21 0.0551631)
(-0.0703852 3.73898e-22 0.0418498)
(-0.0843045 2.45444e-22 0.0191851)
(-0.070098 -8.23969e-22 -0.0158581)
(-0.0230207 -2.72399e-22 -0.0651592)
(0.0567307 2.27696e-21 -0.125685)
(0.165133 -3.03121e-21 -0.193965)
(0.30011 -4.84612e-22 -0.270241)
(0.458151 4.7752e-22 -0.356378)
(0.63472 3.94225e-21 -0.45684)
(0.833919 7.22913e-23 -0.580244)
(1.04301 -7.0562e-23 -0.744334)
(-0.0168137 -3.16391e-20 -0.370364)
(-0.170519 -1.31709e-22 -0.389404)
(-0.0335769 2.45013e-20 -0.430254)
(0.0635481 0 -0.4199)
(0.154978 1.50555e-21 -0.400567)
(0.212578 -2.4254e-22 -0.372526)
(0.229136 2.19157e-21 -0.336659)
(0.206932 -2.29251e-21 -0.293808)
(0.152753 -3.2372e-21 -0.246382)
(0.0730974 5.27779e-21 -0.19643)
(-0.0263109 5.29979e-21 -0.144995)
(-0.136767 6.98646e-21 -0.093815)
(-0.256137 -7.3551e-21 -0.0436451)
(-0.386294 0 0.00129767)
(-0.490559 0 0.0354605)
(-0.572666 7.38189e-21 0.0570678)
(-0.6427 1.52998e-21 0.0664487)
(-0.695514 -1.50854e-21 0.0644859)
(-0.728604 -8.43932e-21 0.0502864)
(-0.738899 -2.09791e-22 0.0231661)
(-0.724551 -5.53469e-23 -0.0173926)
(-0.680578 -7.32648e-22 -0.0715971)
(-0.61047 -1.94967e-21 -0.137855)
(-0.517213 -2.35618e-21 -0.21295)
(-0.403423 -3.82386e-22 -0.294848)
(-0.273774 3.78071e-22 -0.383194)
(-0.130958 4.23886e-22 -0.480174)
(0.0255944 -2.33702e-22 -0.592799)
(0.178543 -2.41081e-22 -0.723468)
(0.277207 5.73926e-23 -0.89579)
(-0.0202564 0 -0.414227)
(-0.254175 -7.17082e-21 -0.40456)
(-0.150117 -1.02007e-22 -0.453366)
(-0.121722 0 -0.428496)
(-0.11161 -4.72073e-22 -0.394507)
(-0.135059 2.12319e-22 -0.353154)
(-0.194731 -4.74839e-22 -0.306265)
(-0.280981 0 -0.255428)
(-0.385395 0 -0.202423)
(-0.501459 -4.94088e-21 -0.148772)
(-0.624719 -4.9359e-21 -0.0952778)
(-0.754273 0 -0.0433488)
(-0.874603 7.26673e-21 0.00262446)
(-0.969641 0 0.0381553)
(-1.05428 7.58017e-21 0.0630585)
(-1.125 -7.44184e-21 0.076848)
(-1.17971 5.39029e-21 0.0777872)
(-1.21553 -5.96232e-21 0.0649576)
(-1.23004 6.71209e-21 0.0377495)
(-1.22106 3.43507e-21 -0.00434911)
(-1.18779 -6.12365e-22 -0.061431)
(-1.12833 4.92131e-22 -0.131756)
(-1.04812 2.16516e-21 -0.212587)
(-0.950738 4.6885e-22 -0.300514)
(-0.84017 -4.63557e-22 -0.392908)
(-0.722128 0 -0.489192)
(-0.602175 0 -0.590433)
(-0.488704 -1.46331e-22 -0.69895)
(-0.400177 1.88243e-22 -0.821786)
(-0.372165 -4.2858e-23 -0.963115)
(-0.0137337 -1.89739e-20 -0.451251)
(-0.325261 -2.0013e-20 -0.398173)
(-0.261685 2.45074e-20 -0.441754)
(-0.307581 -2.17836e-21 -0.396895)
(-0.36774 -6.09966e-21 -0.349398)
(-0.457472 -8.19877e-23 -0.298681)
(-0.569305 0 -0.24625)
(-0.693584 1.5427e-21 -0.193196)
(-0.823805 2.57075e-21 -0.139785)
(-0.95601 0 -0.0864783)
(-1.08624 -3.65294e-21 -0.0354712)
(-1.1987 9.21032e-22 0.00862178)
(-1.29693 -6.25062e-21 0.0448587)
(-1.38453 0 0.0726167)
(-1.45963 -7.50016e-21 0.0898458)
(-1.51959 7.36616e-21 0.0943168)
(-1.56209 -6.91388e-21 0.0844482)
(-1.58499 6.14816e-21 0.0592305)
(-1.58666 1.23719e-21 0.0181465)
(-1.56598 -1.00307e-20 -0.0387373)
(-1.52267 0 -0.110544)
(-1.45817 0 -0.194261)
(-1.37685 -7.47491e-22 -0.286065)
(-1.28309 0 -0.382212)
(-1.18205 1.92937e-21 -0.479557)
(-1.08025 -3.09639e-21 -0.57677)
(-0.984983 -8.9354e-24 -0.674292)
(-0.907768 1.43346e-22 -0.774482)
(-0.867762 1.3278e-22 -0.881387)
(-0.870922 -1.39651e-21 -0.982926)
(0.0041338 1.27484e-20 -0.477631)
(-0.383113 -1.44617e-20 -0.366994)
(-0.370309 -4.74893e-21 -0.391805)
(-0.477863 1.92348e-21 -0.329253)
(-0.595823 0 -0.272138)
(-0.731745 0 -0.216698)
(-0.874926 1.52362e-21 -0.164108)
(-1.018 -3.4988e-21 -0.113284)
(-1.15748 -2.58617e-21 -0.0635583)
(-1.28422 0 -0.0175544)
(-1.39516 8.75903e-21 0.0232792)
(-1.49633 5.14367e-21 0.0590212)
(-1.58758 -6.13205e-21 0.0881499)
(-1.66753 3.65614e-21 0.108103)
(-1.73407 2.42867e-22 0.11626)
(-1.78508 -3.79891e-21 0.110307)
(-1.81861 0 0.0887587)
(-1.83302 0 0.0508077)
(-1.82727 7.44896e-21 -0.00383383)
(-1.80103 -2.87651e-21 -0.0745606)
(-1.7542 -4.18366e-21 -0.15936)
(-1.69007 0 -0.254438)
(-1.61205 -1.87566e-21 -0.355033)
(-1.52501 0 -0.456642)
(-1.43481 -1.91854e-21 -0.555367)
(-1.34856 4.00818e-21 -0.649003)
(-1.27465 -1.57137e-22 -0.737435)
(-1.22573 1.55485e-22 -0.823278)
(-1.21603 2.30759e-21 -0.910003)
(-1.23294 1.90653e-21 -0.983655)
(0.0353155 0 -0.489163)
(-0.426338 0 -0.30655)
(-0.466543 4.91042e-21 -0.305388)
(-0.623801 -2.0186e-21 -0.231113)
(-0.783682 1.74254e-21 -0.169258)
(-0.946199 -1.61975e-21 -0.114866)
(-1.10231 4.25971e-22 -0.0665302)
(-1.24441 0 -0.0238598)
(-1.36962 -1.40986e-21 0.0141464)
(-1.48302 0 0.0498724)
(-1.58624 -3.19668e-21 0.0830742)
(-1.68013 -1.48713e-20 0.111848)
(-1.76385 1.14717e-20 0.133422)
(-1.83612 0 0.144851)
(-1.89531 0 0.143334)
(-1.93964 0 0.1266)
(-1.96741 0 0.0932521)
(-1.97727 2.1026e-21 0.0427414)
(-1.96837 -9.48804e-21 -0.0247898)
(-1.94071 6.55988e-21 -0.108233)
(-1.89466 1.28856e-20 -0.204593)
(-1.83376 5.44288e-22 -0.309419)
(-1.76103 -2.6067e-21 -0.417129)
(-1.68139 3.13329e-21 -0.522203)
(-1.60108 1.37431e-23 -0.61986)
(-1.52753 -2.1277e-21 -0.707159)
(-1.46986 7.41202e-22 -0.783841)
(-1.44087 -3.41432e-23 -0.85308)
(-1.44987 -2.30797e-21 -0.918537)
(-1.47407 -5.32013e-22 -0.969622)
(0.0816412 1.87204e-21 -0.481116)
(-0.449575 -1.76211e-21 -0.21225)
(-0.543798 0 -0.187572)
(-0.736953 0 -0.107758)
(-0.919164 0 -0.0461113)
(-1.08624 -1.86446e-22 -8.42752e-05)
(-1.23281 -1.89672e-22 0.0337012)
(-1.36195 1.54406e-22 0.062898)
(-1.47712 7.39984e-22 0.0913253)
(-1.58119 2.61515e-21 0.119316)
(-1.67557 1.56038e-20 0.145352)
(-1.76066 -3.76967e-21 0.166841)
(-1.83605 0 0.180623)
(-1.90092 -3.82512e-21 0.183499)
(-1.95404 3.77278e-21 0.172507)
(-1.99385 4.74553e-21 0.14531)
(-2.01873 -2.563e-20 0.100551)
(-2.02735 2.5114e-21 0.0379522)
(-2.01886 -2.48529e-21 -0.0417884)
(-1.99289 0 -0.136941)
(-1.95072 -1.71283e-20 -0.2439)
(-1.89494 -8.41545e-21 -0.357501)
(-1.8285 4.65375e-21 -0.471336)
(-1.75607 -3.12063e-21 -0.57872)
(-1.68396 1.21497e-22 -0.673858)
(-1.61981 7.73889e-22 -0.753154)
(-1.57333 -6.50789e-22 -0.816419)
(-1.55738 -4.17555e-24 -0.867603)
(-1.57778 -7.54698e-22 -0.911721)
(-1.6061 -5.45595e-22 -0.943992)
(0.154335 1.08284e-21 -0.442613)
(-0.457734 -2.50554e-21 -0.0817873)
(-0.593872 1.55749e-21 -0.0394703)
(-0.802484 1.60009e-21 0.0380589)
(-0.983612 -1.64358e-21 0.0837419)
(-1.14067 9.99669e-22 0.111563)
(-1.27559 -1.0876e-21 0.131363)
(-1.39225 0 0.149522)
(-1.49478 8.4369e-22 0.169028)
(-1.58654 0 0.189539)
(-1.66931 -5.72058e-21 0.208626)
(-1.7438 -4.88068e-21 0.22315)
(-1.81006 -6.48165e-21 0.229668)
(-1.86769 0 0.224735)
(-1.91579 0 0.205139)
(-1.95297 0 0.168347)
(-1.97751 2.08605e-20 0.112965)
(-1.9879 -2.85366e-20 0.038986)
(-1.98297 2.91691e-20 -0.0522838)
(-1.96178 -2.58013e-20 -0.158379)
(-1.92603 9.66385e-21 -0.275298)
(-1.87731 2.99655e-20 -0.397259)
(-1.81826 8.85664e-22 -0.516916)
(-1.75303 -8.76364e-22 -0.626311)
(-1.68768 0 -0.718467)
(-1.63001 0 -0.789084)
(-1.59031 3.58367e-23 -0.838005)
(-1.58186 -3.55316e-23 -0.870044)
(-1.60878 7.52221e-22 -0.892573)
(-1.63946 -2.68593e-22 -0.907785)
(0.243335 -3.98176e-21 -0.362369)
(-0.439791 4.66515e-21 0.0906537)
(-0.60642 -2.15437e-21 0.126269)
(-0.811609 2.24885e-21 0.182835)
(-0.982681 7.91622e-22 0.211003)
(-1.12603 1.69598e-21 0.22187)
(-1.24412 -1.5718e-21 0.226329)
(-1.34232 0 0.23267)
(-1.42675 -1.18286e-21 0.243749)
(-1.502 -1.36574e-21 0.257776)
(-1.57021 -4.03363e-21 0.271019)
(-1.63215 -4.25283e-21 0.279747)
(-1.68813 4.57307e-21 0.280345)
(-1.73813 2.66587e-20 0.269144)
(-1.78164 1.05516e-20 0.242572)
(-1.81745 1.12519e-20 0.197724)
(-1.84379 -5.98536e-21 0.13302)
(-1.85877 2.54792e-20 0.0486453)
(-1.8607 -5.33978e-20 -0.0534511)
(-1.84768 5.29456e-20 -0.169936)
(-1.8214 -2.92442e-20 -0.296505)
(-1.78244 -2.15188e-20 -0.426887)
(-1.73292 5.75804e-22 -0.552753)
(-1.67611 -1.25879e-22 -0.664795)
(-1.61729 -4.39765e-22 -0.754574)
(-1.56421 -1.00518e-22 -0.816844)
(-1.52779 5.50715e-21 -0.851227)
(-1.52234 -3.05032e-21 -0.863273)
(-1.55217 0 -0.863339)
(-1.58411 8.17657e-22 -0.861419)
(0.356624 4.13481e-20 -0.222556)
(-0.400255 -3.57965e-20 0.269651)
(-0.584736 -6.02529e-21 0.285824)
(-0.775206 4.86451e-21 0.329324)
(-0.929462 -8.05652e-22 0.337263)
(-1.05154 0 0.325718)
(-1.14384 -3.06766e-21 0.31172)
(-1.21507 -4.14256e-21 0.306225)
(-1.27484 6.33505e-21 0.310866)
(-1.32918 -4.36647e-23 0.320832)
(-1.3799 -2.3227e-21 0.330316)
(-1.42703 3.02171e-21 0.335113)
(-1.47087 1.13563e-20 0.331809)
(-1.51188 -2.03837e-20 0.316631)
(-1.55006 -9.6007e-21 0.28551)
(-1.58454 -5.75473e-21 0.234971)
(-1.6137 -3.46946e-20 0.163039)
(-1.63555 7.84562e-21 0.0698667)
(-1.64763 6.23028e-20 -0.0420584)
(-1.64672 -6.64791e-20 -0.168342)
(-1.63377 2.91852e-20 -0.304402)
(-1.60872 3.04807e-20 -0.443639)
(-1.57264 2.71436e-20 -0.576686)
(-1.5276 -2.14193e-20 -0.692896)
(-1.47733 2.726e-22 -0.782113)
(-1.42903 0 -0.837679)
(-1.39393 -1.18974e-20 -0.858429)
(-1.38789 -2.94199e-22 -0.850072)
(-1.41754 -1.91008e-21 -0.826058)
(-1.44993 0 -0.805128)
(0.457748 7.81662e-20 0.13494)
(-0.322964 1.88761e-20 0.449917)
(-0.531555 -1.74216e-20 0.456241)
(-0.699306 0 0.481134)
(-0.833563 0 0.457153)
(-0.925315 -6.63995e-21 0.413243)
(-0.979118 9.56184e-21 0.376899)
(-1.01199 0 0.361907)
(-1.04006 6.49608e-21 0.36542)
(-1.07006 -1.65212e-21 0.375733)
(-1.10097 -5.71162e-22 0.384136)
(-1.13076 6.28503e-21 0.387081)
(-1.15965 -1.13435e-20 0.382337)
(-1.18897 -2.26696e-20 0.366192)
(-1.21933 -1.4597e-21 0.333802)
(-1.25024 6.35219e-21 0.280952)
(-1.28064 3.08509e-20 0.205167)
(-1.30922 -4.28739e-20 0.106053)
(-1.33351 -3.09502e-20 -0.0140265)
(-1.34865 3.57812e-20 -0.149447)
(-1.35329 -1.11061e-21 -0.294727)
(-1.34794 -3.01997e-20 -0.443141)
(-1.33192 -2.69855e-20 -0.584447)
(-1.30537 2.16548e-20 -0.707034)
(-1.26945 1.60122e-22 -0.798875)
(-1.22969 -9.10346e-24 -0.851178)
(-1.19661 6.46217e-21 -0.861035)
(-1.18797 2.80105e-22 -0.833001)
(-1.21455 1.91328e-21 -0.782827)
(-1.24646 0 -0.738901)
(0.767043 -2.24447e-19 -0.52374)
(-0.345675 -3.45647e-21 0.442113)
(-0.431637 3.57698e-21 0.69634)
(-0.593076 -3.55066e-21 0.677661)
(-0.713231 -2.69767e-21 0.579805)
(-0.760964 0 0.473727)
(-0.755528 5.98909e-21 0.405375)
(-0.733329 -1.34918e-20 0.387573)
(-0.722829 -1.03564e-20 0.401808)
(-0.727954 -5.42686e-22 0.419697)
(-0.738507 0 0.429478)
(-0.748173 0 0.432063)
(-0.758116 -1.114e-20 0.428408)
(-0.771629 1.76348e-20 0.414669)
(-0.789897 0 0.384401)
(-0.812129 3.25472e-20 0.332611)
(-0.837694 0 0.256957)
(-0.867011 3.82569e-20 0.156546)
(-0.899804 -4.495e-20 0.0324404)
(-0.932386 -1.3404e-21 -0.109365)
(-0.95697 2.58464e-21 -0.262021)
(-0.977869 -1.80777e-21 -0.418712)
(-0.991571 5.55445e-22 -0.568708)
(-0.995242 -9.12582e-23 -0.700281)
(-0.985643 9.0392e-23 -0.799035)
(-0.964693 0 -0.853774)
(-0.94028 -6.66302e-21 -0.858681)
(-0.931008 3.04554e-21 -0.814234)
(-0.95216 -1.85524e-22 -0.736076)
(-0.981918 0 -0.662278)
(9.99691 -6.37519e-19 0.0826348)
(9.988 7.037e-19 0.161841)
(9.97238 -5.62637e-19 0.240915)
(9.95087 2.53228e-22 0.321863)
(9.92437 3.1717e-22 0.406017)
(9.89305 9.84731e-20 0.494575)
(9.8572 2.02482e-19 0.588749)
(9.81719 2.11113e-19 0.689712)
(9.77328 0 0.798546)
(9.72583 0 0.916357)
(9.67526 -2.34179e-19 1.04434)
(9.62219 2.4295e-19 1.18376)
(9.56703 -9.91656e-19 1.33592)
(9.51052 2.5525e-19 1.50236)
(9.45381 0 1.68475)
(9.39792 0 1.88495)
(9.34446 -1.0914e-18 2.10517)
(9.2951 1.10753e-18 2.34783)
(9.25183 -2.71874e-19 2.61571)
(9.21725 -5.56445e-19 2.9122)
(9.19475 0 3.24143)
(9.18894 -2.7583e-18 3.60846)
(9.20612 4.31636e-18 4.01945)
(9.2532 9.95765e-19 4.48127)
(9.34161 -8.71474e-20 5.00106)
(9.47488 -3.62844e-18 5.59189)
(9.72078 -1.67347e-18 6.24523)
(9.92774 -6.30179e-19 7.03814)
(10.9587 7.45157e-19 7.74228)
(12.1002 0 10.7286)
(9.99724 6.21103e-19 0.0855041)
(9.98918 -6.04773e-19 0.167529)
(9.97542 -2.94413e-19 0.249454)
(9.95658 8.73538e-20 0.333276)
(9.93336 0 0.42035)
(9.90593 0 0.511904)
(9.87467 1.96539e-19 0.60915)
(9.84002 -1.4093e-21 0.713236)
(9.80231 2.09947e-19 0.825225)
(9.76195 2.16535e-19 0.946214)
(9.71944 -2.23372e-19 1.07736)
(9.67547 6.95521e-19 1.21992)
(9.63052 -9.50817e-19 1.37515)
(9.58539 4.89982e-19 1.54445)
(9.54132 9.9959e-19 1.72938)
(9.4996 -1.01829e-18 1.93169)
(9.46183 0 2.15338)
(9.43003 -1.04773e-18 2.39678)
(9.4065 1.06915e-18 2.66457)
(9.3939 5.34928e-19 2.95966)
(9.39577 0 3.28557)
(9.41705 0 3.64667)
(9.46445 0 4.04798)
(9.54571 0 4.49462)
(9.67304 -2.64497e-18 4.99148)
(9.85357 3.41489e-18 5.54464)
(10.1465 0 6.14341)
(10.443 0 6.79994)
(11.1364 1.08821e-18 7.37008)
(11.9617 4.9202e-19 8.39659)
(9.99755 5.99534e-19 0.0881274)
(9.99047 3.9026e-20 0.172688)
(9.97862 -4.0643e-20 0.257132)
(9.96247 0 0.343508)
(9.94265 1.76383e-19 0.433186)
(9.91928 1.81985e-19 0.5274)
(9.8928 1.89864e-19 0.627329)
(9.8637 -5.897e-19 0.73408)
(9.83235 0 0.8487)
(9.79918 -6.29642e-19 0.97227)
(9.76481 6.47484e-19 1.10591)
(9.72992 0 1.25083)
(9.69521 -4.53021e-19 1.40825)
(9.66161 2.34739e-19 1.5794)
(9.63028 9.53192e-19 1.76569)
(9.60274 -9.70097e-19 1.96877)
(9.58055 9.82728e-19 2.19038)
(9.56564 -1.98604e-18 2.43261)
(9.56093 1.50437e-18 2.69797)
(9.56931 -9.89761e-19 2.98886)
(9.59415 5.04517e-19 3.30809)
(9.64092 0 3.65923)
(9.71579 1.84332e-18 4.04541)
(9.82621 -9.38886e-19 4.46948)
(9.98404 1.67389e-18 4.93327)
(10.1956 -1.54514e-18 5.43506)
(10.4974 7.34444e-19 5.95868)
(10.8105 -1.16739e-18 6.46947)
(11.2158 1.90741e-19 6.90392)
(11.9278 -7.85828e-19 7.57098)
(9.99788 -1.16522e-18 0.0904588)
(9.99188 5.6538e-19 0.177236)
(9.98204 1.18256e-19 0.263855)
(9.96867 -8.19483e-20 0.352442)
(9.95225 0 0.444363)
(9.93302 -3.54629e-19 0.540826)
(9.91148 0 0.642987)
(9.88806 -3.79174e-19 0.751913)
(9.86313 3.88285e-19 0.868624)
(9.83723 4.0245e-19 0.994162)
(9.81103 -4.12651e-19 1.1296)
(9.78528 0 1.27605)
(9.76081 4.38949e-19 1.43469)
(9.73866 0 1.6066)
(9.71995 1.36014e-18 1.79304)
(9.70624 -9.24072e-19 1.99549)
(9.6993 0 2.2155)
(9.70081 0 2.4548)
(9.71404 9.37937e-19 2.71551)
(9.74183 -1.12696e-20 2.99948)
(9.7874 -1.38102e-18 3.30879)
(9.85686 0 3.64607)
(9.95517 0 4.01238)
(10.0886 7.93815e-19 4.40821)
(10.2672 -8.10761e-19 4.83227)
(10.4947 -3.54062e-19 5.2773)
(10.7895 3.5358e-19 5.72723)
(11.1173 1.86062e-18 6.14726)
(11.4762 0 6.53134)
(12.1135 -5.12591e-19 7.09931)
(9.99823 2.0615e-20 0.0924581)
(9.99335 -1.1902e-18 0.181103)
(9.98557 -6.08908e-19 0.269525)
(9.97506 0 0.359971)
(9.96209 0 0.453773)
(9.94699 0 0.552049)
(9.9304 3.52267e-19 0.655949)
(9.91272 0 0.766543)
(9.89428 -3.78194e-19 0.884791)
(9.87569 3.88031e-19 1.01165)
(9.85769 4.57264e-21 1.14813)
(9.84106 -4.08247e-19 1.29528)
(9.82671 0 1.45414)
(9.81579 8.52223e-19 1.62574)
(9.80931 -1.73537e-18 1.81113)
(9.80893 -4.41268e-19 2.01159)
(9.81645 8.89601e-19 2.22841)
(9.83357 0 2.46303)
(9.8635 0 2.71704)
(9.90872 -8.75904e-19 2.99164)
(9.97278 8.62683e-19 3.28824)
(10.0615 -8.63075e-19 3.60823)
(10.1784 -8.12668e-19 3.95104)
(10.3289 2.22822e-21 4.31521)
(10.5203 0 4.69701)
(10.7553 -1.70552e-19 5.08717)
(11.0427 1.71802e-19 5.47328)
(11.3735 -1.22581e-18 5.83105)
(11.7218 0 6.14922)
(12.2286 5.12918e-19 6.52892)
(9.99858 5.4869e-19 0.094095)
(9.99487 5.33691e-19 0.184244)
(9.98911 6.29826e-19 0.274075)
(9.98143 0 0.365994)
(9.97206 0 0.461294)
(9.96121 0 0.560941)
(9.94956 8.53189e-19 0.666072)
(9.93758 3.52354e-19 0.777788)
(9.92565 -7.2535e-19 0.896976)
(9.91435 7.43831e-19 1.02449)
(9.90445 3.97371e-21 1.16125)
(9.89677 3.91665e-19 1.30825)
(9.89226 -8.00055e-19 1.4664)
(9.89212 4.07807e-19 1.63661)
(9.89734 1.24291e-18 1.8198)
(9.90973 -2.51171e-18 2.01697)
(9.9308 4.27973e-19 2.22911)
(9.96235 4.22802e-19 2.45742)
(10.0075 -1.68842e-18 2.70292)
(10.0682 8.62645e-19 2.96606)
(10.1482 -1.98144e-20 3.24761)
(10.2525 0 3.54782)
(10.3834 0 3.86493)
(10.5454 0 4.19604)
(10.7438 0 4.536)
(10.9801 -6.78695e-19 4.87583)
(11.2577 1.5497e-19 5.2055)
(11.5735 4.51303e-19 5.50748)
(11.9017 0 5.76435)
(12.3222 0 6.02067)
(9.99893 5.28635e-19 0.0953353)
(9.99651 0 0.186615)
(9.99271 0 0.27746)
(9.98778 7.43505e-20 0.370424)
(9.98207 -2.29954e-19 0.46677)
(9.97555 1.65825e-22 0.567329)
(9.96882 -4.95059e-19 0.673205)
(9.9625 3.39515e-19 0.78549)
(9.95698 -3.49088e-19 0.904989)
(9.95287 -1.78418e-21 1.03246)
(9.95092 3.69276e-19 1.16878)
(9.95194 -3.75816e-19 1.3148)
(9.95696 -3.82641e-19 1.47133)
(9.96706 1.55484e-18 1.63915)
(9.98332 -7.91412e-19 1.81899)
(10.0077 1.59356e-18 2.01162)
(10.0412 -4.00729e-19 2.21777)
(10.0858 4.06201e-19 2.43832)
(10.1445 -3.97129e-19 2.67376)
(10.2187 1.59209e-18 2.92378)
(10.3121 -1.58505e-18 3.18852)
(10.4283 0 3.46745)
(10.5693 0 3.75797)
(10.7383 0 4.05621)
(10.9389 -7.05088e-19 4.35669)
(11.1716 -6.73725e-19 4.6516)
(11.4367 -6.30369e-19 4.93262)
(11.7321 -5.99104e-19 5.18789)
(12.0397 -2.83362e-19 5.40382)
(12.4104 -2.6966e-19 5.59901)
(9.99925 -5.15091e-19 0.0961329)
(9.99829 0 0.18816)
(9.99632 6.92475e-20 0.279666)
(9.99396 -7.18498e-20 0.373211)
(9.99193 2.05088e-21 0.470071)
(9.98976 0 0.571052)
(9.98797 -3.16383e-19 0.677198)
(9.98727 -6.52786e-19 0.78951)
(9.98808 3.36174e-19 0.908689)
(9.99097 3.44624e-19 1.03543)
(9.99674 7.0401e-19 1.17056)
(10.0062 0 1.31481)
(10.0203 0 1.46888)
(10.0401 -3.75269e-19 1.63336)
(10.0668 0 1.8088)
(10.1021 -6.19277e-21 1.99579)
(10.1466 7.61104e-19 2.19478)
(10.2027 -7.69932e-19 2.40628)
(10.2733 1.14267e-18 2.63028)
(10.359 -1.51251e-18 2.866)
(10.4628 -3.70244e-19 3.11291)
(10.5879 3.71308e-19 3.36989)
(10.7356 -3.51711e-19 3.63393)
(10.9083 -3.34583e-19 3.90083)
(11.1077 0 4.16546)
(11.3336 -1.57401e-19 4.42137)
(11.5851 -4.66163e-19 4.66187)
(11.8601 -2.96398e-19 4.8793)
(12.1469 -2.58593e-19 5.06447)
(12.4804 3.21557e-19 5.22286)
(9.9996 4.95946e-19 0.0964479)
(10.0001 0 0.188827)
(9.99999 0 0.280659)
(10.0003 0 0.374312)
(10.0018 2.88789e-19 0.471135)
(10.0038 0 0.572011)
(10.0069 6.12781e-19 0.677897)
(10.0117 9.45486e-19 0.789686)
(10.0187 -3.23722e-19 0.90795)
(10.0284 0 1.0333)
(10.0416 3.4079e-19 1.16652)
(10.059 3.43564e-19 1.30824)
(10.0817 3.50709e-19 1.45902)
(10.1106 3.52248e-19 1.6193)
(10.1469 -3.61681e-19 1.78945)
(10.1919 -5.87063e-21 1.96989)
(10.2463 -7.25773e-19 2.16076)
(10.3126 9.57057e-21 2.36209)
(10.393 7.33104e-19 2.57358)
(10.488 1.09456e-18 2.79422)
(10.5999 3.69361e-19 3.02288)
(10.7312 -1.39723e-18 3.25794)
(10.8828 -3.32192e-19 3.49641)
(11.0563 5.4625e-20 3.73434)
(11.2521 -4.16805e-20 3.96718)
(11.4696 0 4.18973)
(11.7072 0 4.39666)
(11.9628 2.94024e-19 4.58271)
(12.228 0 4.74184)
(12.5304 -2.45655e-19 4.87478)
(10 -3.02404e-21 0.0962698)
(10.0017 -4.97381e-19 0.188592)
(10.0036 0 0.280355)
(10.0066 0 0.373595)
(10.0117 5.5405e-19 0.469869)
(10.0179 1.43422e-19 0.570189)
(10.0254 -5.92213e-19 0.675274)
(10.0355 1.49234e-19 0.785924)
(10.0486 1.16348e-21 0.902672)
(10.0647 -3.20314e-19 1.02602)
(10.0849 3.25959e-19 1.15667)
(10.1098 3.2687e-19 1.29515)
(10.1403 -3.37685e-19 1.44187)
(10.1777 3.43889e-19 1.59716)
(10.2225 3.43497e-19 1.76125)
(10.2761 -6.99332e-19 1.93434)
(10.3394 0 2.11624)
(10.4146 -3.46363e-19 2.30657)
(10.5028 -3.45544e-19 2.50488)
(10.605 3.48846e-19 2.71004)
(10.723 -3.3777e-19 2.92048)
(10.8583 5.90294e-21 3.13429)
(11.0116 6.7e-19 3.34876)
(11.1837 6.55826e-19 3.56038)
(11.3743 1.5494e-19 3.76531)
(11.5826 -1.57752e-19 3.95939)
(11.8065 0 4.13842)
(12.0438 5.60563e-19 4.29856)
(12.2885 -5.75505e-19 4.43595)
(12.5641 0 4.55034)
(10.0004 -1.75792e-20 0.0955982)
(10.0032 4.99707e-19 0.187415)
(10.0073 -4.99945e-19 0.27868)
(10.0129 0 0.37101)
(10.0212 -4.04964e-19 0.466194)
(10.0315 -1.37399e-22 0.565506)
(10.0435 -1.42583e-19 0.669329)
(10.0586 -2.63726e-21 0.778227)
(10.0775 1.88546e-21 0.892833)
(10.0996 -1.21074e-21 1.0136)
(10.1262 -3.11069e-19 1.14108)
(10.1581 -3.20276e-19 1.27566)
(10.1958 0 1.41763)
(10.2407 0 1.56726)
(10.2931 0 1.72461)
(10.3542 -3.34253e-19 1.8896)
(10.4254 0 2.06177)
(10.5077 0 2.24059)
(10.6023 0 2.42544)
(10.7101 1.63953e-19 2.61506)
(10.8323 1.59645e-19 2.80769)
(10.9698 2.4796e-19 3.00141)
(11.123 8.11842e-20 3.19377)
(11.292 3.12002e-19 3.3818)
(11.4764 3.05942e-19 3.56233)
(11.6749 0 3.73207)
(11.8857 6.4812e-21 3.88781)
(12.1065 2.92447e-19 4.02671)
(12.3325 0 4.14626)
(12.585 5.17463e-19 4.24626)
(10.0007 -9.03968e-19 0.094458)
(10.0044 4.95293e-19 0.185196)
(10.0111 5.17307e-19 0.275471)
(10.0197 -5.63504e-19 0.366578)
(10.0306 -5.17044e-19 0.460235)
(10.0445 0 0.557952)
(10.0609 1.37298e-19 0.659974)
(10.0809 -4.24553e-19 0.766571)
(10.105 2.88295e-19 0.878473)
(10.1329 -5.89858e-19 0.996145)
(10.1654 4.76733e-21 1.11988)
(10.2036 6.10471e-19 1.24998)
(10.2479 3.08997e-19 1.38662)
(10.2992 -2.55749e-21 1.52996)
(10.3583 -3.05855e-21 1.67993)
(10.4262 -3.20573e-19 1.83617)
(10.5038 -3.17868e-19 1.99812)
(10.5919 -3.1801e-19 2.16516)
(10.6916 3.17427e-19 2.33651)
(10.8034 -3.15989e-19 2.51083)
(10.9282 -7.11045e-19 2.68642)
(11.0664 0 2.86141)
(11.2181 3.83094e-19 3.03368)
(11.3831 -3.84581e-19 3.20073)
(11.5606 -8.01415e-21 3.35998)
(11.7494 -1.22354e-20 3.50889)
(11.9477 -8.62437e-19 3.64502)
(12.1534 7.0749e-21 3.76634)
(12.3628 1.36679e-19 3.87115)
(12.5951 5.16174e-19 3.95948)
(10.0012 4.52937e-19 0.0928869)
(10.0054 -9.19512e-19 0.18194)
(10.0144 0 0.270571)
(10.0262 6.41913e-20 0.360153)
(10.04 4.40604e-19 0.452048)
(10.0571 3.85316e-19 0.547625)
(10.0776 1.32745e-19 0.647212)
(10.1021 0 0.750994)
(10.131 0 0.859698)
(10.164 -2.83197e-19 0.973768)
(10.2021 5.80656e-19 1.09326)
(10.2459 -2.81879e-21 1.21833)
(10.296 -2.98389e-19 1.34912)
(10.3532 -3.16907e-21 1.48561)
(10.4182 3.02415e-19 1.62761)
(10.4917 -6.12013e-19 1.77465)
(10.5746 1.56845e-19 1.92612)
(10.6673 2.46125e-21 2.08134)
(10.7707 1.6011e-19 2.23936)
(10.8852 -3.29238e-20 2.39889)
(11.0113 6.48648e-19 2.55837)
(11.149 -7.4569e-20 2.71609)
(11.2982 -2.25835e-19 2.8702)
(11.4584 -2.906e-19 3.01866)
(11.6288 3.00126e-19 3.15939)
(11.8081 5.77245e-19 3.2904)
(11.9948 0 3.40991)
(12.1869 8.14505e-19 3.51649)
(12.3815 -5.51484e-19 3.60896)
(12.5963 -5.13268e-19 3.68757)
(10.0019 4.22737e-19 0.0908058)
(10.0068 4.39755e-19 0.17772)
(10.0175 0 0.264093)
(10.0319 9.39571e-19 0.351662)
(10.0487 -4.82657e-19 0.441478)
(10.0691 -9.97071e-19 0.534506)
(10.0935 5.09654e-19 0.631156)
(10.122 -1.30816e-19 0.731687)
(10.1549 1.34261e-19 0.83673)
(10.1927 1.36292e-19 0.946644)
(10.2358 -4.16288e-19 1.06137)
(10.2847 0 1.18093)
(10.34 2.88264e-19 1.30533)
(10.4024 -2.91624e-19 1.43449)
(10.4724 2.90392e-19 1.56811)
(10.5507 0 1.70571)
(10.6378 2.93523e-19 1.84664)
(10.7341 -7.3416e-20 1.99013)
(10.8401 6.67397e-19 2.1352)
(10.9561 -2.97951e-19 2.28062)
(11.0823 0 2.42502)
(11.2186 0 2.56689)
(11.3645 -2.88103e-19 2.70466)
(11.5196 0 2.83666)
(11.6829 -5.63742e-19 2.96121)
(11.8532 2.78073e-19 3.07679)
(12.029 -8.20283e-19 3.18213)
(12.209 4.17089e-19 3.27619)
(12.3904 1.63925e-22 3.35821)
(12.5898 0 3.42855)
(10.0023 -1.55761e-20 0.088075)
(10.0087 3.97765e-20 0.172474)
(10.0209 -2.74908e-20 0.256248)
(10.0372 5.34372e-20 0.341314)
(10.0566 8.77894e-19 0.42854)
(10.08 4.83415e-19 0.518575)
(10.108 -4.18324e-21 0.6119)
(10.1402 0 0.708818)
(10.1769 0 0.809752)
(10.2189 -1.31265e-19 0.914949)
(10.2664 6.7037e-19 1.02436)
(10.32 0 1.13791)
(10.3799 -2.74068e-19 1.25551)
(10.4468 0 1.37699)
(10.5211 -7.02362e-19 1.50202)
(10.6032 3.53509e-19 1.63008)
(10.6935 -1.44412e-19 1.76051)
(10.7924 -5.42151e-20 1.89251)
(10.9001 -3.05727e-19 2.02513)
(11.0166 0 2.15723)
(11.1421 2.82494e-19 2.28762)
(11.2762 -1.3963e-19 2.41501)
(11.4184 -1.31255e-19 2.53806)
(11.5681 2.82702e-19 2.65543)
(11.7244 0 2.76579)
(11.8862 0 2.86802)
(12.0522 0 2.96117)
(12.2211 1.32967e-19 3.04452)
(12.3909 -2.61474e-19 3.11754)
(12.5768 -5.0371e-19 3.18073)
(10.0023 -3.99551e-19 0.084712)
(10.0103 0 0.166125)
(10.0241 4.24119e-19 0.247082)
(10.0421 -9.33804e-19 0.329297)
(10.0638 -3.41221e-19 0.413447)
(10.0898 -5.82262e-20 0.500008)
(10.1209 -4.78994e-19 0.58955)
(10.1564 0 0.682414)
(10.1968 -1.24201e-19 0.778782)
(10.2427 1.27317e-19 0.878773)
(10.2942 -1.31005e-19 0.982389)
(10.3518 -1.3059e-21 1.08952)
(10.4157 4.00413e-19 1.20001)
(10.4864 0 1.3136)
(10.5641 2.72625e-19 1.42993)
(10.6492 -2.74635e-19 1.54847)
(10.742 -2.72525e-19 1.66855)
(10.8426 3.40937e-20 1.7894)
(10.9511 -3.08635e-19 1.91013)
(11.0675 -4.10153e-19 2.02974)
(11.1915 -1.38947e-19 2.14718)
(11.3229 0 2.26135)
(11.4611 5.45501e-19 2.37114)
(11.6054 0 2.47547)
(11.755 1.33851e-19 2.57335)
(11.9088 1.32735e-19 2.66391)
(12.0658 0 2.74647)
(12.2249 0 2.82053)
(12.3842 7.61733e-19 2.88574)
(12.5582 -5.18794e-19 2.94264)
(10.0022 0 0.080876)
(10.0111 0 0.15881)
(10.0263 -8.24137e-19 0.236595)
(10.0461 4.00213e-19 0.315574)
(10.0701 2.73925e-20 0.396229)
(10.0987 -5.60768e-20 0.478911)
(10.1324 5.16583e-19 0.564201)
(10.171 -2.34593e-19 0.652482)
(10.2149 2.39377e-19 0.743816)
(10.2642 0 0.838226)
(10.3192 0 0.935706)
(10.3803 -5.68315e-19 1.03613)
(10.4475 6.42792e-20 1.13927)
(10.5213 2.57327e-19 1.24484)
(10.6018 0 1.35243)
(10.6892 0 1.46154)
(10.7836 2.66279e-19 1.57151)
(10.8852 0 1.68163)
(10.9938 2.67996e-19 1.79108)
(11.1094 2.68146e-19 1.89899)
(11.2315 -1.53235e-21 2.00448)
(11.3599 -2.70385e-19 2.10658)
(11.4939 -7.97294e-19 2.20441)
(11.6329 0 2.2971)
(11.776 -1.31427e-19 2.38391)
(11.9225 -6.4207e-19 2.4642)
(12.0712 5.23283e-19 2.53747)
(12.2214 -5.01874e-19 2.60338)
(12.3715 -1.09017e-19 2.66169)
(12.535 8.21334e-20 2.71299)
(10.0021 0 0.0766876)
(10.0116 3.84732e-19 0.15074)
(10.0279 3.87993e-19 0.224861)
(10.0493 4.23074e-19 0.300086)
(10.0755 -4.21964e-19 0.376766)
(10.1066 4.3308e-19 0.455193)
(10.1429 -4.47076e-19 0.535862)
(10.1843 1.90589e-21 0.619123)
(10.2311 -2.33223e-19 0.705026)
(10.2835 0 0.793544)
(10.3415 0 0.884622)
(10.4055 4.87672e-19 0.978101)
(10.4755 -2.45662e-19 1.07374)
(10.5517 -2.51052e-19 1.17121)
(10.6343 0 1.27011)
(10.7233 0 1.36993)
(10.8188 2.54069e-19 1.47009)
(10.9207 0 1.56992)
(11.0289 0 1.6687)
(11.1431 2.55184e-19 1.76569)
(11.2631 2.59308e-19 1.86012)
(11.3882 2.58942e-19 1.9512)
(11.518 1.30333e-19 2.0382)
(11.6518 -5.05469e-19 2.12046)
(11.7889 5.16607e-19 2.19742)
(11.9285 0 2.26859)
(12.0698 0 2.33363)
(12.2119 0 2.3923)
(12.3537 0 2.44447)
(12.5079 -1.23186e-19 2.49071)
(10.0019 0 0.0721671)
(10.0121 -3.75533e-19 0.141952)
(10.0295 9.44865e-23 0.211908)
(10.0524 -2.69038e-21 0.282869)
(10.0804 4.24125e-19 0.35511)
(10.1137 -4.48379e-19 0.428896)
(10.1523 -2.00979e-19 0.504608)
(10.1962 2.20871e-19 0.582517)
(10.2456 1.39677e-20 0.66267)
(10.3005 -1.43232e-20 0.745017)
(10.3611 -2.31014e-19 0.829461)
(10.4275 -2.3291e-19 0.915821)
(10.4997 2.21071e-19 1.00384)
(10.5779 1.5149e-20 1.09319)
(10.662 0 1.18348)
(10.7521 1.21731e-19 1.27423)
(10.8481 -1.26997e-19 1.3649)
(10.9498 -1.22995e-19 1.45489)
(11.0571 -1.22231e-19 1.5436)
(11.1697 0 1.63037)
(11.2871 5.15085e-21 1.71457)
(11.4089 2.52555e-19 1.79555)
(11.5346 2.49712e-19 1.87273)
(11.6635 0 1.94559)
(11.7949 1.23794e-19 2.0137)
(11.9282 -1.23362e-19 2.07672)
(12.0626 4.85134e-19 2.1344)
(12.1975 -9.78312e-19 2.18659)
(12.3319 4.32464e-19 2.23321)
(12.4777 -4.14519e-19 2.27483)
(10.0018 -3.51437e-19 0.0672909)
(10.0127 0 0.132416)
(10.0311 -3.79597e-19 0.197756)
(10.0553 3.53621e-21 0.264017)
(10.0849 0 0.33142)
(10.12 0 0.400191)
(10.1606 2.09058e-19 0.470604)
(10.2067 -2.08622e-19 0.542852)
(10.2583 2.12634e-19 0.616973)
(10.3155 -2.19824e-19 0.692904)
(10.3782 2.25259e-19 0.770521)
(10.4465 0 0.849631)
(10.5205 0 0.929974)
(10.6001 -5.78616e-20 1.01123)
(10.6853 -1.7494e-19 1.09302)
(10.7759 0 1.17492)
(10.872 -2.40033e-19 1.25643)
(10.9732 2.39012e-19 1.33705)
(11.0793 2.42407e-19 1.41624)
(11.1899 -2.40851e-19 1.49346)
(11.3047 -2.39851e-19 1.56819)
(11.4231 2.45093e-19 1.6399)
(11.5447 3.57792e-19 1.70812)
(11.6689 -6.11044e-19 1.77245)
(11.795 -1.21317e-19 1.83258)
(11.9225 2.41255e-19 1.88825)
(12.0507 -1.1999e-19 1.93929)
(12.1791 0 1.9856)
(12.3067 5.9536e-20 2.02716)
(12.4451 -4.66497e-19 2.0645)
(10.0017 6.84748e-19 0.0620433)
(10.0132 -1.10003e-20 0.122128)
(10.0326 2.19827e-21 0.182452)
(10.0579 -3.63852e-19 0.243626)
(10.0889 1.19889e-20 0.305825)
(10.1256 -6.20749e-23 0.369222)
(10.168 2.13426e-19 0.434009)
(10.216 1.80818e-19 0.500312)
(10.2694 -1.58529e-21 0.568147)
(10.3284 2.82415e-20 0.637445)
(10.3929 -2.72253e-20 0.708074)
(10.4628 0 0.779837)
(10.5381 5.53548e-20 0.852481)
(10.6187 1.67672e-19 0.925703)
(10.7045 2.28566e-19 0.999154)
(10.7953 2.28454e-19 1.07244)
(10.891 2.30123e-19 1.14515)
(10.9913 -2.08705e-21 1.21684)
(11.0959 2.31535e-19 1.28705)
(11.2045 -2.33321e-19 1.35533)
(11.3165 -2.37393e-19 1.42127)
(11.4316 -1.17374e-19 1.48442)
(11.5493 -5.83853e-19 1.54442)
(11.669 5.95085e-19 1.60097)
(11.7902 0 1.65382)
(11.9123 -1.17877e-19 1.70279)
(12.0349 5.2228e-19 1.74777)
(12.1573 -7.06057e-20 1.7887)
(12.279 -9.32369e-19 1.82557)
(12.4108 -4.42701e-20 1.8589)
(10.0016 -3.23245e-19 0.0564227)
(10.0136 -3.20662e-20 0.1111)
(10.0339 7.28012e-19 0.16604)
(10.0603 3.6212e-19 0.221771)
(10.0925 0 0.278422)
(10.1306 1.90415e-19 0.336116)
(10.1745 -3.90644e-19 0.394976)
(10.224 -4.96448e-20 0.455074)
(10.279 -2.03457e-19 0.516404)
(10.3395 3.10684e-19 0.57889)
(10.4053 2.08602e-19 0.642404)
(10.4764 -1.59296e-19 0.706758)
(10.5526 -2.13501e-19 0.771718)
(10.6338 -1.09291e-19 0.837002)
(10.7199 0 0.902294)
(10.8106 -2.23103e-19 0.96725)
(10.9056 -2.24803e-19 1.0315)
(11.0047 -2.26252e-19 1.09468)
(11.1076 1.11644e-19 1.15639)
(11.2139 -2.2949e-19 1.21629)
(11.3232 0 1.27401)
(11.4351 1.14829e-19 1.32922)
(11.549 2.29277e-19 1.38162)
(11.6646 4.53745e-19 1.43099)
(11.7812 -9.17667e-19 1.47714)
(11.8985 4.63954e-19 1.51995)
(12.016 5.0985e-19 1.55932)
(12.1332 -8.57165e-19 1.59525)
(12.2496 4.61877e-19 1.62774)
(12.3755 2.84492e-20 1.65726)
(10.0015 0 0.0504317)
(10.0141 -3.31824e-19 0.0993454)
(10.0351 -3.4367e-19 0.148559)
(10.0624 -3.75404e-19 0.19852)
(10.0957 1.57913e-19 0.249309)
(10.135 -3.70174e-19 0.300999)
(10.1801 2.37351e-19 0.353661)
(10.2309 0 0.407325)
(10.2872 0 0.461966)
(10.3488 0 0.517505)
(10.4156 -5.07626e-19 0.573817)
(10.4875 3.08985e-19 0.630733)
(10.5643 1.05799e-19 0.68804)
(10.6458 2.1105e-19 0.745485)
(10.7317 1.05215e-19 0.802789)
(10.8219 2.13591e-19 0.85965)
(10.9161 -2.18486e-19 0.915755)
(11.0139 0 0.970788)
(11.115 1.10249e-19 1.02444)
(11.2191 -1.0868e-19 1.0764)
(11.3257 0 1.12641)
(11.4345 1.10857e-19 1.17418)
(11.5449 -1.11761e-19 1.2195)
(11.6566 1.11376e-19 1.26218)
(11.7692 0 1.3021)
(11.8821 4.41962e-19 1.33916)
(11.995 -3.96243e-19 1.3733)
(12.1075 4.41209e-19 1.40453)
(12.2192 -8.9182e-19 1.43287)
(12.3399 9.46335e-19 1.45874)
(10.0014 0 0.0440708)
(10.0145 1.46252e-21 0.0868774)
(10.0363 -1.2461e-19 0.130051)
(10.0644 -8.55472e-20 0.173952)
(10.0985 -1.32019e-19 0.218599)
(10.1388 1.80181e-19 0.264019)
(10.1849 0 0.310244)
(10.2367 0 0.35728)
(10.294 0 0.405086)
(10.3564 9.69105e-20 0.45358)
(10.4239 4.92921e-19 0.502645)
(10.4963 -2.00388e-19 0.552126)
(10.5733 0 0.601833)
(10.6548 0 0.651547)
(10.7404 -2.07424e-19 0.701026)
(10.8299 -1.03985e-19 0.750013)
(10.9231 -2.08655e-19 0.798246)
(11.0195 3.38211e-21 0.845461)
(11.1188 2.14866e-19 0.891406)
(11.2207 -3.19809e-19 0.935842)
(11.3248 0 0.978546)
(11.4307 -5.36179e-19 1.01931)
(11.5379 5.45717e-19 1.05796)
(11.6461 -1.08853e-19 1.09436)
(11.755 4.84789e-19 1.12842)
(11.864 -4.40306e-19 1.16007)
(11.9728 -4.85495e-19 1.18928)
(12.0812 9.94259e-21 1.21606)
(12.1886 1.01298e-20 1.24043)
(12.3047 8.43457e-19 1.26278)
(10.0013 1.53023e-19 0.037328)
(10.0149 3.15433e-19 0.0736943)
(10.0374 1.21889e-19 0.110552)
(10.0662 4.16548e-20 0.148141)
(10.1011 1.70155e-19 0.186396)
(10.1421 2.17575e-19 0.225299)
(10.189 -4.46913e-20 0.264859)
(10.2416 -9.04925e-20 0.305064)
(10.2996 9.28846e-20 0.345868)
(10.3626 -4.69921e-19 0.387191)
(10.4306 -9.55955e-20 0.428927)
(10.5032 -9.62722e-20 0.470939)
(10.5802 1.96424e-19 0.513064)
(10.6615 0 0.555117)
(10.7466 9.99642e-20 0.596893)
(10.8353 1.01472e-19 0.63818)
(10.9273 0 0.678761)
(11.0223 2.03847e-19 0.718424)
(11.1199 -2.08531e-19 0.756965)
(11.2197 -1.03785e-19 0.794195)
(11.3214 0 0.82994)
(11.4246 0 0.864039)
(11.5289 3.1165e-19 0.896362)
(11.634 4.43065e-20 0.926809)
(11.7395 -4.80914e-19 0.955307)
(11.845 -4.19794e-19 0.981815)
(11.9503 4.29375e-19 1.00632)
(12.055 2.65597e-20 1.02882)
(12.1587 3.93883e-19 1.04934)
(12.2708 -4.30556e-19 1.06825)
(10.0013 -1.30977e-19 0.0301605)
(10.0154 -1.91691e-20 0.0597661)
(10.0386 1.9665e-19 0.090082)
(10.068 -8.08532e-20 0.121166)
(10.1035 4.09066e-20 0.152855)
(10.1451 -2.12125e-19 0.185095)
(10.1926 4.34134e-20 0.217874)
(10.2457 -8.80685e-20 0.251161)
(10.3041 8.94045e-20 0.284903)
(10.3675 1.82176e-19 0.319022)
(10.4357 -1.85619e-19 0.353424)
(10.5084 0 0.387993)
(10.5853 -9.53969e-20 0.422593)
(10.6661 9.60397e-20 0.457072)
(10.7506 -1.94547e-19 0.491266)
(10.8385 0 0.525006)
(10.9294 0 0.558119)
(11.0229 0 0.59044)
(11.1188 -1.9916e-19 0.621809)
(11.2167 2.54572e-19 0.652083)
(11.3162 2.01266e-19 0.681129)
(11.417 -2.05871e-19 0.708828)
(11.5187 0 0.735081)
(11.6209 -1.02785e-19 0.759815)
(11.7234 4.59489e-19 0.782981)
(11.8259 4.31162e-20 0.804551)
(11.928 -4.18164e-19 0.824516)
(12.0294 -2.39409e-23 0.842888)
(12.13 5.18499e-20 0.859691)
(12.2385 0 0.875223)
(10.0014 -1.4549e-19 0.0224484)
(10.0162 1.67804e-19 0.0450315)
(10.0402 -1.72893e-19 0.0686016)
(10.0702 0 0.0928835)
(10.1061 -1.61496e-19 0.117654)
(10.1481 0 0.142885)
(10.1961 8.40132e-20 0.16857)
(10.2496 8.59068e-20 0.194673)
(10.3082 -8.6853e-20 0.221136)
(10.3718 8.90791e-20 0.247888)
(10.4399 8.9842e-20 0.274849)
(10.5125 -1.82816e-19 0.30192)
(10.5891 0 0.328992)
(10.6694 -1.86466e-19 0.355942)
(10.7532 2.83396e-19 0.382642)
(10.8401 -9.59562e-20 0.408958)
(10.9299 0 0.43476)
(11.0221 0 0.459919)
(11.1164 1.93426e-19 0.484316)
(11.2124 -2.94266e-19 0.507843)
(11.31 -2.4827e-19 0.530402)
(11.4086 1.96448e-19 0.551906)
(11.5079 -3.70568e-21 0.572283)
(11.6077 -1.01782e-19 0.591481)
(11.7076 -7.52159e-20 0.609467)
(11.8074 -4.23103e-19 0.626221)
(11.9068 4.06965e-19 0.641741)
(12.0055 -1.67756e-23 0.656037)
(12.1033 -5.05219e-20 0.669128)
(12.2089 3.99633e-19 0.681251)
(10.0018 2.22136e-19 0.0138421)
(10.0176 -1.54882e-19 0.0295774)
(10.0423 0 0.0468382)
(10.0727 -7.65828e-20 0.0646336)
(10.1089 7.84008e-20 0.0826829)
(10.1512 8.01297e-20 0.101021)
(10.1994 -4.11966e-20 0.119665)
(10.2531 4.14527e-20 0.138582)
(10.3118 0 0.157726)
(10.3754 0 0.177049)
(10.4435 8.76141e-20 0.196493)
(10.5157 4.45228e-20 0.215994)
(10.5919 -8.9199e-20 0.235474)
(10.6717 9.13283e-20 0.254849)
(10.7548 0 0.274028)
(10.8408 9.18977e-20 0.292919)
(10.9294 -9.40303e-20 0.311431)
(11.0203 -1.86663e-19 0.329477)
(11.1131 1.90947e-19 0.346972)
(11.2076 -4.77282e-20 0.363844)
(11.3033 4.79896e-20 0.380024)
(11.4 0 0.395454)
(11.4973 0 0.410084)
(11.5949 -4.86103e-20 0.423881)
(11.6926 2.43832e-20 0.43682)
(11.7901 -2.44498e-20 0.448892)
(11.8871 -2.44864e-20 0.460094)
(11.9835 -2.45515e-20 0.470435)
(12.0789 2.45881e-20 0.479928)
(12.1818 1.94609e-19 0.488751)
(10.0032 -1.0411e-19 0.00307448)
(10.0212 1.77262e-20 0.0108833)
(10.0469 -1.82516e-20 0.0209902)
(10.0774 7.47675e-20 0.0316737)
(10.1136 -7.65194e-20 0.0426012)
(10.1559 -7.81864e-20 0.0538035)
(10.2041 -3.98211e-20 0.0652673)
(10.2576 -4.08411e-20 0.0769379)
(10.3162 -8.25332e-20 0.0887634)
(10.3795 4.21217e-20 0.100701)
(10.4471 2.12571e-20 0.112708)
(10.5189 4.31536e-20 0.124737)
(10.5945 0 0.136738)
(10.6736 0 0.148655)
(10.7558 1.10781e-19 0.160431)
(10.8409 -6.80896e-20 0.17201)
(10.9284 2.2665e-20 0.183335)
(11.0181 2.28377e-20 0.194355)
(11.1096 2.2995e-20 0.205019)
(11.2026 0 0.215284)
(11.2968 9.22869e-20 0.225113)
(11.3918 -9.4375e-20 0.23447)
(11.4874 9.31093e-20 0.24333)
(11.5832 9.1693e-20 0.251672)
(11.6791 -1.9112e-19 0.259488)
(11.7747 0 0.266772)
(11.8698 2.38085e-20 0.273528)
(11.9643 0 0.279764)
(12.0578 0 0.285493)
(12.1587 0 0.290836)
(9.98864 3.38994e-20 -0.00156663)
(9.99411 4.32715e-21 -4.61524e-07)
(10.0058 -1.78787e-23 0.00289373)
(10.0222 -4.56585e-21 0.00613782)
(10.045 9.29654e-21 0.00956561)
(10.0746 -1.90475e-20 0.0131824)
(10.1109 5.83163e-20 0.0169693)
(10.1533 -9.93449e-21 0.0208924)
(10.2014 0 0.0249234)
(10.2548 0 0.0290399)
(10.3133 -2.07552e-20 0.0332217)
(10.3765 0 0.0374477)
(10.444 0 0.0416952)
(10.5155 0 0.045941)
(10.5907 -2.17399e-20 0.050161)
(10.6691 -2.19401e-20 0.0543314)
(10.7504 -2.21233e-20 0.0584287)
(10.8342 2.19179e-20 0.0624307)
(10.9201 -2.31575e-20 0.0663169)
(11.0079 -4.55065e-20 0.0700688)
(11.0971 0 0.07367)
(11.1875 0 0.0771058)
(11.2786 -4.54072e-20 0.0803641)
(11.3701 4.64302e-20 0.0834362)
(11.4619 0 0.0863167)
(11.5536 4.58645e-20 0.0890028)
(11.645 -9.28787e-20 0.0914941)
(11.7358 9.33508e-22 0.0937925)
(11.8259 4.71201e-20 0.0958991)
(11.9232 0 0.0978582)
(11.7976 4.54263e-19 9.329)
(8.42583 2.20726e-18 7.23395)
(3.91447 -7.63884e-19 5.54787)
(11.7048 5.83867e-19 6.60346)
(11.0471 -7.62018e-19 5.59998)
(10.1282 -1.40258e-19 5.03278)
(12.2756 1.82892e-19 7.28052)
(12.3945 0 6.92815)
(12.2248 5.86911e-20 6.56201)
(12.4941 2.57736e-21 7.17538)
(12.7247 -5.59889e-19 7.08549)
(12.7921 6.35644e-19 6.90747)
(12.5328 1.58526e-20 6.62918)
(12.7813 -5.67775e-19 6.64706)
(12.9499 1.1782e-18 6.61367)
(12.5753 -1.07711e-18 6.11701)
(12.8079 -1.81277e-20 6.17347)
(12.9937 8.08983e-19 6.20089)
(12.6284 8.05225e-19 5.6809)
(12.8326 -8.27937e-19 5.73907)
(13.0027 0 5.77992)
(12.6719 9.93675e-19 5.28986)
(12.8511 7.98259e-19 5.34029)
(13.0021 -1.44927e-18 5.37959)
(12.7017 8.973e-19 4.93144)
(12.8618 0 4.97535)
(12.9968 -1.4797e-19 5.01093)
(12.7192 -8.61156e-19 4.59974)
(12.864 8.21931e-19 4.63885)
(12.9861 5.16434e-20 4.67119)
(12.7264 -9.03171e-19 4.28995)
(12.8583 -7.90766e-19 4.32521)
(12.9697 8.42022e-19 4.35485)
(12.7248 -9.00962e-19 3.99848)
(12.8458 -5.34252e-20 4.0305)
(12.948 7.68714e-19 4.05782)
(12.7157 9.51532e-19 3.72261)
(12.8273 -8.50415e-19 3.75184)
(12.9217 1.66966e-18 3.7771)
(12.7004 5.14017e-22 3.46019)
(12.8038 0 3.48694)
(12.8913 0 3.51031)
(12.6797 2.34411e-20 3.20937)
(12.7759 8.64806e-19 3.2339)
(12.8574 0 3.25552)
(12.6543 -5.35419e-20 2.96861)
(12.7443 -8.36164e-19 2.9911)
(12.8205 8.32681e-19 3.01108)
(12.6251 8.58307e-19 2.73655)
(12.7095 2.61967e-20 2.75716)
(12.7811 0 2.77559)
(12.5927 8.54558e-19 2.51207)
(12.6722 -1.67651e-18 2.53091)
(12.7396 8.14582e-19 2.54787)
(12.5578 8.06497e-19 2.29415)
(12.6329 7.80415e-19 2.31133)
(12.6966 -8.03608e-19 2.32687)
(12.521 1.62131e-18 2.08191)
(12.5922 -7.82343e-19 2.0975)
(12.6526 0 2.11167)
(12.4829 8.03152e-19 1.8745)
(12.5507 7.80198e-19 1.88855)
(12.6082 -7.54514e-19 1.90137)
(12.4443 2.44465e-20 1.67113)
(12.509 0 1.68369)
(12.5639 7.19574e-19 1.69518)
(12.4057 -8.07786e-19 1.47093)
(12.4678 -1.18343e-20 1.48202)
(12.5204 1.16308e-20 1.49219)
(12.368 -7.32122e-19 1.27334)
(12.4277 -2.27571e-23 1.28298)
(12.4783 1.14336e-20 1.29184)
(12.3318 -1.14573e-20 1.0772)
(12.3894 1.13157e-20 1.08538)
(12.4382 7.00752e-19 1.09292)
(12.2976 0 0.882594)
(12.3533 0 0.889352)
(12.4007 6.96204e-19 0.895574)
(12.2663 -7.03853e-19 0.687003)
(12.3205 6.92377e-19 0.692277)
(12.3665 -1.26808e-20 0.697137)
(12.2378 -6.8133e-19 0.492941)
(12.2906 3.33684e-19 0.496776)
(12.3356 5.19876e-21 0.500309)
(12.2135 0 0.293325)
(12.2652 0 0.29555)
(12.3091 0 0.297583)
(11.9761 0 0.0987341)
(12.0261 7.96716e-20 0.0994864)
(12.0686 -7.97175e-20 0.10018)
(-0.236714 2.48721e-21 2.98456)
(0.516871 1.22756e-22 1.23478)
(0.128334 8.24208e-22 0.640053)
(-0.463503 3.25423e-21 0.45679)
(-0.590032 1.67725e-20 0.340962)
(-0.565375 6.86091e-21 0.291093)
(-0.460031 0 0.306701)
(-0.355813 7.32012e-21 0.370363)
(-0.304581 1.47453e-20 0.434012)
(-0.293116 -1.5731e-21 0.464368)
(-0.285954 -6.76269e-22 0.46959)
(-0.270956 1.78571e-21 0.468522)
(-0.255288 9.00609e-21 0.467901)
(-0.247256 0 0.460832)
(-0.247679 -2.66662e-20 0.436497)
(-0.253212 -3.13967e-20 0.389345)
(-0.262553 4.02635e-20 0.319136)
(-0.278085 4.75462e-20 0.226063)
(-0.304518 -8.22582e-21 0.107976)
(-0.35486 7.12717e-22 -0.0368142)
(-0.401831 7.05201e-22 -0.196086)
(-0.455763 0 -0.359421)
(-0.509591 0 -0.518462)
(-0.558178 3.83637e-22 -0.661745)
(-0.594775 -2.12157e-20 -0.772007)
(-0.612628 0 -0.83707)
(-0.615091 7.75324e-22 -0.846402)
(-0.618071 6.33894e-22 -0.792691)
(-0.635675 1.72762e-22 -0.687518)
(-0.661931 9.182e-22 -0.574635)
(8.5592 2.63613e-20 4.21268)
(7.35699 -1.09893e-22 3.35823)
(5.89606 -7.26733e-22 2.58427)
(4.45132 -2.92373e-21 1.91544)
(3.24565 -8.69781e-21 1.34263)
(2.21818 -1.07947e-20 0.874343)
(1.34277 0 0.536195)
(0.687094 0 0.369097)
(0.363214 -4.36553e-21 0.355667)
(0.258768 1.20845e-20 0.38233)
(0.251464 -1.58949e-21 0.40853)
(0.288248 -4.58786e-22 0.44245)
(0.330832 1.75904e-21 0.479109)
(0.35956 -8.13512e-21 0.499156)
(0.375691 4.70096e-20 0.48727)
(0.388764 3.80159e-21 0.442937)
(0.40339 5.9894e-21 0.374627)
(0.416809 -4.46852e-20 0.289413)
(0.423688 4.4595e-20 0.189512)
(0.411975 -4.98053e-20 0.070606)
(0.372157 4.75816e-20 -0.0700977)
(0.300379 4.29768e-20 -0.227946)
(0.207767 1.0249e-21 -0.394569)
(0.107799 -2.88959e-20 -0.551969)
(-0.00428539 2.01712e-20 -0.686174)
(-0.0915389 -5.13802e-22 -0.775094)
(-0.157273 9.24611e-21 -0.801187)
(-0.211321 -6.15595e-22 -0.751206)
(-0.243522 -3.91317e-21 -0.627539)
(-0.271772 1.24995e-21 -0.466073)
(11.5736 0 5.80711)
(10.762 3.73548e-20 4.96082)
(9.72942 -3.36799e-21 4.16908)
(8.61823 0 3.47897)
(7.54103 0 2.87863)
(6.50843 -1.42092e-20 2.35851)
(5.51578 0 1.91136)
(4.57633 -3.51756e-21 1.52967)
(3.72454 6.27606e-21 1.21093)
(2.98893 -2.41947e-21 0.95467)
(2.37168 -2.10862e-21 0.757369)
(1.86781 0 0.616309)
(1.49936 0 0.533427)
(1.27488 8.85926e-21 0.489649)
(1.16421 -2.47008e-20 0.452929)
(1.12743 -3.21536e-21 0.408004)
(1.13487 -3.96397e-20 0.355973)
(1.16388 4.80346e-20 0.296695)
(1.19803 1.54736e-21 0.223891)
(1.2322 4.64499e-20 0.132924)
(1.24857 -4.584e-20 0.0232325)
(1.23923 -3.89793e-20 -0.0941204)
(1.19055 -3.52312e-20 -0.211305)
(1.08249 5.06322e-20 -0.335636)
(0.914527 1.78968e-20 -0.473235)
(0.73947 9.00091e-22 -0.592057)
(0.562735 -3.5953e-21 -0.654973)
(0.382141 -1.28258e-22 -0.645131)
(0.277378 3.95624e-21 -0.537441)
(0.205928 -2.05806e-21 -0.325638)
(12.6794 0 6.40257)
(12.3584 -3.48913e-20 5.76423)
(11.8387 3.31822e-20 5.12239)
(11.1845 -5.82583e-20 4.53008)
(10.4596 1.44839e-20 3.98751)
(9.69381 4.3869e-20 3.49145)
(8.90317 5.81002e-24 3.04291)
(8.10519 -1.17677e-21 2.64172)
(7.31975 3.02326e-22 2.28546)
(6.56417 9.12528e-21 1.9705)
(5.84936 0 1.69381)
(5.18362 -5.28987e-23 1.45247)
(4.57906 -2.23122e-21 1.24242)
(4.04903 0 1.05599)
(3.5954 0 0.881989)
(3.20493 0 0.711545)
(2.86803 -4.27127e-20 0.544778)
(2.59431 -4.58827e-20 0.387988)
(2.39885 -3.1015e-21 0.243509)
(2.2853 6.08768e-21 0.112006)
(2.2661 -2.9787e-21 0.0077591)
(2.27121 0 -0.067776)
(2.26129 3.34748e-20 -0.125515)
(2.22376 -1.35198e-21 -0.178404)
(2.14507 -1.7945e-20 -0.226948)
(1.9929 0 -0.272316)
(1.72261 -2.34666e-22 -0.326942)
(1.38577 2.34164e-22 -0.375067)
(1.13732 -8.64669e-21 -0.344505)
(0.903559 1.78306e-22 -0.161229)
(13.1174 -3.49562e-19 6.3836)
(13.1183 0 6.00731)
(12.9662 5.95239e-20 5.57107)
(12.6761 -1.53951e-19 5.12534)
(12.281 7.94035e-20 4.68687)
(11.8095 -4.79524e-20 4.26373)
(11.2821 0 3.86347)
(10.716 2.6183e-20 3.49067)
(10.1271 -3.94321e-20 3.14597)
(9.52894 -2.47822e-20 2.82799)
(8.9328 0 2.53541)
(8.34871 0 2.26653)
(7.78647 2.8888e-22 2.01822)
(7.25509 0 1.786)
(6.76004 0 1.56579)
(6.30215 -1.24412e-20 1.35537)
(5.88056 -4.82547e-21 1.15315)
(5.49394 5.35658e-20 0.955115)
(5.1363 -5.80264e-21 0.755302)
(4.7948 0 0.550316)
(4.42846 0 0.343953)
(4.07223 -3.35139e-20 0.158158)
(3.8244 0 0.022287)
(3.6587 -2.18579e-20 -0.0601558)
(3.53317 0 -0.0925261)
(3.42014 5.7835e-23 -0.0797783)
(3.30247 -6.79545e-21 -0.030477)
(3.16116 1.02096e-20 0.0370175)
(2.97041 8.10935e-21 0.10248)
(2.64891 0 0.191)
(13.2625 -3.28749e-19 6.13227)
(13.4345 5.21977e-19 5.94355)
(13.5105 -3.94646e-19 5.67885)
(13.4743 1.12427e-19 5.37366)
(13.3361 -5.7426e-20 5.04857)
(13.1152 7.50374e-20 4.71645)
(12.8286 0 4.38698)
(12.49 -6.40584e-20 4.06662)
(12.1117 3.27037e-20 3.7586)
(11.705 5.82086e-21 3.4641)
(11.2799 -3.69347e-21 3.18349)
(10.8451 1.70989e-21 2.91637)
(10.4091 3.32199e-21 2.66126)
(9.9786 3.602e-22 2.41592)
(9.55861 0 2.17838)
(9.15183 -1.38256e-20 1.94759)
(8.75934 3.05674e-20 1.7229)
(8.38075 -7.10792e-20 1.50402)
(8.01364 4.74815e-21 1.29275)
(7.65429 0 1.09498)
(7.29921 3.45342e-20 0.915204)
(6.94974 3.07629e-20 0.74847)
(6.56411 -3.21274e-21 0.583581)
(6.15426 0 0.433039)
(5.755 -2.22396e-21 0.315886)
(5.40981 0 0.249248)
(5.13239 6.64665e-21 0.239089)
(4.91744 1.96798e-21 0.281912)
(4.75667 0 0.372976)
(4.55476 5.22154e-21 0.507409)
(13.2844 0 5.78544)
(13.5265 7.90542e-20 5.70927)
(13.7241 7.20193e-20 5.5661)
(13.8453 1.1229e-19 5.37479)
(13.8844 -2.13062e-19 5.15133)
(13.8508 9.37251e-20 4.90774)
(13.7552 0 4.6532)
(13.6066 7.80186e-20 4.39445)
(13.4135 -3.15279e-20 4.13585)
(13.1841 3.7669e-20 3.88002)
(12.9261 -1.64462e-20 3.62845)
(12.6464 0 3.38179)
(12.3512 -1.38149e-20 3.13988)
(12.0457 -6.41767e-21 2.90204)
(11.7336 1.62132e-21 2.66777)
(11.4173 0 2.43729)
(11.0982 5.10597e-21 2.21161)
(10.7766 -4.91687e-20 1.99255)
(10.4516 -1.84871e-20 1.78296)
(10.1217 0 1.58654)
(9.7857 -2.87688e-20 1.40596)
(9.44292 0 1.24424)
(9.09271 0 1.10565)
(8.73517 2.18213e-21 0.991741)
(8.37076 2.9299e-21 0.900388)
(7.99324 8.56486e-21 0.828648)
(7.61598 0 0.781517)
(7.26064 1.95206e-21 0.767519)
(6.95108 0 0.794425)
(6.61276 -4.97089e-21 0.869153)
(13.2657 4.37001e-19 5.41329)
(13.5222 0 5.39682)
(13.7698 4.76657e-21 5.3301)
(13.9735 0 5.22003)
(14.1197 6.82626e-21 5.07614)
(14.2102 0 4.90714)
(14.25 2.40092e-20 4.72028)
(14.2437 0 4.52129)
(14.1958 0 4.31444)
(14.1112 0 4.10271)
(13.9948 4.75221e-20 3.88813)
(13.8515 0 3.67205)
(13.6854 -1.98671e-21 3.4553)
(13.4999 -9.85427e-21 3.23833)
(13.2975 0 3.02175)
(13.0799 1.11369e-21 2.80678)
(12.8481 -1.87321e-21 2.59533)
(12.6026 1.50167e-20 2.38998)
(12.3433 -1.75757e-20 2.19396)
(12.07 -2.69081e-21 2.01098)
(11.7828 0 1.84461)
(11.4824 0 1.69811)
(11.1694 1.73755e-21 1.57338)
(10.8447 3.29392e-21 1.4709)
(10.5095 -7.6421e-21 1.39141)
(10.1665 2.44063e-21 1.33574)
(9.81994 -1.48112e-20 1.30364)
(9.47657 -1.26332e-20 1.29441)
(9.152 -9.16451e-21 1.30744)
(8.77425 -3.10654e-22 1.34011)
(13.2363 0 5.05298)
(13.4828 0 5.06431)
(13.74 -4.16158e-20 5.04038)
(13.9765 2.01949e-20 4.98192)
(14.1768 2.53281e-19 4.89358)
(14.3389 -2.51366e-19 4.78074)
(14.4641 -2.32596e-20 4.64831)
(14.5535 1.2958e-19 4.50047)
(14.6084 -8.109e-20 4.34069)
(14.631 -3.35388e-20 4.1716)
(14.6237 -7.57681e-20 3.99524)
(14.5891 5.01503e-20 3.81333)
(14.5294 -1.27267e-20 3.62724)
(14.4465 3.32847e-20 3.43808)
(14.3418 0 3.24715)
(14.2162 0 3.05623)
(14.0703 0 2.86771)
(13.9044 -1.11295e-20 2.68452)
(13.7189 1.48041e-21 2.51008)
(13.5141 -1.47404e-21 2.34809)
(13.291 0 2.20208)
(13.0508 -9.54156e-21 2.07497)
(12.7951 -1.02448e-21 1.96874)
(12.5257 -7.52653e-21 1.88463)
(12.245 9.37115e-21 1.82321)
(11.9559 -2.94221e-20 1.784)
(11.6624 1.22828e-20 1.76531)
(11.3699 1.81976e-21 1.76447)
(11.0897 1.15562e-22 1.77733)
(10.7515 1.19694e-21 1.79478)
(13.2034 0 4.71455)
(13.4324 -3.91331e-19 4.73767)
(13.6807 3.57731e-20 4.73593)
(13.9222 3.07575e-19 4.70781)
(14.1425 -2.78762e-19 4.65524)
(14.3387 2.76265e-19 4.58127)
(14.5104 0 4.48893)
(14.6565 -1.14272e-19 4.38102)
(14.7768 1.41406e-19 4.26007)
(14.8712 5.83427e-21 4.12807)
(14.9402 2.90259e-20 3.98678)
(14.9848 -4.84986e-20 3.838)
(15.0056 3.98636e-20 3.68325)
(15.0033 -3.21292e-20 3.52389)
(14.9782 3.69634e-20 3.36152)
(14.9306 3.05222e-20 3.19821)
(14.8607 -4.27883e-20 3.03653)
(14.7687 2.83599e-20 2.87947)
(14.6547 3.39232e-20 2.73037)
(14.5197 0 2.5927)
(14.3646 4.34373e-21 2.46976)
(14.1912 -1.48466e-20 2.36435)
(14.0014 0 2.27853)
(13.7975 2.16135e-20 2.21351)
(13.5825 0 2.16956)
(13.3593 1.61588e-20 2.14582)
(13.1318 1.84744e-20 2.1402)
(12.9044 0 2.14913)
(12.6851 8.50736e-21 2.16704)
(12.414 -7.72163e-22 2.1836)
(13.168 -5.77014e-20 4.39732)
(13.3789 4.04986e-19 4.42522)
(13.612 -4.00638e-19 4.43484)
(13.8455 0 4.4241)
(14.0671 0 4.3937)
(14.2741 -2.59343e-19 4.3454)
(14.4656 2.49328e-19 4.28104)
(14.6403 -2.62852e-20 4.20247)
(14.7968 -2.33914e-19 4.11144)
(14.934 -1.81175e-19 4.00938)
(15.0512 1.53409e-19 3.89776)
(15.1482 -7.11629e-20 3.77825)
(15.225 -5.33709e-20 3.65225)
(15.2809 -1.78566e-21 3.52114)
(15.3159 2.67193e-21 3.38666)
(15.3296 -6.77005e-20 3.2509)
(15.3217 -3.7357e-20 3.11638)
(15.2923 4.9819e-20 2.98591)
(15.2415 -5.54591e-20 2.86259)
(15.1701 0 2.7496)
(15.0793 3.8454e-20 2.64992)
(14.9707 0 2.56615)
(14.8465 -3.7867e-20 2.50023)
(14.7092 2.71885e-20 2.45329)
(14.5614 2.66562e-20 2.42551)
(14.4064 -5.10727e-21 2.41593)
(14.2473 7.86032e-21 2.42233)
(14.0875 0 2.44096)
(13.9324 0 2.46632)
(13.7368 -3.5581e-22 2.48919)
(13.1301 -4.16596e-19 4.09873)
(13.3246 4.69148e-19 4.12848)
(13.5415 -4.09766e-19 4.14412)
(13.7621 3.476e-19 4.1436)
(13.9762 -2.75884e-20 4.12705)
(14.1815 -3.03697e-19 4.0956)
(14.3773 3.37314e-20 4.05045)
(14.5625 0 3.99285)
(14.7354 -2.87212e-20 3.92405)
(14.8944 1.39521e-19 3.84515)
(15.0384 -3.01268e-19 3.75737)
(15.1668 3.07099e-19 3.66211)
(15.2788 -1.4326e-19 3.56064)
(15.3736 -1.09789e-20 3.45433)
(15.4503 0 3.34488)
(15.5085 4.92718e-20 3.23429)
(15.5476 6.92464e-20 3.12482)
(15.5674 -4.57972e-21 3.01904)
(15.5682 -3.08271e-20 2.91969)
(15.5505 -5.75031e-20 2.8296)
(15.5154 -1.62592e-20 2.75143)
(15.4645 -2.08102e-20 2.68751)
(15.3998 7.06378e-20 2.6396)
(15.3236 -1.52381e-20 2.60873)
(15.2385 7.28033e-20 2.59507)
(15.1471 5.8283e-21 2.59773)
(15.0522 -2.55586e-20 2.61463)
(14.9562 0 2.64234)
(14.8625 3.47651e-22 2.67614)
(14.7415 -3.45096e-22 2.70859)
(13.0899 -4.74755e-19 3.81622)
(13.2698 -4.74659e-19 3.84647)
(13.4715 2.60468e-20 3.8655)
(13.6785 7.67292e-19 3.87136)
(13.8817 -3.59809e-19 3.86392)
(14.0796 -1.00457e-20 3.84392)
(14.2718 -1.24146e-21 3.8122)
(14.4573 2.82589e-19 3.76968)
(14.6345 1.84843e-20 3.71735)
(14.802 0 3.65618)
(14.9583 8.67299e-20 3.5871)
(15.103 -2.25268e-19 3.51126)
(15.235 -1.44604e-19 3.42986)
(15.3532 2.05636e-19 3.34429)
(15.4567 0 3.25614)
(15.5449 -4.78991e-20 3.16719)
(15.6173 5.06993e-20 3.07942)
(15.6735 -4.48219e-20 2.99508)
(15.7137 3.38385e-20 2.91659)
(15.7384 9.21805e-20 2.84639)
(15.7486 3.55602e-20 2.78684)
(15.7455 -2.8618e-20 2.73996)
(15.731 -5.97053e-20 2.70735)
(15.7071 3.88436e-20 2.68994)
(15.676 -8.61006e-20 2.68793)
(15.6401 0 2.70058)
(15.6014 0 2.72615)
(15.5618 1.38416e-20 2.76184)
(15.5231 1.13976e-20 2.80389)
(15.4708 4.30199e-22 2.8467)
(13.0474 0 3.54753)
(13.2146 -5.51556e-20 3.57759)
(13.4025 -2.58321e-20 3.59856)
(13.5964 -4.72376e-20 3.60865)
(13.7883 -2.33468e-22 3.60756)
(13.9769 1.49892e-20 3.59578)
(14.162 1.80055e-20 3.57391)
(14.3427 2.64557e-19 3.54267)
(14.5179 -3.21423e-19 3.50291)
(14.6861 3.97916e-20 3.45545)
(14.8463 -1.12525e-19 3.40106)
(14.9977 4.40787e-20 3.34066)
(15.1394 0 3.27544)
(15.2704 7.96313e-20 3.2068)
(15.3899 0 3.13619)
(15.4972 -1.14303e-19 3.06516)
(15.5918 2.2306e-19 2.9954)
(15.6735 -5.71962e-20 2.92887)
(15.7423 -5.67054e-21 2.86768)
(15.7987 -1.837e-19 2.81395)
(15.8435 -9.69804e-20 2.76971)
(15.8779 5.32132e-20 2.73673)
(15.9033 0 2.71642)
(15.9215 0 2.70966)
(15.9345 -6.16448e-21 2.71668)
(15.9441 -3.53031e-20 2.73697)
(15.952 -2.83618e-20 2.76922)
(15.9595 1.83884e-20 2.81131)
(15.9676 1.98909e-21 2.86044)
(15.9755 -5.21392e-21 2.91273)
(13.0029 0 3.29077)
(13.1589 5.40997e-20 3.32021)
(13.3345 -4.00127e-19 3.34224)
(13.5165 4.17539e-19 3.35521)
(13.6975 5.45996e-21 3.35874)
(13.8765 -5.05224e-21 3.35315)
(14.0534 0 3.3389)
(14.2275 -2.71083e-19 3.31652)
(14.3978 2.6775e-19 3.28668)
(14.5632 -2.87157e-19 3.25009)
(14.7227 1.74731e-19 3.20741)
(14.8757 5.16624e-20 3.15946)
(15.0211 -1.7321e-19 3.10739)
(15.1582 8.09576e-21 3.0525)
(15.2865 -1.41275e-19 2.99616)
(15.4053 1.39923e-19 2.9397)
(15.5142 -2.33111e-19 2.88458)
(15.613 6.79157e-20 2.83248)
(15.7018 2.87181e-19 2.78526)
(15.781 3.52491e-20 2.74475)
(15.8512 -8.68427e-20 2.71267)
(15.9135 3.55393e-20 2.69058)
(15.9693 6.29901e-20 2.67971)
(16.02 -2.3855e-20 2.6809)
(16.0672 9.12263e-20 2.69446)
(16.1125 5.43234e-20 2.72013)
(16.1573 2.74899e-20 2.75702)
(16.2026 0 2.80365)
(16.2488 1.2998e-20 2.85811)
(16.3069 -1.47993e-21 2.91794)
(12.9567 4.52592e-19 3.04433)
(13.1027 -3.89463e-19 3.07286)
(13.2674 2.54234e-20 3.09534)
(13.4387 -3.75446e-19 3.11026)
(13.6097 3.7592e-19 3.11722)
(13.7795 0 3.11641)
(13.9482 -3.03503e-19 3.10817)
(14.1154 2.64228e-19 3.09289)
(14.28 -2.27216e-19 3.07108)
(14.4411 -2.24926e-19 3.04332)
(14.598 0 3.01024)
(14.7498 -5.04123e-20 2.97263)
(14.8958 4.95916e-20 2.93144)
(15.0354 2.51324e-19 2.88783)
(15.1682 -1.66032e-19 2.8431)
(15.2939 7.52933e-20 2.79848)
(15.4117 6.1655e-20 2.75523)
(15.5218 5.65137e-20 2.7148)
(15.6243 -1.60514e-19 2.67877)
(15.7195 -4.42738e-20 2.64869)
(15.808 1.23147e-19 2.62607)
(15.8908 -4.36645e-20 2.61226)
(15.969 -9.60329e-20 2.60838)
(16.044 6.01145e-20 2.61522)
(16.117 -4.55169e-20 2.63319)
(16.1895 -2.44976e-20 2.66224)
(16.2626 -1.10482e-20 2.70187)
(16.3371 -7.01617e-21 2.75117)
(16.4134 1.80632e-20 2.80894)
(16.5118 -9.2188e-23 2.87386)
(12.909 -4.49645e-19 2.80682)
(13.0463 4.14901e-19 2.83422)
(13.2013 2.58554e-20 2.85669)
(13.3629 3.64789e-19 2.87287)
(13.5247 -3.77122e-19 2.88233)
(13.6861 0 2.88519)
(13.8472 0 2.8817)
(14.0075 0 2.87214)
(14.1664 0 2.8569)
(14.3229 -3.10746e-20 2.83646)
(14.4762 -2.88737e-19 2.81141)
(14.6259 2.25582e-19 2.78248)
(14.7712 3.18955e-21 2.75046)
(14.9113 1.29443e-19 2.71628)
(15.0464 -2.62013e-19 2.68112)
(15.1759 -7.33951e-20 2.64617)
(15.2996 0 2.6126)
(15.4173 -1.86184e-19 2.58165)
(15.5293 7.03606e-20 2.55459)
(15.6359 1.03884e-20 2.53273)
(15.7378 5.30741e-20 2.51742)
(15.8357 -4.6477e-20 2.50985)
(15.9305 3.78756e-20 2.51104)
(16.0235 6.46213e-21 2.52176)
(16.1158 -2.42095e-20 2.54246)
(16.2086 -2.74752e-22 2.57331)
(16.3031 -1.71314e-20 2.6141)
(16.3999 0 2.66439)
(16.4994 -3.42209e-20 2.72353)
(16.6295 1.14508e-21 2.79104)
(12.8603 2.83778e-20 2.57705)
(12.9897 3.05615e-22 2.60315)
(13.1361 3.74657e-19 2.62524)
(13.289 -7.58923e-19 2.64211)
(13.4426 7.20278e-19 2.65332)
(13.5963 -2.19028e-20 2.65895)
(13.7503 -6.60612e-19 2.65917)
(13.9042 3.07756e-19 2.65419)
(14.0575 -2.71901e-19 2.64432)
(14.2092 -2.68401e-19 2.62996)
(14.3588 2.93651e-19 2.61163)
(14.5059 -4.48833e-19 2.58997)
(14.6497 1.11072e-19 2.56565)
(14.7896 1.81457e-19 2.53943)
(14.9258 7.15543e-20 2.51228)
(15.0578 -1.6725e-19 2.48529)
(15.1855 -1.40734e-19 2.45968)
(15.3088 2.61986e-19 2.43647)
(15.4279 -1.84315e-19 2.41662)
(15.5431 5.65141e-20 2.40129)
(15.655 4.16992e-20 2.39169)
(15.7642 -9.0171e-21 2.38888)
(15.8716 0 2.39376)
(15.9782 -6.30977e-20 2.40707)
(16.0851 -2.59549e-20 2.42932)
(16.1934 2.14694e-20 2.46078)
(16.304 3.57154e-20 2.50153)
(16.418 2.93158e-20 2.55145)
(16.5353 1.92626e-20 2.61028)
(16.6902 -1.92755e-20 2.67814)
(12.8108 4.12819e-19 2.35398)
(12.9333 -4.32339e-19 2.37862)
(13.072 0 2.40002)
(13.2171 0 2.4171)
(13.3634 5.60342e-21 2.42944)
(13.51 5.27493e-21 2.43708)
(13.6575 3.33611e-19 2.44016)
(13.8055 -2.90295e-19 2.43882)
(13.9535 0 2.43332)
(14.1007 2.56969e-19 2.42397)
(14.2467 -2.22333e-19 2.41118)
(14.391 2.80631e-19 2.3955)
(14.5331 -1.67694e-19 2.37757)
(14.6726 -2.44449e-21 2.35803)
(14.8094 0 2.33756)
(14.943 8.55963e-20 2.31719)
(15.0736 0 2.29809)
(15.2012 -6.63007e-20 2.28117)
(15.3257 2.5329e-19 2.26719)
(15.4476 -1.74901e-19 2.25716)
(15.5672 -3.74981e-21 2.2521)
(15.6853 -8.63298e-20 2.25295)
(15.8025 4.78201e-20 2.26052)
(15.9198 3.75118e-20 2.27549)
(16.0382 -2.74925e-20 2.29842)
(16.1586 2.32916e-20 2.32969)
(16.282 8.71653e-21 2.36953)
(16.4094 -3.7127e-20 2.41805)
(16.5409 0 2.47528)
(16.7152 1.88561e-20 2.54169)
(12.7611 0 2.13667)
(12.8774 -2.62185e-20 2.15971)
(13.0092 0 2.18015)
(13.1474 3.73227e-19 2.19703)
(13.287 -1.44235e-20 2.20996)
(13.4274 -6.81059e-19 2.21896)
(13.569 1.42608e-20 2.22412)
(13.7116 -4.4688e-21 2.22558)
(13.8548 2.91373e-19 2.22353)
(13.998 2.5959e-19 2.21821)
(14.1406 -2.86793e-19 2.20994)
(14.2822 -5.70188e-20 2.19917)
(14.4226 -2.09869e-19 2.18649)
(14.5614 2.56421e-19 2.17245)
(14.6983 1.79563e-19 2.15761)
(14.8328 -2.61032e-19 2.14278)
(14.9655 0 2.12897)
(15.0964 0 2.11706)
(15.2252 6.73836e-20 2.10782)
(15.3523 0 2.10208)
(15.4783 5.1677e-20 2.10064)
(15.6036 0 2.10427)
(15.7288 -7.90928e-20 2.11373)
(15.8549 7.84524e-20 2.12969)
(15.9827 -2.88111e-20 2.15269)
(16.113 7.88167e-20 2.18319)
(16.2469 -2.48147e-20 2.22152)
(16.3852 -1.8166e-20 2.26793)
(16.5284 0 2.3226)
(16.7185 7.32397e-22 2.38623)
(12.7115 -4.55592e-19 1.92423)
(12.8224 4.2067e-19 1.94553)
(12.948 0 1.96478)
(13.0801 -3.8165e-19 1.98109)
(13.2137 3.654e-19 1.99414)
(13.3484 5.32501e-21 2.00391)
(13.4847 0 2.01049)
(13.6224 -1.9058e-20 2.01397)
(13.7611 -2.77969e-19 2.0145)
(13.9005 -3.07931e-19 2.01231)
(14.0399 2.44337e-19 2.00766)
(14.1789 -2.41149e-19 2.00091)
(14.3175 5.55821e-20 1.99251)
(14.4554 0 1.98293)
(14.5921 4.81011e-20 1.97272)
(14.7276 4.45369e-20 1.9625)
(14.8619 8.21754e-20 1.95299)
(14.9952 0 1.94506)
(15.1275 -6.56405e-20 1.93955)
(15.259 0 1.93715)
(15.3903 0 1.93846)
(15.5216 4.27065e-20 1.94415)
(15.6536 -1.74429e-19 1.95489)
(15.7871 8.12541e-20 1.9713)
(15.9228 2.99077e-20 1.99392)
(16.0615 -8.53928e-20 2.0232)
(16.2043 2.28785e-20 2.05956)
(16.352 1.88723e-20 2.10331)
(16.505 -1.99924e-21 2.15474)
(16.7084 -8.01467e-21 2.21462)
(12.6627 -4.04825e-19 1.71584)
(12.7687 3.77571e-19 1.7353)
(12.8889 -1.20539e-20 1.75314)
(13.0155 -3.66585e-19 1.76859)
(13.1438 -1.37233e-21 1.78134)
(13.2734 3.23988e-19 1.7914)
(13.4048 -6.35774e-19 1.79881)
(13.538 3.12083e-20 1.80366)
(13.6726 3.07988e-19 1.80606)
(13.8083 3.30231e-20 1.80621)
(13.9446 2.13276e-19 1.80435)
(14.0813 -2.71557e-19 1.80075)
(14.2182 -5.42249e-20 1.79573)
(14.355 -1.47362e-19 1.78966)
(14.4915 1.50137e-19 1.78308)
(14.6276 1.27804e-19 1.77654)
(14.7633 -4.07133e-19 1.77058)
(14.8985 1.56073e-19 1.76589)
(15.0336 7.01191e-20 1.76325)
(15.1687 0 1.76331)
(15.3043 0 1.76661)
(15.4407 1.96666e-19 1.77372)
(15.5785 -9.48722e-20 1.78518)
(15.7182 0 1.80156)
(15.8608 -3.07867e-20 1.82338)
(16.0068 1.41851e-19 1.85107)
(16.1573 -4.57537e-20 1.88507)
(16.3132 -6.97001e-21 1.92574)
(16.4749 6.91986e-21 1.97341)
(16.6897 0 2.02886)
(12.6152 4.13895e-19 1.51062)
(12.7169 -3.81423e-19 1.52813)
(12.8323 0 1.54437)
(12.9539 0 1.5587)
(13.0775 0 1.57082)
(13.2025 0 1.58074)
(13.3296 0 1.58849)
(13.4587 0 1.59414)
(13.5896 -3.11265e-19 1.59778)
(13.722 -2.38522e-19 1.59957)
(13.8554 2.75615e-19 1.59971)
(13.9898 -2.4198e-19 1.59843)
(14.1251 -2.70506e-19 1.59596)
(14.2608 1.09039e-19 1.59257)
(14.3967 -1.863e-19 1.58877)
(14.533 5.66484e-20 1.58511)
(14.6696 1.1326e-20 1.58197)
(14.8064 1.57623e-19 1.57984)
(14.9438 -6.82926e-20 1.57932)
(15.0819 -5.6881e-20 1.58108)
(15.2211 1.08718e-20 1.58567)
(15.3618 1.10436e-19 1.59356)
(15.5044 4.65147e-20 1.60521)
(15.6496 4.06702e-20 1.6211)
(15.7981 0 1.64169)
(15.9505 -5.89078e-20 1.66742)
(16.1078 -2.76837e-20 1.6987)
(16.2709 0 1.7359)
(16.4402 2.31014e-20 1.77935)
(16.6651 0 1.82984)
(12.5695 -1.28361e-20 1.308)
(12.6675 3.89363e-19 1.32346)
(12.7786 -3.82767e-19 1.33796)
(12.8959 0 1.35094)
(13.0152 -3.38002e-19 1.36214)
(13.1362 3.32592e-19 1.37156)
(13.2594 -3.05248e-19 1.37923)
(13.3848 5.89882e-19 1.38521)
(13.5123 6.01138e-21 1.38955)
(13.6416 5.05562e-22 1.39238)
(13.7724 0 1.39384)
(13.9045 2.89866e-20 1.39415)
(14.0381 2.68673e-19 1.3935)
(14.1726 3.95968e-20 1.39212)
(14.3078 -1.49175e-19 1.39044)
(14.4441 1.29097e-19 1.3889)
(14.5813 -3.31192e-19 1.3878)
(14.7194 3.05606e-19 1.38749)
(14.8586 -1.10191e-19 1.38847)
(14.9992 -1.85451e-19 1.39134)
(15.1415 6.24772e-20 1.39665)
(15.2857 -5.10334e-20 1.40482)
(15.4324 -4.5265e-20 1.4162)
(15.5822 1.51625e-21 1.43117)
(15.7357 -3.19176e-20 1.45016)
(15.8937 5.99409e-20 1.47357)
(16.0569 5.54958e-20 1.50178)
(16.2263 2.52758e-20 1.53516)
(16.4024 -2.03153e-20 1.57402)
(16.6362 9.02674e-21 1.6191)
(12.5264 -3.93272e-19 1.10674)
(12.621 -1.20953e-20 1.12007)
(12.7284 0 1.13268)
(12.8419 3.48623e-19 1.14409)
(12.9575 -3.42222e-19 1.1541)
(13.0749 0 1.16269)
(13.1946 0 1.16991)
(13.3168 1.8263e-20 1.17577)
(13.4413 -1.73274e-20 1.18035)
(13.5678 -3.23995e-20 1.1837)
(13.6961 0 1.18594)
(13.8263 1.97639e-19 1.18719)
(13.9582 -2.23826e-19 1.18769)
(14.0914 0 1.1877)
(14.2259 9.56021e-22 1.1875)
(14.362 0 1.18733)
(14.4995 -1.59963e-19 1.1875)
(14.6385 1.58156e-19 1.18834)
(14.7791 9.03615e-22 1.19022)
(14.9216 3.2478e-20 1.19365)
(15.0663 2.27264e-19 1.19917)
(15.2134 -1.09928e-19 1.20712)
(15.3635 0 1.21773)
(15.5171 -7.79471e-20 1.23132)
(15.6749 3.76288e-20 1.24826)
(15.8376 -2.96027e-20 1.26893)
(16.0059 -1.02664e-20 1.2937)
(16.1808 -1.69028e-20 1.32287)
(16.3628 -7.2452e-21 1.35675)
(16.6041 -1.64072e-20 1.39602)
(12.4862 -3.96602e-19 0.907037)
(12.5779 1.17975e-20 0.918152)
(12.6821 -3.57717e-19 0.928753)
(12.7923 9.9006e-21 0.938438)
(12.9046 9.3161e-21 0.947038)
(13.0189 3.20856e-19 0.954547)
(13.1356 -2.95827e-19 0.960989)
(13.2549 2.73412e-19 0.966391)
(13.3768 3.39317e-20 0.970791)
(13.5009 0 0.974247)
(13.6271 0 0.976809)
(13.7554 -2.24699e-19 0.978573)
(13.8857 -1.67089e-20 0.979778)
(14.0177 2.08003e-19 0.980693)
(14.1515 -4.70007e-20 0.98145)
(14.2872 -1.71695e-19 0.982167)
(14.4247 1.69638e-19 0.983112)
(14.5642 0 0.984593)
(14.7057 -6.98844e-20 0.986904)
(14.8495 -1.54385e-19 0.990474)
(14.996 6.41454e-20 0.995785)
(15.1454 0 1.0031)
(15.2982 4.70064e-20 1.01255)
(15.4549 -4.12078e-20 1.0244)
(15.6162 0 1.03901)
(15.7828 2.88015e-20 1.05668)
(15.9554 2.37367e-20 1.07772)
(16.1349 0 1.10241)
(16.3219 0 1.13099)
(16.57 5.43028e-21 1.16407)
(12.4496 -7.60597e-19 0.706136)
(12.5389 3.67123e-19 0.71492)
(12.6403 0 0.723347)
(12.7476 3.34356e-19 0.731096)
(12.8572 -3.28788e-19 0.738032)
(12.9687 -3.04559e-19 0.744152)
(13.0828 3.04299e-19 0.749473)
(13.1997 0 0.754011)
(13.3191 -2.78317e-19 0.757798)
(13.4411 -2.73656e-19 0.760886)
(13.5654 2.34307e-19 0.763327)
(13.692 -2.0291e-19 0.76519)
(13.8208 2.6448e-20 0.766643)
(13.9516 0 0.767893)
(14.0847 1.82266e-19 0.769026)
(14.2199 -3.49794e-19 0.770107)
(14.3573 3.25295e-19 0.771337)
(14.497 -1.55712e-19 0.772969)
(14.6391 3.43588e-20 0.775212)
(14.7836 6.09378e-20 0.778389)
(14.9314 -5.18883e-21 0.782928)
(15.0827 -5.45819e-20 0.789055)
(15.2375 -4.5751e-20 0.796849)
(15.3967 2.20719e-21 0.806515)
(15.5607 3.75545e-20 0.81834)
(15.7304 1.31945e-20 0.83258)
(15.9064 -2.59037e-20 0.849464)
(16.0897 -1.74997e-20 0.869227)
(16.2809 7.24989e-21 0.892097)
(16.5341 0 0.918603)
(12.4169 -5.83101e-21 0.506862)
(12.504 5.62059e-21 0.513317)
(12.6031 0 0.51955)
(12.708 -1.29411e-21 0.525312)
(12.8152 3.11314e-19 0.530507)
(12.9244 -3.06815e-19 0.535134)
(13.0362 1.8636e-23 0.539207)
(13.1508 2.69929e-19 0.542734)
(13.2681 -2.65774e-19 0.545737)
(13.3881 -2.27549e-19 0.548262)
(13.5106 4.69278e-19 0.550378)
(13.6356 -2.26596e-19 0.55213)
(13.7629 -1.31081e-20 0.553591)
(13.8926 0 0.554887)
(14.0248 0 0.556102)
(14.1595 0 0.557296)
(14.2966 0 0.558603)
(14.4365 0 0.560215)
(14.5789 0 0.562271)
(14.7239 4.44665e-20 0.564922)
(14.8726 -5.96396e-20 0.568451)
(15.0251 0 0.573134)
(15.1814 2.30431e-20 0.579119)
(15.3423 0 0.5865)
(15.5084 0 0.595415)
(15.6804 2.76661e-20 0.60605)
(15.8591 -1.29928e-20 0.618603)
(16.0454 0 0.633271)
(16.24 5.78566e-21 0.650236)
(16.4979 0 0.669897)
(12.3887 1.77148e-19 0.301415)
(12.4742 -3.50038e-19 0.305332)
(12.5713 3.37595e-19 0.309134)
(12.6742 -1.61993e-19 0.312632)
(12.7793 -1.51325e-19 0.315777)
(12.8866 4.37384e-21 0.318583)
(12.9964 1.36139e-19 0.32106)
(13.1091 1.3164e-19 0.323214)
(13.2246 -1.29615e-19 0.325055)
(13.3428 -3.78482e-21 0.326602)
(13.4636 1.12268e-19 0.327889)
(13.5871 -1.10691e-19 0.328959)
(13.7131 1.12608e-19 0.329854)
(13.8416 -1.92357e-19 0.33063)
(13.973 9.26161e-20 0.331353)
(14.1069 8.19641e-20 0.332097)
(14.2436 -8.09959e-20 0.332954)
(14.3831 -6.13022e-20 0.334038)
(14.5255 1.26017e-19 0.335432)
(14.6709 -5.65093e-20 0.33714)
(14.8199 2.68184e-20 0.339239)
(14.9729 -1.38621e-20 0.342007)
(15.1301 1.01727e-20 0.345682)
(15.292 -3.10327e-20 0.350281)
(15.4594 -1.57288e-20 0.355796)
(15.633 -1.15066e-20 0.362327)
(15.8135 1.28086e-20 0.370039)
(16.0017 0 0.37911)
(16.1986 -9.5341e-21 0.389747)
(16.4588 -2.98161e-22 0.40244)
(12.1455 2.7706e-21 0.10156)
(12.2279 0 0.103053)
(12.3217 -1.28289e-21 0.104504)
(12.4212 -7.76554e-20 0.105834)
(12.523 2.10588e-21 0.107032)
(12.6269 2.11921e-21 0.108109)
(12.7334 4.28831e-21 0.109069)
(12.8427 1.30935e-19 0.109914)
(12.9548 -6.33913e-20 0.110646)
(13.0696 3.69171e-21 0.111262)
(13.1871 0 0.11176)
(13.3072 0 0.112167)
(13.4297 2.44653e-20 0.112509)
(13.5548 -2.41434e-20 0.112796)
(13.6825 0 0.113056)
(13.8129 2.01052e-20 0.113335)
(13.9461 -1.98704e-20 0.113672)
(14.0821 -8.91782e-21 0.1141)
(14.2211 -7.68203e-21 0.114646)
(14.3634 2.33013e-20 0.115285)
(14.5092 0 0.116014)
(14.6589 -1.24067e-20 0.11696)
(14.8129 -5.83031e-22 0.118253)
(14.9717 -9.78842e-21 0.119894)
(15.1362 9.04164e-21 0.121856)
(15.307 0 0.124171)
(15.4849 -2.48461e-21 0.126911)
(15.6708 2.46414e-21 0.130175)
(15.8659 3.0434e-21 0.1341)
(16.1254 1.05023e-21 0.139183)
)
;

boundaryField
{
    inlet
    {
        type            fixedValue;
        value           uniform (10 0 0);
    }
    outlet
    {
        type            zeroGradient;
    }
    flap
    {
        type            movingWallVelocity;
        value           nonuniform List<vector> 
33
(
(-5.19354e-17 2.77556e-14 -5.98061e-16)
(-2.45636e-15 0 -1.19459e-14)
(-7.85397e-15 -2.77556e-14 -2.40591e-14)
(-1.04135e-14 0 -2.3988e-14)
(-1.26302e-31 2.77556e-14 6.69192e-32)
(-2.47525e-14 -2.77556e-14 -4.03128e-14)
(5.18115e-14 -2.77556e-14 7.54375e-14)
(0 0 0)
(-2.15345e-14 -2.77556e-14 -2.70494e-14)
(-5.45851e-14 2.77556e-14 -6.56086e-14)
(5.48414e-14 0 6.41079e-14)
(0 0 0)
(0 -2.77556e-14 0)
(0 0 0)
(-5.4992e-14 0 -6.30856e-14)
(1.09952e-13 -4.52453e-31 -9.5641e-14)
(-8.29154e-15 0 7.20475e-15)
(5.50105e-14 2.26985e-31 -4.80727e-14)
(-6.65336e-16 -2.77556e-14 -7.49575e-15)
(-2.8566e-16 -1.01751e-32 -1.37861e-15)
(-9.59178e-15 0 -2.91652e-14)
(0 0 0)
(-2.91054e-14 -2.77556e-14 -5.47942e-14)
(0 0 0)
(0 0 0)
(-9.96407e-15 -2.77556e-14 -1.33145e-14)
(-4.86097e-14 0 -6.10099e-14)
(0 0 0)
(-7.8312e-14 -2.77556e-14 -9.15098e-14)
(-7.8822e-14 -2.77556e-14 -9.07827e-14)
(0 0 0)
(-1.02879e-13 -5.85404e-32 -1.18115e-13)
(-4.7934e-14 4.53454e-31 -5.49916e-14)
)
;
    }
    upperWall
    {
        type            noSlip;
    }
    lowerWall
    {
        type            noSlip;
    }
    frontAndBack
    {
        type            empty;
    }
}


// ************************************************************************* //
