/*--------------------------------*- C++ -*----------------------------------*\
| =========                 |                                                 |
| \\      /  F ield         | OpenFOAM: The Open Source CFD Toolbox           |
|  \\    /   O peration     | Version:  dev                                   |
|   \\  /    A nd           | Web:      www.OpenFOAM.org                      |
|    \\/     M anipulation  |                                                 |
\*---------------------------------------------------------------------------*/
FoamFile
{
    version     2.0;
    format      ascii;
    class       volVectorField;
    location    "2.63";
    object      cellDisplacement;
}
// * * * * * * * * * * * * * * * * * * * * * * * * * * * * * * * * * * * * * //

dimensions      [0 1 0 0 0 0 0];

internalField   nonuniform List<vector> 
2790
(
(0.0107497 0 -3.9672e-05)
(0.030675 0 -0.000113517)
(0.0476509 0 -0.000177895)
(0.0619327 0 -0.000234459)
(0.07379 0 -0.000284722)
(0.0834701 0 -0.000328985)
(0.0911965 0 -0.000368062)
(0.0971587 0 -0.000402359)
(0.10152 0 -0.000432041)
(0.104423 0 -0.000456635)
(0.105995 0 -0.00047593)
(0.106347 0 -0.000489462)
(0.105576 0 -0.000496546)
(0.103771 0 -0.00049632)
(0.101013 0 -0.000487857)
(0.0973794 0 -0.000470864)
(0.0929392 0 -0.000441822)
(0.0877574 0 -0.000399888)
(0.0819021 0 -0.000343154)
(0.0754439 0 -0.000269349)
(0.0684594 0 -0.000175948)
(0.0610346 0 -6.03193e-05)
(0.0532653 0 8.05481e-05)
(0.0452607 0 0.000249887)
(0.0371494 0 0.000451165)
(0.0291187 0 0.000689593)
(0.0214139 0 0.000969082)
(0.0143916 0 0.00129343)
(0.00862579 0 0.00165845)
(0.00532932 0 0.00201107)
(0.0107648 0 -0.000119161)
(0.0307191 0 -0.000340995)
(0.0477233 0 -0.000534432)
(0.0620359 0 -0.000704414)
(0.0739237 0 -0.000855743)
(0.0836351 0 -0.000988931)
(0.0913978 0 -0.00110666)
(0.0974009 0 -0.00121012)
(0.101808 0 -0.00129999)
(0.104762 0 -0.00137458)
(0.106392 0 -0.00143344)
(0.10681 0 -0.00147521)
(0.106114 0 -0.00149783)
(0.104393 0 -0.00149873)
(0.101727 0 -0.00147475)
(0.0981982 0 -0.00142232)
(0.0938816 0 -0.00133759)
(0.0888388 0 -0.00121526)
(0.0831417 0 -0.00104947)
(0.076864 0 -0.000833541)
(0.0700845 0 -0.000560032)
(0.0628989 0 -0.000221547)
(0.0554119 0 0.000190726)
(0.0477472 0 0.000686156)
(0.0400328 0 0.00127596)
(0.0324626 0 0.0019693)
(0.0253129 0 0.00277196)
(0.0189655 0 0.00368539)
(0.0141317 0 0.00468415)
(0.0121126 0 0.0055746)
(0.0107958 0 -0.000199046)
(0.0308088 0 -0.000569691)
(0.0478694 0 -0.000893011)
(0.0622443 0 -0.00117714)
(0.0741924 0 -0.00142814)
(0.0839653 0 -0.00165064)
(0.0918003 0 -0.00184773)
(0.0978851 0 -0.00202125)
(0.102383 0 -0.00217305)
(0.105438 0 -0.00229918)
(0.107183 0 -0.00239969)
(0.10773 0 -0.00247236)
(0.107182 0 -0.00251387)
(0.105628 0 -0.00252004)
(0.103153 0 -0.00248582)
(0.0998362 0 -0.00240423)
(0.0957595 0 -0.00227176)
(0.0909921 0 -0.00207909)
(0.0856089 0 -0.00181678)
(0.0796885 0 -0.00147439)
(0.0733097 0 -0.00103967)
(0.0665892 0 -0.000502728)
(0.0596438 0 0.000150141)
(0.052613 0 0.000932707)
(0.045671 0 0.00185806)
(0.0390417 0 0.00293281)
(0.0330273 0 0.0041565)
(0.0279912 0 0.00551561)
(0.0246665 0 0.00692415)
(0.0246865 0 0.00803555)
(0.0108432 0 -0.000279034)
(0.0309442 0 -0.000798754)
(0.0480868 0 -0.00125226)
(0.0625417 0 -0.00165083)
(0.0745806 0 -0.00200219)
(0.0844568 0 -0.00231526)
(0.0924003 0 -0.00259294)
(0.0986072 0 -0.00283774)
(0.103237 0 -0.0030501)
(0.10644 0 -0.0032296)
(0.108355 0 -0.00337473)
(0.109095 0 -0.00348225)
(0.108764 0 -0.00354775)
(0.107456 0 -0.00356573)
(0.105261 0 -0.00353009)
(0.102263 0 -0.00343295)
(0.0985456 0 -0.00326653)
(0.0941873 0 -0.00302019)
(0.0892713 0 -0.00268216)
(0.083889 0 -0.00223987)
(0.0781223 0 -0.0016778)
(0.072088 0 -0.000981733)
(0.0659342 0 -0.000138499)
(0.0598176 0 0.00086582)
(0.053936 0 0.00204202)
(0.0485985 0 0.00338786)
(0.0441708 0 0.00488124)
(0.0410686 0 0.00646656)
(0.0398003 0 0.00801232)
(0.0423315 0 0.00900817)
(0.0109066 0 -0.000358692)
(0.0311233 0 -0.00102694)
(0.0483727 0 -0.00161021)
(0.0629373 0 -0.0021234)
(0.0750973 0 -0.00257771)
(0.0851059 0 -0.0029828)
(0.0931912 0 -0.00334265)
(0.0995534 0 -0.00366061)
(0.104358 0 -0.00393631)
(0.107762 0 -0.00417295)
(0.109902 0 -0.00436733)
(0.110896 0 -0.00451558)
(0.110851 0 -0.00461241)
(0.109867 0 -0.00465115)
(0.108039 0 -0.00462561)
(0.105457 0 -0.00452646)
(0.102211 0 -0.00434387)
(0.0983873 0 -0.00406591)
(0.094079 0 -0.00367933)
(0.089385 0 -0.00316996)
(0.0844128 0 -0.00252258)
(0.0792917 0 -0.00172245)
(0.0741824 0 -0.000757405)
(0.0692804 0 0.000380617)
(0.0647917 0 0.00169844)
(0.0610185 0 0.00318184)
(0.0584972 0 0.00476635)
(0.0577339 0 0.00633947)
(0.0591639 0 0.00773868)
(0.0643162 0 0.00833816)
(0.0109867 0 -0.000438345)
(0.0313445 0 -0.00125417)
(0.0487238 0 -0.0019667)
(0.0634257 0 -0.0025946)
(0.0757347 0 -0.00315187)
(0.0859038 0 -0.00365013)
(0.0941617 0 -0.00409346)
(0.100716 0 -0.00448712)
(0.10574 0 -0.00483244)
(0.10939 0 -0.00513081)
(0.111806 0 -0.00538009)
(0.113111 0 -0.00557621)
(0.113418 0 -0.00571342)
(0.112827 0 -0.00578342)
(0.111448 0 -0.00578201)
(0.109375 0 -0.00569798)
(0.106705 0 -0.00552096)
(0.103536 0 -0.00523854)
(0.0999714 0 -0.00483724)
(0.0961247 0 -0.00430328)
(0.0921181 0 -0.00362236)
(0.0880905 0 -0.00278047)
(0.084226 0 -0.0017701)
(0.0807844 0 -0.000595769)
(0.0780163 0 0.000732484)
(0.0761867 0 0.00219171)
(0.0757798 0 0.00369589)
(0.0775718 0 0.00504955)
(0.0820427 0 0.00602028)
(0.0899792 0 0.00598404)
(0.0110656 0 -0.000517294)
(0.0315894 0 -0.00148056)
(0.0491371 0 -0.00232313)
(0.0640036 0 -0.00306642)
(0.0764896 0 -0.00372734)
(0.0868435 0 -0.0043177)
(0.0953021 0 -0.00484595)
(0.102084 0 -0.00531796)
(0.107363 0 -0.00573586)
(0.111299 0 -0.00610059)
(0.114038 0 -0.00641097)
(0.115708 0 -0.00666309)
(0.116427 0 -0.00685158)
(0.116309 0 -0.00696983)
(0.115456 0 -0.00700916)
(0.113974 0 -0.00695982)
(0.111976 0 -0.00681318)
(0.10957 0 -0.00655704)
(0.106869 0 -0.00617869)
(0.103997 0 -0.00566531)
(0.101125 0 -0.00501094)
(0.0983888 0 -0.00420263)
(0.0959983 0 -0.00323918)
(0.0941979 0 -0.00213042)
(0.0933112 0 -0.000910807)
(0.0937333 0 0.000355546)
(0.0957808 0 0.00158034)
(0.100219 0 0.00252579)
(0.107761 0 0.00284691)
(0.118749 0 0.00196576)
(0.0111596 0 -0.000595813)
(0.0318734 0 -0.00170646)
(0.0496105 0 -0.00267908)
(0.0646649 0 -0.00353833)
(0.0773427 0 -0.00430327)
(0.0879086 0 -0.00498734)
(0.0966058 0 -0.00560336)
(0.103648 0 -0.00615702)
(0.109218 0 -0.00665151)
(0.11348 0 -0.00708784)
(0.116585 0 -0.0074664)
(0.118668 0 -0.00778348)
(0.119854 0 -0.00803451)
(0.120269 0 -0.00821507)
(0.120011 0 -0.0083126)
(0.119193 0 -0.00831866)
(0.117954 0 -0.00822974)
(0.116408 0 -0.00803384)
(0.114684 0 -0.00772077)
(0.11293 0 -0.00728275)
(0.111302 0 -0.00671245)
(0.109988 0 -0.00600875)
(0.109257 0 -0.00518779)
(0.109323 0 -0.00426462)
(0.110524 0 -0.00328712)
(0.113292 0 -0.00235004)
(0.118095 0 -0.00160022)
(0.125353 0 -0.00125404)
(0.136059 0 -0.00177006)
(0.150137 0 -0.00365671)
(0.0112662 0 -0.000673701)
(0.0321914 0 -0.00193041)
(0.050138 0 -0.00303227)
(0.0654011 0 -0.00400748)
(0.0782938 0 -0.00487708)
(0.089099 0 -0.00565858)
(0.0980599 0 -0.00636489)
(0.105392 0 -0.00700354)
(0.111285 0 -0.00757894)
(0.115906 0 -0.00809199)
(0.119418 0 -0.0085462)
(0.121956 0 -0.00893741)
(0.123654 0 -0.00926188)
(0.124643 0 -0.00951554)
(0.125039 0 -0.0096901)
(0.124967 0 -0.00977879)
(0.124562 0 -0.0097765)
(0.123958 0 -0.00967558)
(0.123292 0 -0.00946826)
(0.122764 0 -0.00915935)
(0.122516 0 -0.00874135)
(0.122773 0 -0.00822474)
(0.123776 0 -0.00762733)
(0.125873 0 -0.00700158)
(0.129382 0 -0.00640822)
(0.134662 0 -0.00594778)
(0.14232 0 -0.00582938)
(0.15265 0 -0.0062717)
(0.166577 0 -0.00777959)
(0.183649 0 -0.0107776)
(0.0113845 0 -0.000751175)
(0.0325408 0 -0.00215316)
(0.0507176 0 -0.00338392)
(0.0662062 0 -0.00447348)
(0.0793326 0 -0.00544796)
(0.090398 0 -0.00632768)
(0.0996447 0 -0.00712625)
(0.107292 0 -0.00785285)
(0.113535 0 -0.00851367)
(0.118555 0 -0.00911272)
(0.12251 0 -0.00965065)
(0.125541 0 -0.0101254)
(0.127789 0 -0.0105347)
(0.129399 0 -0.0108772)
(0.130498 0 -0.0111472)
(0.131221 0 -0.0113402)
(0.131712 0 -0.0114533)
(0.132121 0 -0.0114835)
(0.132608 0 -0.0114295)
(0.133358 0 -0.0112956)
(0.134564 0 -0.0110893)
(0.13651 0 -0.0108404)
(0.139418 0 -0.0105707)
(0.143613 0 -0.010338)
(0.149549 0 -0.0102522)
(0.157567 0 -0.0104273)
(0.168173 0 -0.01108)
(0.181808 0 -0.0124886)
(0.198897 0 -0.0150911)
(0.218754 0 -0.0192438)
(0.0115136 0 -0.000828079)
(0.0329176 0 -0.00237424)
(0.0513284 0 -0.00373242)
(0.067061 0 -0.00493644)
(0.0804522 0 -0.00601741)
(0.091799 0 -0.00699676)
(0.101353 0 -0.00788986)
(0.109339 0 -0.00870752)
(0.115961 0 -0.00945872)
(0.121406 0 -0.0101494)
(0.125827 0 -0.0107778)
(0.12938 0 -0.0113451)
(0.132209 0 -0.0118499)
(0.134477 0 -0.0122963)
(0.136317 0 -0.0126799)
(0.137876 0 -0.0129994)
(0.139308 0 -0.0132551)
(0.140774 0 -0.0134489)
(0.14246 0 -0.0135877)
(0.144556 0 -0.0136814)
(0.1473 0 -0.0137519)
(0.150947 0 -0.0138292)
(0.155848 0 -0.0139766)
(0.162277 0 -0.0142509)
(0.170675 0 -0.0147722)
(0.181563 0 -0.0157208)
(0.195245 0 -0.0172821)
(0.212327 0 -0.0198021)
(0.232492 0 -0.02356)
(0.254865 0 -0.0288446)
(0.0116515 0 -0.000903845)
(0.0333176 0 -0.00259212)
(0.0519773 0 -0.0040765)
(0.0679719 0 -0.00539612)
(0.0816424 0 -0.00658402)
(0.0932882 0 -0.00766423)
(0.103166 0 -0.00865386)
(0.111508 0 -0.00956501)
(0.118529 0 -0.0104101)
(0.124409 0 -0.0111939)
(0.129319 0 -0.0119191)
(0.133416 0 -0.0125882)
(0.136864 0 -0.0132035)
(0.139819 0 -0.0137682)
(0.142426 0 -0.0142821)
(0.144847 0 -0.0147482)
(0.147244 0 -0.0151711)
(0.149791 0 -0.0155584)
(0.152698 0 -0.015926)
(0.156159 0 -0.0162886)
(0.160474 0 -0.016691)
(0.165886 0 -0.0171679)
(0.172728 0 -0.0177875)
(0.181429 0 -0.0186599)
(0.192337 0 -0.0198943)
(0.206073 0 -0.021713)
(0.222932 0 -0.02431)
(0.243426 0 -0.0280273)
(0.266649 0 -0.0329783)
(0.291281 0 -0.0393232)
(0.0117991 0 -0.000978746)
(0.0337378 0 -0.00280641)
(0.0526571 0 -0.0044152)
(0.0689255 0 -0.00584924)
(0.0828872 0 -0.00714373)
(0.0948457 0 -0.00832537)
(0.10506 0 -0.00941306)
(0.113782 0 -0.0104231)
(0.121218 0 -0.0113659)
(0.12755 0 -0.0122479)
(0.132965 0 -0.0130765)
(0.137627 0 -0.0138557)
(0.141705 0 -0.0145904)
(0.145359 0 -0.0152849)
(0.148746 0 -0.0159436)
(0.152039 0 -0.0165742)
(0.15541 0 -0.0171858)
(0.159039 0 -0.0177907)
(0.163179 0 -0.0184208)
(0.168019 0 -0.0190947)
(0.17384 0 -0.0198587)
(0.180995 0 -0.0207869)
(0.189777 0 -0.0219482)
(0.200619 0 -0.0234653)
(0.214044 0 -0.0255095)
(0.230474 0 -0.0282631)
(0.250435 0 -0.0319883)
(0.274141 0 -0.0369427)
(0.300321 0 -0.0430849)
(0.327052 0 -0.0504173)
(0.0119368 0 -0.00105111)
(0.0341582 0 -0.00301599)
(0.0533629 0 -0.00474902)
(0.0699171 0 -0.00629668)
(0.084181 0 -0.00769754)
(0.0964654 0 -0.00898137)
(0.107037 0 -0.0101694)
(0.116148 0 -0.0112804)
(0.124002 0 -0.0123231)
(0.130795 0 -0.0133069)
(0.136725 0 -0.0142441)
(0.141959 0 -0.0151398)
(0.146676 0 -0.0160025)
(0.151034 0 -0.016837)
(0.155203 0 -0.017653)
(0.159365 0 -0.0184625)
(0.163698 0 -0.01928)
(0.16841 0 -0.0201275)
(0.173732 0 -0.0210369)
(0.1799 0 -0.0220467)
(0.187197 0 -0.0232107)
(0.19595 0 -0.0246062)
(0.206562 0 -0.0263463)
(0.219407 0 -0.0285504)
(0.235082 0 -0.0314307)
(0.253933 0 -0.035163)
(0.276657 0 -0.0400681)
(0.303024 0 -0.0462517)
(0.331757 0 -0.0535686)
(0.360624 0 -0.0619202)
(0.0120806 0 -0.00112193)
(0.0345934 0 -0.00322169)
(0.0540896 0 -0.00507695)
(0.0709374 0 -0.006737)
(0.0855115 0 -0.00824345)
(0.0981316 0 -0.00962971)
(0.109065 0 -0.0109181)
(0.118564 0 -0.0121287)
(0.126842 0 -0.0132734)
(0.134113 0 -0.0143659)
(0.140565 0 -0.0154163)
(0.146376 0 -0.0164346)
(0.15173 0 -0.0174322)
(0.156777 0 -0.0184125)
(0.161714 0 -0.0193943)
(0.166724 0 -0.0203931)
(0.171995 0 -0.0214288)
(0.17774 0 -0.0225299)
(0.184182 0 -0.0237323)
(0.191592 0 -0.0250895)
(0.200252 0 -0.026666)
(0.210484 0 -0.0285486)
(0.222664 0 -0.0308558)
(0.237266 0 -0.0337557)
(0.254695 0 -0.0374263)
(0.275446 0 -0.0421168)
(0.299999 0 -0.0481264)
(0.327823 0 -0.055489)
(0.357804 0 -0.0640269)
(0.38907 0 -0.0738762)
(0.00706527 0 -0.00255711)
(0.0152427 0 -0.00295747)
(0.0324318 0 -0.00351684)
(0.0586764 0 -0.00418391)
(0.0914616 0 -0.00482459)
(0.126495 0 -0.0053466)
(0.159362 0 -0.00564324)
(0.187494 0 -0.00575709)
(0.210233 0 -0.00572194)
(0.227842 0 -0.00556717)
(0.240954 0 -0.00534818)
(0.250278 0 -0.00509644)
(0.256376 0 -0.00479857)
(0.25968 0 -0.00448908)
(0.260513 0 -0.00417461)
(0.259104 0 -0.00385924)
(0.255599 0 -0.0035574)
(0.250088 0 -0.00325936)
(0.242604 0 -0.00297469)
(0.23315 0 -0.00269177)
(0.221708 0 -0.00243045)
(0.208205 0 -0.00218034)
(0.192584 0 -0.00193755)
(0.174772 0 -0.00169888)
(0.15469 0 -0.00146116)
(0.132253 0 -0.00122102)
(0.107371 0 -0.000974772)
(0.079957 0 -0.000718267)
(0.0499305 0 -0.000446817)
(0.0171227 0 -0.000153998)
(0.0128606 0 -0.00776522)
(0.0216883 0 -0.00896196)
(0.039477 0 -0.0106578)
(0.0658424 0 -0.0125892)
(0.0982932 0 -0.0144513)
(0.13253 0 -0.0158998)
(0.164385 0 -0.016736)
(0.191554 0 -0.0170333)
(0.213448 0 -0.0169015)
(0.230374 0 -0.0164454)
(0.242959 0 -0.0157922)
(0.251862 0 -0.0150211)
(0.25763 0 -0.014134)
(0.260686 0 -0.013224)
(0.261326 0 -0.0123012)
(0.259767 0 -0.0113719)
(0.256147 0 -0.0104908)
(0.250545 0 -0.00961289)
(0.242995 0 -0.00878035)
(0.233482 0 -0.00796975)
(0.221983 0 -0.00720456)
(0.208436 0 -0.00646873)
(0.19278 0 -0.00575254)
(0.174938 0 -0.0050471)
(0.154831 0 -0.00434327)
(0.132371 0 -0.0036312)
(0.107468 0 -0.00290005)
(0.0800317 0 -0.00213764)
(0.0499813 0 -0.00133013)
(0.0171424 0 -0.000458508)
(0.0238283 0 -0.0132064)
(0.0341129 0 -0.0152864)
(0.0529107 0 -0.0180896)
(0.0794782 0 -0.0211881)
(0.111239 0 -0.0240724)
(0.143936 0 -0.0262181)
(0.173915 0 -0.0274287)
(0.199253 0 -0.0277882)
(0.219561 0 -0.0274892)
(0.2352 0 -0.026717)
(0.246771 0 -0.0256337)
(0.254875 0 -0.0243475)
(0.260031 0 -0.0229257)
(0.262616 0 -0.0214569)
(0.262889 0 -0.0199705)
(0.261042 0 -0.018486)
(0.257199 0 -0.0170502)
(0.251422 0 -0.0156486)
(0.243727 0 -0.014313)
(0.234098 0 -0.013028)
(0.222498 0 -0.0117955)
(0.20887 0 -0.0106035)
(0.193146 0 -0.00943903)
(0.175247 0 -0.00828876)
(0.15509 0 -0.00713827)
(0.132586 0 -0.00597184)
(0.107642 0 -0.004772)
(0.0801661 0 -0.00351901)
(0.0500714 0 -0.00219039)
(0.0171767 0 -0.000755158)
(0.0395278 0 -0.019146)
(0.0517849 0 -0.0221678)
(0.0717671 0 -0.0260008)
(0.0985953 0 -0.0301471)
(0.129264 0 -0.0338031)
(0.159786 0 -0.0363781)
(0.187161 0 -0.0377328)
(0.209973 0 -0.037997)
(0.228108 0 -0.037445)
(0.241977 0 -0.0363162)
(0.252142 0 -0.0348022)
(0.259139 0 -0.0330259)
(0.263451 0 -0.0311338)
(0.265366 0 -0.0291522)
(0.265115 0 -0.0271439)
(0.262867 0 -0.0251674)
(0.258704 0 -0.0232315)
(0.252672 0 -0.021366)
(0.244769 0 -0.0195748)
(0.23497 0 -0.0178497)
(0.223229 0 -0.0161846)
(0.209483 0 -0.0145667)
(0.193661 0 -0.0129806)
(0.17568 0 -0.0114091)
(0.155452 0 -0.0098331)
(0.132884 0 -0.00823167)
(0.107882 0 -0.00658129)
(0.0803483 0 -0.0048552)
(0.0501913 0 -0.00302292)
(0.0172214 0 -0.00104223)
(0.0593886 0 -0.025795)
(0.0738363 0 -0.0297535)
(0.0951523 0 -0.0345614)
(0.1221 0 -0.0395345)
(0.15123 0 -0.0436743)
(0.179031 0 -0.0463999)
(0.203237 0 -0.0476537)
(0.223015 0 -0.0476576)
(0.238562 0 -0.0467697)
(0.250311 0 -0.0452511)
(0.258781 0 -0.0433119)
(0.264449 0 -0.0410871)
(0.267715 0 -0.0387319)
(0.2688 0 -0.0362778)
(0.267909 0 -0.0338112)
(0.265159 0 -0.0313906)
(0.260599 0 -0.0290306)
(0.254244 0 -0.026748)
(0.246078 0 -0.024546)
(0.236063 0 -0.0224183)
(0.224143 0 -0.0203555)
(0.210248 0 -0.018343)
(0.194301 0 -0.0163629)
(0.176214 0 -0.014395)
(0.155896 0 -0.0124161)
(0.133249 0 -0.0104007)
(0.108173 0 -0.00831963)
(0.0805667 0 -0.00613987)
(0.0503332 0 -0.0038236)
(0.0172734 0 -0.00131825)
(0.0828967 0 -0.0333021)
(0.099589 0 -0.0381709)
(0.122276 0 -0.0438555)
(0.14894 0 -0.0493553)
(0.175963 0 -0.053607)
(0.200531 0 -0.0561693)
(0.221154 0 -0.0570987)
(0.237621 0 -0.0567178)
(0.250339 0 -0.055421)
(0.259755 0 -0.0534859)
(0.266348 0 -0.0511262)
(0.27054 0 -0.048496)
(0.272613 0 -0.045698)
(0.272775 0 -0.0428324)
(0.271163 0 -0.0399766)
(0.267836 0 -0.0371711)
(0.262813 0 -0.0344355)
(0.256082 0 -0.0317821)
(0.247608 0 -0.0292127)
(0.237338 0 -0.0267208)
(0.225206 0 -0.0242951)
(0.211136 0 -0.0219196)
(0.195041 0 -0.0195741)
(0.17683 0 -0.0172356)
(0.156404 0 -0.0148776)
(0.133663 0 -0.0124703)
(0.108501 0 -0.00997992)
(0.0808106 0 -0.00736758)
(0.0504897 0 -0.00458891)
(0.0173301 0 -0.00158195)
(0.109597 0 -0.0417409)
(0.12851 0 -0.0474813)
(0.152404 0 -0.0538739)
(0.178097 0 -0.0595112)
(0.202373 0 -0.0634874)
(0.223232 0 -0.0655612)
(0.24005 0 -0.0659699)
(0.253093 0 -0.0651099)
(0.262868 0 -0.0633531)
(0.269853 0 -0.0609863)
(0.274482 0 -0.0582128)
(0.277116 0 -0.0551994)
(0.277954 0 -0.0520323)
(0.277148 0 -0.0488258)
(0.27476 0 -0.0456364)
(0.270807 0 -0.0425007)
(0.265274 0 -0.0394387)
(0.258125 0 -0.0364601)
(0.249307 0 -0.0335654)
(0.238752 0 -0.0307476)
(0.226384 0 -0.0279939)
(0.212116 0 -0.0252869)
(0.195855 0 -0.0226047)
(0.177503 0 -0.019922)
(0.156957 0 -0.0172094)
(0.13411 0 -0.0144335)
(0.108852 0 -0.0115562)
(0.0810696 0 -0.00853375)
(0.0506542 0 -0.00531587)
(0.017389 0 -0.00183225)
(0.13908 0 -0.0511151)
(0.160051 0 -0.0576354)
(0.184598 0 -0.0644328)
(0.208533 0 -0.0697956)
(0.229444 0 -0.0731254)
(0.246282 0 -0.0744601)
(0.259181 0 -0.0741922)
(0.268773 0 -0.0727658)
(0.275609 0 -0.0705175)
(0.280169 0 -0.0677188)
(0.282859 0 -0.0645682)
(0.283949 0 -0.0612153)
(0.283565 0 -0.0577521)
(0.281772 0 -0.0542606)
(0.278583 0 -0.0507916)
(0.273974 0 -0.0473778)
(0.267903 0 -0.0440372)
(0.26031 0 -0.0407778)
(0.251124 0 -0.0375989)
(0.240263 0 -0.0344924)
(0.227639 0 -0.031445)
(0.213156 0 -0.0284378)
(0.196716 0 -0.0254478)
(0.178212 0 -0.0224475)
(0.157535 0 -0.0194052)
(0.134574 0 -0.0162846)
(0.109213 0 -0.0130438)
(0.081334 0 -0.00963466)
(0.0508205 0 -0.00600206)
(0.0174478 0 -0.00206832)
(0.170964 0 -0.0613632)
(0.193654 0 -0.0684986)
(0.217935 0 -0.0752664)
(0.239268 0 -0.0799311)
(0.256233 0 -0.0822849)
(0.26884 0 -0.0826874)
(0.277823 0 -0.0816387)
(0.284064 0 -0.0796063)
(0.288067 0 -0.0768636)
(0.290346 0 -0.0736718)
(0.291221 0 -0.0702027)
(0.290845 0 -0.0665746)
(0.289273 0 -0.0628677)
(0.286508 0 -0.0591446)
(0.282517 0 -0.055448)
(0.277247 0 -0.0518055)
(0.270626 0 -0.0482324)
(0.262576 0 -0.0447349)
(0.253007 0 -0.041311)
(0.241827 0 -0.0379522)
(0.228935 0 -0.0346443)
(0.214228 0 -0.0313677)
(0.197598 0 -0.0280983)
(0.178933 0 -0.024807)
(0.15812 0 -0.0214603)
(0.13504 0 -0.0180191)
(0.109573 0 -0.0144388)
(0.0815945 0 -0.0106674)
(0.0509826 0 -0.0066456)
(0.0175047 0 -0.00228947)
(0.20489 0 -0.0723684)
(0.228765 0 -0.0798694)
(0.251609 0 -0.0860842)
(0.269329 0 -0.0895895)
(0.281843 0 -0.0906977)
(0.29015 0 -0.0900535)
(0.295384 0 -0.0882015)
(0.298436 0 -0.0855517)
(0.299878 0 -0.0823693)
(0.300119 0 -0.0788523)
(0.299343 0 -0.0751286)
(0.297611 0 -0.0712875)
(0.294919 0 -0.0673919)
(0.291223 0 -0.0634899)
(0.286456 0 -0.0596155)
(0.280535 0 -0.0557911)
(0.273369 0 -0.0520292)
(0.26486 0 -0.0483341)
(0.254907 0 -0.0447029)
(0.243401 0 -0.0411265)
(0.230236 0 -0.0375903)
(0.215299 0 -0.0340742)
(0.198475 0 -0.0305533)
(0.179647 0 -0.0269974)
(0.158694 0 -0.0233713)
(0.135494 0 -0.0196342)
(0.10992 0 -0.0157386)
(0.0818427 0 -0.0116299)
(0.0511352 0 -0.0072451)
(0.0175575 0 -0.00249522)
(0.240534 0 -0.0839866)
(0.264724 0 -0.0914605)
(0.284573 0 -0.096463)
(0.297653 0 -0.0983756)
(0.30539 0 -0.0980688)
(0.309492 0 -0.0963492)
(0.311289 0 -0.0937488)
(0.311551 0 -0.0905699)
(0.310807 0 -0.0870361)
(0.309278 0 -0.0832719)
(0.307039 0 -0.0793628)
(0.304085 0 -0.0753709)
(0.300366 0 -0.0713422)
(0.295802 0 -0.0673124)
(0.290301 0 -0.0633076)
(0.283757 0 -0.0593456)
(0.276064 0 -0.055436)
(0.267108 0 -0.0515816)
(0.256774 0 -0.0477785)
(0.244947 0 -0.0440175)
(0.231509 0 -0.0402838)
(0.216342 0 -0.036557)
(0.199324 0 -0.0328116)
(0.180331 0 -0.0290169)
(0.159239 0 -0.0251364)
(0.13592 0 -0.0211277)
(0.110242 0 -0.0169415)
(0.0820704 0 -0.0125206)
(0.0512733 0 -0.00779965)
(0.0176048 0 -0.00268526)
(0.277593 0 -0.0960534)
(0.300527 0 -0.102815)
(0.31546 0 -0.105829)
(0.323082 0 -0.105836)
(0.326002 0 -0.104093)
(0.326336 0 -0.101421)
(0.325218 0 -0.0982037)
(0.32324 0 -0.0946481)
(0.320688 0 -0.090873)
(0.317662 0 -0.0869493)
(0.314162 0 -0.0829278)
(0.310135 0 -0.0788476)
(0.305497 0 -0.0747403)
(0.300146 0 -0.0706316)
(0.293967 0 -0.0665412)
(0.286842 0 -0.0624827)
(0.278649 0 -0.0584638)
(0.269265 0 -0.0544858)
(0.258565 0 -0.050544)
(0.246425 0 -0.0466294)
(0.232722 0 -0.0427274)
(0.217329 0 -0.0388174)
(0.200121 0 -0.0348738)
(0.180968 0 -0.0308654)
(0.159741 0 -0.026755)
(0.136306 0 -0.0224989)
(0.110529 0 -0.0180466)
(0.0822704 0 -0.013339)
(0.0513926 0 -0.00830878)
(0.0176449 0 -0.00285944)
(0.315533 0 -0.108279)
(0.334358 0 -0.113118)
(0.342507 0 -0.113431)
(0.344394 0 -0.11148)
(0.343172 0 -0.108555)
(0.340513 0 -0.105186)
(0.337153 0 -0.101574)
(0.333411 0 -0.0977995)
(0.329409 0 -0.0939033)
(0.325156 0 -0.0899131)
(0.320601 0 -0.0858531)
(0.315658 0 -0.081746)
(0.310221 0 -0.0776123)
(0.30417 0 -0.0734706)
(0.297381 0 -0.0693359)
(0.289724 0 -0.0652192)
(0.281069 0 -0.0611263)
(0.271286 0 -0.0570578)
(0.26024 0 -0.0530075)
(0.247802 0 -0.0489682)
(0.233845 0 -0.0449255)
(0.218236 0 -0.0408584)
(0.200845 0 -0.0367416)
(0.181539 0 -0.0325439)
(0.160183 0 -0.0282275)
(0.136641 0 -0.023748)
(0.110773 0 -0.0190538)
(0.0824362 0 -0.0140848)
(0.051489 0 -0.00877239)
(0.0176765 0 -0.00301775)
(0.352558 0 -0.119795)
(0.363014 0 -0.120946)
(0.364018 0 -0.118439)
(0.361176 0 -0.11498)
(0.356891 0 -0.111327)
(0.352079 0 -0.107626)
(0.347084 0 -0.103876)
(0.342024 0 -0.100059)
(0.336909 0 -0.0961678)
(0.33169 0 -0.0922041)
(0.326282 0 -0.0881772)
(0.32058 0 -0.0841006)
(0.314465 0 -0.0799888)
(0.30781 0 -0.075856)
(0.300484 0 -0.0717146)
(0.292352 0 -0.0675739)
(0.283279 0 -0.0634391)
(0.273131 0 -0.0593108)
(0.261763 0 -0.055179)
(0.249046 0 -0.0510415)
(0.234852 0 -0.0468842)
(0.219041 0 -0.0426844)
(0.201477 0 -0.0384182)
(0.182028 0 -0.0340548)
(0.160554 0 -0.0295556)
(0.136914 0 -0.024876)
(0.110966 0 -0.0199639)
(0.0825623 0 -0.0147586)
(0.0515593 0 -0.00919078)
(0.0176985 0 -0.00316031)
(0.382579 0 -0.127775)
(0.384936 0 -0.124587)
(0.379489 0 -0.119935)
(0.373402 0 -0.115999)
(0.367169 0 -0.112348)
(0.360998 0 -0.108766)
(0.354945 0 -0.105154)
(0.348996 0 -0.101473)
(0.343098 0 -0.097706)
(0.337172 0 -0.0938549)
(0.331113 0 -0.0899266)
(0.324813 0 -0.0859328)
(0.318149 0 -0.0818866)
(0.310993 0 -0.0778008)
(0.30321 0 -0.0736869)
(0.294666 0 -0.0695538)
(0.285226 0 -0.0654069)
(0.274759 0 -0.0612495)
(0.263106 0 -0.057069)
(0.25013 0 -0.0528577)
(0.235721 0 -0.0486106)
(0.219723 0 -0.0443005)
(0.201999 0 -0.0399074)
(0.182421 0 -0.0354011)
(0.160842 0 -0.0307414)
(0.137116 0 -0.0258845)
(0.111101 0 -0.0207782)
(0.0826437 0 -0.0153612)
(0.0516002 0 -0.00956447)
(0.0177098 0 -0.00328731)
(0.0122309 0 -0.00119215)
(0.0350448 0 -0.00342559)
(0.0548417 0 -0.00540244)
(0.0719916 0 -0.00717486)
(0.0868921 0 -0.00878963)
(0.099862 0 -0.0102803)
(0.111167 0 -0.011671)
(0.121069 0 -0.0129845)
(0.12979 0 -0.014236)
(0.137545 0 -0.0154415)
(0.144517 0 -0.0166083)
(0.150905 0 -0.0177543)
(0.156882 0 -0.0188894)
(0.162632 0 -0.020028)
(0.168332 0 -0.0211859)
(0.174171 0 -0.0223838)
(0.18034 0 -0.0236457)
(0.187063 0 -0.0250085)
(0.19456 0 -0.0265126)
(0.203121 0 -0.0282258)
(0.212986 0 -0.0302104)
(0.224516 0 -0.0325766)
(0.238007 0 -0.0354352)
(0.253933 0 -0.0389771)
(0.272539 0 -0.0433602)
(0.294287 0 -0.0488678)
(0.319186 0 -0.0557438)
(0.346404 0 -0.0641412)
(0.374382 0 -0.0744125)
(0.400249 0 -0.0876363)
(0.0123882 0 -0.00126245)
(0.0355157 0 -0.00362982)
(0.0556273 0 -0.00572916)
(0.0731057 0 -0.00761655)
(0.088345 0 -0.00934145)
(0.101664 0 -0.0109373)
(0.11335 0 -0.0124323)
(0.12367 0 -0.0138524)
(0.132842 0 -0.0152142)
(0.141078 0 -0.0165334)
(0.148587 0 -0.0178253)
(0.155559 0 -0.0191055)
(0.162164 0 -0.020386)
(0.168609 0 -0.0216903)
(0.175045 0 -0.0230293)
(0.181683 0 -0.0244328)
(0.188708 0 -0.0259275)
(0.196352 0 -0.0275582)
(0.204817 0 -0.0293667)
(0.214384 0 -0.0314262)
(0.225301 0 -0.0338121)
(0.237819 0 -0.0366147)
(0.252278 0 -0.0399728)
(0.268965 0 -0.044042)
(0.288025 0 -0.0489773)
(0.309626 0 -0.0550033)
(0.333205 0 -0.0622087)
(0.357515 0 -0.0705933)
(0.380271 0 -0.0798755)
(0.398774 0 -0.0895677)
(0.0125495 0 -0.00133185)
(0.0359981 0 -0.00383162)
(0.0564331 0 -0.00605268)
(0.074246 0 -0.00805442)
(0.0898271 0 -0.0098875)
(0.103502 0 -0.011589)
(0.115582 0 -0.0131918)
(0.126327 0 -0.014721)
(0.135954 0 -0.0161953)
(0.144681 0 -0.0176328)
(0.152721 0 -0.019052)
(0.16026 0 -0.0204684)
(0.167491 0 -0.0219016)
(0.174592 0 -0.0233701)
(0.181729 0 -0.0248918)
(0.189119 0 -0.0265028)
(0.196939 0 -0.028231)
(0.205391 0 -0.0301178)
(0.214722 0 -0.0322251)
(0.225111 0 -0.0346041)
(0.236814 0 -0.0373435)
(0.250009 0 -0.0405208)
(0.264995 0 -0.0442748)
(0.281845 0 -0.0487095)
(0.300555 0 -0.0539435)
(0.320898 0 -0.0600751)
(0.341946 0 -0.0670215)
(0.362347 0 -0.0746001)
(0.380366 0 -0.0824634)
(0.394271 0 -0.0902584)
(0.0127129 0 -0.00139979)
(0.0364859 0 -0.00402936)
(0.0572497 0 -0.00637036)
(0.0754034 0 -0.0084855)
(0.0913348 0 -0.0104269)
(0.105383 0 -0.0122355)
(0.117857 0 -0.0139466)
(0.129016 0 -0.0155836)
(0.139096 0 -0.0171714)
(0.148303 0 -0.0187276)
(0.156864 0 -0.0202751)
(0.164963 0 -0.0218302)
(0.172793 0 -0.0234165)
(0.180507 0 -0.0250472)
(0.188304 0 -0.0267524)
(0.196369 0 -0.0285613)
(0.204894 0 -0.0305133)
(0.214048 0 -0.0326437)
(0.224063 0 -0.0350171)
(0.235066 0 -0.0376755)
(0.247277 0 -0.0407037)
(0.260823 0 -0.0441733)
(0.275872 0 -0.0481893)
(0.2923 0 -0.0527935)
(0.309959 0 -0.0580528)
(0.328325 0 -0.063932)
(0.346487 0 -0.0702869)
(0.363373 0 -0.076914)
(0.377885 0 -0.083586)
(0.388779 0 -0.0899355)
(0.0128763 0 -0.00146568)
(0.036972 0 -0.00422124)
(0.0580666 0 -0.00667938)
(0.0765658 0 -0.00890622)
(0.0928516 0 -0.010955)
(0.10727 0 -0.0128692)
(0.120127 0 -0.0146843)
(0.131707 0 -0.0164316)
(0.142235 0 -0.0181331)
(0.151917 0 -0.0198086)
(0.160982 0 -0.0214844)
(0.169615 0 -0.023178)
(0.177996 0 -0.0249104)
(0.186279 0 -0.0266994)
(0.194673 0 -0.0285802)
(0.203331 0 -0.0305771)
(0.212446 0 -0.0327322)
(0.222173 0 -0.0350831)
(0.232678 0 -0.0376792)
(0.24409 0 -0.0405688)
(0.256534 0 -0.0438118)
(0.270082 0 -0.0474671)
(0.284741 0 -0.0515899)
(0.300293 0 -0.0561823)
(0.316455 0 -0.0612455)
(0.332659 0 -0.0666902)
(0.348207 0 -0.07239)
(0.36232 0 -0.0781761)
(0.3742 0 -0.0838428)
(0.383066 0 -0.0890849)
(0.0130366 0 -0.00152852)
(0.0374461 0 -0.00440421)
(0.0588727 0 -0.00697639)
(0.0777219 0 -0.00931258)
(0.0943607 0 -0.0114662)
(0.109147 0 -0.0134841)
(0.122395 0 -0.0154037)
(0.134387 0 -0.0172593)
(0.145336 0 -0.0190704)
(0.155481 0 -0.0208652)
(0.165026 0 -0.0226649)
(0.174159 0 -0.0244924)
(0.183034 0 -0.0263632)
(0.191835 0 -0.0283036)
(0.200747 0 -0.0303463)
(0.20992 0 -0.032518)
(0.219508 0 -0.034853)
(0.22965 0 -0.0373882)
(0.240465 0 -0.0401621)
(0.25205 0 -0.0432167)
(0.264454 0 -0.0465901)
(0.277678 0 -0.0503182)
(0.29161 0 -0.0544114)
(0.306007 0 -0.058852)
(0.320543 0 -0.0635999)
(0.334755 0 -0.0685723)
(0.348103 0 -0.0736544)
(0.360034 0 -0.0787134)
(0.36996 0 -0.083553)
(0.377405 0 -0.0879512)
(0.0131955 0 -0.00158824)
(0.0379303 0 -0.00458015)
(0.0596829 0 -0.0072612)
(0.0788604 0 -0.00970053)
(0.0958448 0 -0.0119551)
(0.11099 0 -0.0140731)
(0.124625 0 -0.0160962)
(0.137014 0 -0.0180555)
(0.148377 0 -0.0199741)
(0.158956 0 -0.0218829)
(0.168945 0 -0.0238018)
(0.178524 0 -0.0257521)
(0.187853 0 -0.0277548)
(0.197117 0 -0.0298377)
(0.206468 0 -0.0320268)
(0.216048 0 -0.0343495)
(0.225979 0 -0.0368338)
(0.236378 0 -0.0395121)
(0.24732 0 -0.0424116)
(0.25886 0 -0.0455634)
(0.270983 0 -0.048983)
(0.283625 0 -0.0526821)
(0.296638 0 -0.05665)
(0.309797 0 -0.0608603)
(0.322798 0 -0.0652608)
(0.335259 0 -0.069771)
(0.346811 0 -0.0743066)
(0.357006 0 -0.0787358)
(0.365437 0 -0.082894)
(0.371852 0 -0.0866436)
(0.0133488 0 -0.00164388)
(0.0383898 0 -0.00474338)
(0.0604609 0 -0.00752699)
(0.079966 0 -0.0100649)
(0.0972871 0 -0.0124154)
(0.112797 0 -0.0146312)
(0.126803 0 -0.0167532)
(0.139556 0 -0.0188094)
(0.151314 0 -0.0208316)
(0.162305 0 -0.0228484)
(0.172694 0 -0.0248777)
(0.182671 0 -0.0269423)
(0.192408 0 -0.0290672)
(0.202058 0 -0.0312758)
(0.211757 0 -0.0335906)
(0.221632 0 -0.0360366)
(0.231776 0 -0.0386354)
(0.242279 0 -0.0414127)
(0.253173 0 -0.0443831)
(0.264467 0 -0.047562)
(0.276115 0 -0.0509522)
(0.288038 0 -0.0545537)
(0.300087 0 -0.0583475)
(0.312051 0 -0.0622979)
(0.32367 0 -0.0663515)
(0.334649 0 -0.0704383)
(0.344696 0 -0.0744808)
(0.353492 0 -0.0783644)
(0.360774 0 -0.0819737)
(0.366399 0 -0.0852125)
(0.0134954 0 -0.00169467)
(0.0388477 0 -0.0048951)
(0.0612263 0 -0.00777383)
(0.0810251 0 -0.0104007)
(0.0986706 0 -0.0128416)
(0.114529 0 -0.0151492)
(0.128888 0 -0.0173624)
(0.141995 0 -0.0195116)
(0.154125 0 -0.021632)
(0.165484 0 -0.0237474)
(0.17623 0 -0.0258763)
(0.186565 0 -0.028046)
(0.196639 0 -0.0302769)
(0.206595 0 -0.0325914)
(0.216548 0 -0.0350076)
(0.226605 0 -0.0375467)
(0.236834 0 -0.0402223)
(0.247285 0 -0.0430494)
(0.257969 0 -0.046035)
(0.26888 0 -0.0491867)
(0.279963 0 -0.0525013)
(0.291126 0 -0.0559677)
(0.302227 0 -0.0595609)
(0.313082 0 -0.0632428)
(0.323478 0 -0.0669632)
(0.333201 0 -0.0706666)
(0.342005 0 -0.0742739)
(0.349664 0 -0.0776939)
(0.356033 0 -0.0808526)
(0.361024 0 -0.0836798)
(0.0136302 0 -0.00173954)
(0.0392693 0 -0.00502958)
(0.0619448 0 -0.00799446)
(0.0820492 0 -0.0107056)
(0.0999948 0 -0.0132283)
(0.116167 0 -0.0156182)
(0.130862 0 -0.0179165)
(0.144311 0 -0.0201526)
(0.156766 0 -0.0223586)
(0.168452 0 -0.0245628)
(0.17952 0 -0.0267823)
(0.190155 0 -0.0290426)
(0.200496 0 -0.0313614)
(0.210673 0 -0.0337591)
(0.220783 0 -0.0362492)
(0.230903 0 -0.0388457)
(0.241082 0 -0.0415563)
(0.251361 0 -0.0443917)
(0.261743 0 -0.0473549)
(0.272202 0 -0.0504448)
(0.282681 0 -0.0536524)
(0.293084 0 -0.0569606)
(0.303286 0 -0.0603419)
(0.313134 0 -0.0637593)
(0.322475 0 -0.0671742)
(0.33112 0 -0.0705279)
(0.338877 0 -0.0737493)
(0.345614 0 -0.0767792)
(0.351239 0 -0.079564)
(0.355702 0 -0.0820524)
(0.0137452 0 -0.00177675)
(0.039646 0 -0.00514381)
(0.0626079 0 -0.00818534)
(0.083002 0 -0.0109713)
(0.101242 0 -0.0135679)
(0.117702 0 -0.0160306)
(0.132697 0 -0.0184036)
(0.146451 0 -0.0207157)
(0.15921 0 -0.022999)
(0.171192 0 -0.0252821)
(0.182521 0 -0.0275762)
(0.193393 0 -0.0299097)
(0.203931 0 -0.0322969)
(0.214236 0 -0.0347512)
(0.224392 0 -0.0372828)
(0.234472 0 -0.0399037)
(0.24452 0 -0.0426196)
(0.254557 0 -0.0454345)
(0.264577 0 -0.0483464)
(0.274549 0 -0.051349)
(0.284412 0 -0.054429)
(0.294082 0 -0.0575666)
(0.303452 0 -0.0607345)
(0.312415 0 -0.0639052)
(0.320828 0 -0.0670348)
(0.328535 0 -0.0700671)
(0.335419 0 -0.072955)
(0.341392 0 -0.0756538)
(0.3464 0 -0.0781245)
(0.350412 0 -0.0803296)
(0.0138725 0 -0.00180972)
(0.0400036 0 -0.00523891)
(0.0632064 0 -0.00834185)
(0.0838684 0 -0.0111912)
(0.102372 0 -0.0138498)
(0.119119 0 -0.0163781)
(0.134397 0 -0.0188169)
(0.148413 0 -0.0211921)
(0.161434 0 -0.0235404)
(0.173649 0 -0.0258846)
(0.185191 0 -0.0282384)
(0.196227 0 -0.030624)
(0.206872 0 -0.0330538)
(0.217223 0 -0.0355395)
(0.227358 0 -0.0380899)
(0.237335 0 -0.0407114)
(0.247189 0 -0.0434073)
(0.256934 0 -0.0461773)
(0.266558 0 -0.049016)
(0.276028 0 -0.0519131)
(0.285288 0 -0.054853)
(0.294266 0 -0.0578152)
(0.302893 0 -0.0607808)
(0.311062 0 -0.0637159)
(0.318648 0 -0.0665761)
(0.325554 0 -0.0693237)
(0.331702 0 -0.0719219)
(0.337033 0 -0.0743372)
(0.341517 0 -0.076541)
(0.345137 0 -0.0785057)
(0.0139836 0 -0.00183413)
(0.0403418 0 -0.00531285)
(0.0637636 0 -0.00846359)
(0.0846388 0 -0.0113594)
(0.103399 0 -0.0140705)
(0.120406 0 -0.0166523)
(0.135912 0 -0.0191403)
(0.150162 0 -0.0215671)
(0.163391 0 -0.0239634)
(0.175776 0 -0.0263501)
(0.187466 0 -0.0287439)
(0.198604 0 -0.0311615)
(0.209299 0 -0.0336143)
(0.21964 0 -0.0361115)
(0.229699 0 -0.0386593)
(0.239522 0 -0.0412609)
(0.24914 0 -0.0439165)
(0.25856 0 -0.0466223)
(0.267772 0 -0.0493711)
(0.276744 0 -0.0521503)
(0.285426 0 -0.0549434)
(0.293779 0 -0.0577368)
(0.301726 0 -0.0605049)
(0.30917 0 -0.0632122)
(0.316036 0 -0.0658284)
(0.322254 0 -0.0683234)
(0.327774 0 -0.0706686)
(0.332557 0 -0.0728389)
(0.33659 0 -0.0748135)
(0.339863 0 -0.0765717)
(0.0140748 0 -0.00184873)
(0.0406204 0 -0.0053582)
(0.0642357 0 -0.00854103)
(0.0853239 0 -0.0114723)
(0.1043 0 -0.01422)
(0.121502 0 -0.0168362)
(0.137202 0 -0.0193591)
(0.151639 0 -0.0218207)
(0.165027 0 -0.0242481)
(0.177541 0 -0.0266616)
(0.189329 0 -0.0290776)
(0.20052 0 -0.0315094)
(0.211217 0 -0.0339668)
(0.221503 0 -0.0364568)
(0.23144 0 -0.038983)
(0.241072 0 -0.0415463)
(0.250424 0 -0.0441441)
(0.259503 0 -0.046771)
(0.268303 0 -0.0494191)
(0.276792 0 -0.052073)
(0.284945 0 -0.0547216)
(0.292716 0 -0.0573467)
(0.300031 0 -0.0599198)
(0.306833 0 -0.0624164)
(0.313069 0 -0.0648118)
(0.318693 0 -0.067082)
(0.323671 0 -0.069205)
(0.327982 0 -0.0711618)
(0.33162 0 -0.0729373)
(0.334583 0 -0.0745162)
(0.0141409 0 -0.00185197)
(0.0408293 0 -0.00537112)
(0.0646044 0 -0.00856786)
(0.0858673 0 -0.0115168)
(0.105018 0 -0.0142837)
(0.122387 0 -0.0169189)
(0.138245 0 -0.019461)
(0.152827 0 -0.0219407)
(0.166335 0 -0.024383)
(0.178939 0 -0.0268071)
(0.190782 0 -0.0292278)
(0.201983 0 -0.0316564)
(0.212641 0 -0.034101)
(0.222832 0 -0.0365663)
(0.232616 0 -0.039054)
(0.242031 0 -0.041563)
(0.251099 0 -0.0440886)
(0.259826 0 -0.0466236)
(0.268229 0 -0.0491642)
(0.276278 0 -0.0516953)
(0.283927 0 -0.054196)
(0.291145 0 -0.0566512)
(0.297892 0 -0.0590405)
(0.304126 0 -0.0613429)
(0.309811 0 -0.0635382)
(0.314917 0 -0.0656075)
(0.319424 0 -0.0675338)
(0.323321 0 -0.0693029)
(0.32661 0 -0.070904)
(0.329293 0 -0.0723256)
(0.0141799 0 -0.00184287)
(0.0409638 0 -0.00534872)
(0.0648596 0 -0.00853901)
(0.0862588 0 -0.0114865)
(0.105549 0 -0.0142545)
(0.123051 0 -0.016892)
(0.139034 0 -0.0194365)
(0.153724 0 -0.0219173)
(0.167315 0 -0.0243577)
(0.179972 0 -0.0267754)
(0.191831 0 -0.0291837)
(0.203007 0 -0.0315922)
(0.213592 0 -0.0340071)
(0.22366 0 -0.0364317)
(0.233265 0 -0.0388656)
(0.242447 0 -0.0413074)
(0.251225 0 -0.043749)
(0.259623 0 -0.046188)
(0.267643 0 -0.0486153)
(0.275251 0 -0.0510128)
(0.282426 0 -0.0533657)
(0.289145 0 -0.055659)
(0.295383 0 -0.0578758)
(0.301114 0 -0.0599991)
(0.306314 0 -0.0620126)
(0.310965 0 -0.0639014)
(0.315059 0 -0.0656524)
(0.318591 0 -0.0672553)
(0.321568 0 -0.0687022)
(0.323996 0 -0.0699846)
(0.0141925 0 -0.00182072)
(0.0410237 0 -0.00528871)
(0.0649992 0 -0.0084505)
(0.0864967 0 -0.0113759)
(0.105891 0 -0.014126)
(0.123495 0 -0.0167476)
(0.139569 0 -0.0192766)
(0.154332 0 -0.0217409)
(0.167973 0 -0.0241619)
(0.180648 0 -0.0265559)
(0.192492 0 -0.0289348)
(0.203612 0 -0.0313067)
(0.214098 0 -0.0336759)
(0.224021 0 -0.0360452)
(0.233429 0 -0.0384105)
(0.242376 0 -0.0407735)
(0.250886 0 -0.0431279)
(0.258953 0 -0.0454609)
(0.266588 0 -0.0477656)
(0.273781 0 -0.0500287)
(0.280518 0 -0.0522361)
(0.286785 0 -0.0543743)
(0.292568 0 -0.0564293)
(0.297851 0 -0.058387)
(0.302622 0 -0.0602344)
(0.306872 0 -0.0619599)
(0.3106 0 -0.0635536)
(0.313808 0 -0.0650079)
(0.316506 0 -0.0663172)
(0.318701 0 -0.0674754)
(0.0141793 0 -0.00178486)
(0.0410101 0 -0.00518898)
(0.0650244 0 -0.00829868)
(0.086583 0 -0.0111803)
(0.106047 0 -0.0138918)
(0.12372 0 -0.0164781)
(0.139854 0 -0.018973)
(0.15466 0 -0.0214022)
(0.168319 0 -0.0237858)
(0.180985 0 -0.0261388)
(0.192784 0 -0.0284711)
(0.203827 0 -0.0307907)
(0.214189 0 -0.0330976)
(0.22396 0 -0.0353974)
(0.233187 0 -0.0376881)
(0.241893 0 -0.0399607)
(0.25011 0 -0.0422119)
(0.257852 0 -0.0444324)
(0.265128 0 -0.0466128)
(0.271936 0 -0.0487418)
(0.278272 0 -0.050807)
(0.28413 0 -0.0527966)
(0.289504 0 -0.0546991)
(0.294388 0 -0.0565029)
(0.298778 0 -0.0581977)
(0.302673 0 -0.0597745)
(0.306076 0 -0.0612258)
(0.308994 0 -0.0625461)
(0.311439 0 -0.0637317)
(0.31342 0 -0.0647782)
(0.0141415 0 -0.00173468)
(0.0409262 0 -0.0050476)
(0.0649395 0 -0.00808024)
(0.0865228 0 -0.0108948)
(0.106023 0 -0.013546)
(0.123735 0 -0.0160765)
(0.139902 0 -0.0185176)
(0.154723 0 -0.0208927)
(0.168372 0 -0.0232199)
(0.181004 0 -0.0255146)
(0.192735 0 -0.0277821)
(0.203687 0 -0.0300327)
(0.213941 0 -0.0322685)
(0.223545 0 -0.0344848)
(0.232559 0 -0.0366823)
(0.241018 0 -0.0388548)
(0.248954 0 -0.0409962)
(0.256386 0 -0.0430984)
(0.263326 0 -0.0451522)
(0.269781 0 -0.0471478)
(0.275751 0 -0.0490739)
(0.281239 0 -0.0509207)
(0.286247 0 -0.0526787)
(0.290775 0 -0.0543385)
(0.294826 0 -0.0558919)
(0.298404 0 -0.0573319)
(0.301517 0 -0.0586531)
(0.304174 0 -0.0598515)
(0.306389 0 -0.0609249)
(0.308174 0 -0.06187)
(0.0140808 0 -0.00166964)
(0.0407769 0 -0.00486286)
(0.0647517 0 -0.0077922)
(0.0863254 0 -0.0105151)
(0.105827 0 -0.0130825)
(0.123552 0 -0.015536)
(0.139729 0 -0.0179031)
(0.154542 0 -0.0202042)
(0.168153 0 -0.0224545)
(0.180737 0 -0.0246714)
(0.192413 0 -0.0268625)
(0.203259 0 -0.0290275)
(0.213364 0 -0.0311715)
(0.22279 0 -0.0332918)
(0.231592 0 -0.0353857)
(0.239811 0 -0.037448)
(0.247478 0 -0.0394723)
(0.254617 0 -0.0414512)
(0.261246 0 -0.0433761)
(0.267378 0 -0.0452384)
(0.273016 0 -0.0470279)
(0.27817 0 -0.0487366)
(0.28285 0 -0.0503566)
(0.28706 0 -0.0518804)
(0.290808 0 -0.0533015)
(0.294103 0 -0.0546147)
(0.296955 0 -0.0558158)
(0.299378 0 -0.0569023)
(0.301385 0 -0.0578727)
(0.302988 0 -0.058725)
(0.0139997 0 -0.00158926)
(0.0405689 0 -0.00463325)
(0.064472 0 -0.00743197)
(0.0860059 0 -0.0100376)
(0.105473 0 -0.0124954)
(0.123185 0 -0.014847)
(0.139362 0 -0.0171191)
(0.154152 0 -0.0193261)
(0.167731 0 -0.0214839)
(0.180248 0 -0.0236039)
(0.191824 0 -0.0256955)
(0.202547 0 -0.0277598)
(0.212499 0 -0.029798)
(0.221746 0 -0.0318083)
(0.230342 0 -0.0337872)
(0.238329 0 -0.0357297)
(0.245743 0 -0.0376296)
(0.252611 0 -0.0394799)
(0.258954 0 -0.0412731)
(0.26479 0 -0.0430013)
(0.270127 0 -0.0446557)
(0.274982 0 -0.0462295)
(0.279367 0 -0.0477164)
(0.283292 0 -0.0491104)
(0.28677 0 -0.0504064)
(0.289812 0 -0.0516004)
(0.292431 0 -0.0526894)
(0.294642 0 -0.0536718)
(0.296459 0 -0.054547)
(0.297897 0 -0.0553135)
(0.0139017 0 -0.00149281)
(0.0403111 0 -0.00435633)
(0.0641143 0 -0.00699542)
(0.0855887 0 -0.0094573)
(0.105029 0 -0.0117839)
(0.122705 0 -0.0140089)
(0.13883 0 -0.0161587)
(0.153574 0 -0.0182487)
(0.167096 0 -0.0202919)
(0.179534 0 -0.0222979)
(0.191004 0 -0.0242728)
(0.201599 0 -0.0262188)
(0.211399 0 -0.028136)
(0.220471 0 -0.0300223)
(0.228868 0 -0.0318742)
(0.236637 0 -0.0336867)
(0.243814 0 -0.0354541)
(0.250431 0 -0.03717)
(0.256513 0 -0.0388275)
(0.262081 0 -0.0404199)
(0.267148 0 -0.0419392)
(0.271734 0 -0.0433798)
(0.275855 0 -0.0447368)
(0.279527 0 -0.0460053)
(0.282764 0 -0.0471813)
(0.28558 0 -0.0482618)
(0.28799 0 -0.0492447)
(0.290009 0 -0.0501291)
(0.291655 0 -0.0509149)
(0.292941 0 -0.0516012)
(0.0137903 0 -0.0013799)
(0.0400127 0 -0.00403075)
(0.0636914 0 -0.00647995)
(0.0850837 0 -0.00876956)
(0.104468 0 -0.0109372)
(0.122091 0 -0.0130123)
(0.138157 0 -0.0150172)
(0.15284 0 -0.0169672)
(0.166291 0 -0.0188735)
(0.178641 0 -0.0207438)
(0.190002 0 -0.0225829)
(0.200469 0 -0.0243925)
(0.21012 0 -0.0261722)
(0.219023 0 -0.0279197)
(0.227233 0 -0.0296315)
(0.234798 0 -0.031303)
(0.241758 0 -0.0329288)
(0.248147 0 -0.034503)
(0.253992 0 -0.0360197)
(0.259319 0 -0.0374727)
(0.264144 0 -0.0388552)
(0.26849 0 -0.0401626)
(0.272377 0 -0.0413908)
(0.275823 0 -0.042536)
(0.278845 0 -0.0435951)
(0.281459 0 -0.0445658)
(0.283682 0 -0.0454467)
(0.285531 0 -0.0462373)
(0.287021 0 -0.046938)
(0.288169 0 -0.0475482)
(0.0136684 0 -0.00125057)
(0.0396839 0 -0.00365665)
(0.0632194 0 -0.00588542)
(0.0845116 0 -0.00797358)
(0.103821 0 -0.00995399)
(0.121378 0 -0.0118521)
(0.137378 0 -0.0136872)
(0.15199 0 -0.0154728)
(0.165361 0 -0.0172186)
(0.177619 0 -0.018931)
(0.188873 0 -0.0206134)
(0.199214 0 -0.0222672)
(0.208723 0 -0.0238915)
(0.217468 0 -0.0254841)
(0.225505 0 -0.0270414)
(0.232883 0 -0.0285592)
(0.239645 0 -0.0300326)
(0.245828 0 -0.0314562)
(0.251461 0 -0.0328248)
(0.256574 0 -0.0341332)
(0.261184 0 -0.0353752)
(0.265317 0 -0.0365469)
(0.268998 0 -0.0376453)
(0.272245 0 -0.0386672)
(0.275077 0 -0.0396103)
(0.277513 0 -0.0404728)
(0.27957 0 -0.0412538)
(0.281266 0 -0.0419531)
(0.282618 0 -0.0425713)
(0.283641 0 -0.0431082)
(0.0135408 0 -0.00110457)
(0.0393377 0 -0.00323304)
(0.0627184 0 -0.00520989)
(0.0838989 0 -0.00706628)
(0.103122 0 -0.00883019)
(0.120604 0 -0.0105232)
(0.136532 0 -0.0121616)
(0.15107 0 -0.0137569)
(0.16436 0 -0.0153172)
(0.176526 0 -0.0168477)
(0.187675 0 -0.018351)
(0.197898 0 -0.0198278)
(0.207275 0 -0.021277)
(0.215875 0 -0.0226965)
(0.223754 0 -0.0240829)
(0.230965 0 -0.0254323)
(0.237551 0 -0.0267402)
(0.243551 0 -0.028002)
(0.248998 0 -0.0292131)
(0.253922 0 -0.0303689)
(0.258344 0 -0.031464)
(0.262292 0 -0.0324952)
(0.265792 0 -0.0334602)
(0.268865 0 -0.0343565)
(0.271532 0 -0.035182)
(0.273812 0 -0.0359356)
(0.275724 0 -0.0366166)
(0.277285 0 -0.0372252)
(0.278514 0 -0.0377619)
(0.279425 0 -0.0382267)
(0.0134128 0 -0.0009417)
(0.0389892 0 -0.00275915)
(0.0622119 0 -0.00445171)
(0.0832765 0 -0.00604495)
(0.102409 0 -0.00756187)
(0.119813 0 -0.00902022)
(0.135669 0 -0.0104333)
(0.150133 0 -0.0118106)
(0.163344 0 -0.0131586)
(0.175423 0 -0.0144813)
(0.186475 0 -0.0157808)
(0.19659 0 -0.0170572)
(0.205849 0 -0.0183093)
(0.214319 0 -0.0195351)
(0.22206 0 -0.0207315)
(0.229124 0 -0.021895)
(0.235557 0 -0.0230216)
(0.241398 0 -0.0241074)
(0.246684 0 -0.0251484)
(0.251447 0 -0.0261406)
(0.255707 0 -0.0270794)
(0.259496 0 -0.0279623)
(0.262842 0 -0.0287874)
(0.265766 0 -0.0295526)
(0.268291 0 -0.0302563)
(0.270437 0 -0.0308977)
(0.272223 0 -0.0314764)
(0.273669 0 -0.0319926)
(0.274791 0 -0.0324468)
(0.275606 0 -0.0328391)
(0.0132907 0 -0.000761805)
(0.0386563 0 -0.00223437)
(0.0617275 0 -0.00360952)
(0.0826803 0 -0.0049072)
(0.101725 0 -0.0061454)
(0.119055 0 -0.00733801)
(0.134842 0 -0.00849539)
(0.149237 0 -0.00962495)
(0.162376 0 -0.0107317)
(0.174377 0 -0.0118185)
(0.185344 0 -0.0128869)
(0.195365 0 -0.0139366)
(0.204522 0 -0.0149666)
(0.212881 0 -0.0159749)
(0.220505 0 -0.0169588)
(0.227446 0 -0.0179154)
(0.23375 0 -0.0188413)
(0.239459 0 -0.0197332)
(0.244611 0 -0.0205877)
(0.249239 0 -0.0214016)
(0.253366 0 -0.0221711)
(0.257023 0 -0.022894)
(0.26024 0 -0.023569)
(0.263041 0 -0.0241943)
(0.265448 0 -0.0247688)
(0.267483 0 -0.0252918)
(0.269164 0 -0.0257629)
(0.270512 0 -0.0261824)
(0.271545 0 -0.0265509)
(0.272279 0 -0.0268684)
(0.0131818 0 -0.000564818)
(0.0383601 0 -0.00165831)
(0.0612974 0 -0.00268229)
(0.0821519 0 -0.00365105)
(0.10112 0 -0.00457756)
(0.118385 0 -0.0054718)
(0.134112 0 -0.00634122)
(0.148449 0 -0.00719113)
(0.161528 0 -0.00802505)
(0.173464 0 -0.008845)
(0.18436 0 -0.00965178)
(0.194306 0 -0.0104452)
(0.20338 0 -0.0112242)
(0.211651 0 -0.0119872)
(0.219181 0 -0.0127321)
(0.226024 0 -0.0134564)
(0.232227 0 -0.0141575)
(0.237832 0 -0.0148329)
(0.242879 0 -0.01548)
(0.247401 0 -0.0160962)
(0.251422 0 -0.0166785)
(0.254976 0 -0.0172254)
(0.258092 0 -0.0177357)
(0.260796 0 -0.0182082)
(0.26311 0 -0.0186419)
(0.265057 0 -0.0190364)
(0.266656 0 -0.0193914)
(0.267927 0 -0.019707)
(0.268888 0 -0.0199838)
(0.269557 0 -0.0202218)
(0.0130955 0 -0.000350754)
(0.0381262 0 -0.00103085)
(0.0609603 0 -0.00166942)
(0.0817395 0 -0.00227509)
(0.100649 0 -0.00285572)
(0.117865 0 -0.00341737)
(0.133547 0 -0.00396455)
(0.147841 0 -0.00450046)
(0.160875 0 -0.0050272)
(0.172764 0 -0.00554594)
(0.183609 0 -0.00605707)
(0.1935 0 -0.00656037)
(0.202515 0 -0.00705511)
(0.210724 0 -0.00754015)
(0.218188 0 -0.00801408)
(0.224961 0 -0.00847527)
(0.231092 0 -0.00892201)
(0.236624 0 -0.00935255)
(0.241596 0 -0.00976517)
(0.246044 0 -0.0101582)
(0.249991 0 -0.0105297)
(0.253472 0 -0.0108786)
(0.256517 0 -0.0112041)
(0.259152 0 -0.0115054)
(0.261401 0 -0.0117819)
(0.263286 0 -0.0120332)
(0.264826 0 -0.0122592)
(0.266042 0 -0.01246)
(0.266953 0 -0.0126358)
(0.267575 0 -0.0127867)
(0.0130443 0 -0.000119767)
(0.0379885 0 -0.000352253)
(0.0607638 0 -0.000570969)
(0.0815007 0 -0.000778809)
(0.100378 0 -0.000978409)
(0.117566 0 -0.00117181)
(0.133224 0 -0.00136054)
(0.147493 0 -0.00154567)
(0.160503 0 -0.0017279)
(0.172367 0 -0.0019076)
(0.183185 0 -0.00208489)
(0.193046 0 -0.00225967)
(0.20203 0 -0.00243166)
(0.210205 0 -0.00260044)
(0.217633 0 -0.00276551)
(0.22437 0 -0.00292627)
(0.230462 0 -0.00308211)
(0.235955 0 -0.00323239)
(0.240888 0 -0.00337649)
(0.245296 0 -0.00351381)
(0.249204 0 -0.00364367)
(0.252645 0 -0.00376563)
(0.255653 0 -0.00387944)
(0.258251 0 -0.00398479)
(0.260465 0 -0.00408146)
(0.262316 0 -0.00416929)
(0.263824 0 -0.00424825)
(0.265011 0 -0.00431835)
(0.265894 0 -0.00437969)
(0.266491 0 -0.00443225)
(0.414837 0 -0.0993144)
(0.414502 0 -0.106945)
(0.411346 0 -0.114323)
(0.408287 0 -0.0968151)
(0.409598 0 -0.102036)
(0.408418 0 -0.106329)
(0.400554 0 -0.0957419)
(0.402532 0 -0.0991772)
(0.40279 0 -0.102153)
(0.393669 0 -0.094221)
(0.395684 0 -0.0968284)
(0.396588 0 -0.0991337)
(0.387246 0 -0.092563)
(0.389194 0 -0.0946741)
(0.390371 0 -0.0965637)
(0.381119 0 -0.0908541)
(0.382977 0 -0.0926225)
(0.384261 0 -0.0942206)
(0.375205 0 -0.0891164)
(0.376963 0 -0.0906293)
(0.378272 0 -0.0920071)
(0.36945 0 -0.0873506)
(0.371101 0 -0.0886636)
(0.372391 0 -0.0898669)
(0.363811 0 -0.0855493)
(0.365353 0 -0.0867007)
(0.366597 0 -0.0877609)
(0.358249 0 -0.0837002)
(0.359683 0 -0.0847178)
(0.360866 0 -0.0856583)
(0.35274 0 -0.0817915)
(0.354066 0 -0.0826958)
(0.355178 0 -0.083534)
(0.347263 0 -0.0798091)
(0.348484 0 -0.0806162)
(0.34952 0 -0.0813659)
(0.341802 0 -0.0777383)
(0.342921 0 -0.0784611)
(0.343878 0 -0.0791333)
(0.336346 0 -0.0755633)
(0.337368 0 -0.0762123)
(0.338245 0 -0.0768162)
(0.330893 0 -0.0732677)
(0.331821 0 -0.0738513)
(0.332619 0 -0.0743945)
(0.325443 0 -0.0708333)
(0.326282 0 -0.0713587)
(0.327002 0 -0.0718476)
(0.320004 0 -0.0682406)
(0.320758 0 -0.0687139)
(0.321402 0 -0.0691538)
(0.314589 0 -0.0654681)
(0.315262 0 -0.0658942)
(0.315833 0 -0.0662897)
(0.309217 0 -0.0624916)
(0.309813 0 -0.0628748)
(0.310315 0 -0.06323)
(0.303915 0 -0.0592841)
(0.304439 0 -0.0596281)
(0.304874 0 -0.0599462)
(0.298714 0 -0.0558148)
(0.299171 0 -0.0561227)
(0.299543 0 -0.0564067)
(0.293657 0 -0.0520486)
(0.294051 0 -0.0523228)
(0.294364 0 -0.052575)
(0.288793 0 -0.0479448)
(0.289128 0 -0.0481872)
(0.289386 0 -0.0484096)
(0.28418 0 -0.0434561)
(0.284463 0 -0.0436682)
(0.284671 0 -0.0438622)
(0.27989 0 -0.038527)
(0.280125 0 -0.0387096)
(0.280287 0 -0.0388762)
(0.276004 0 -0.0330918)
(0.276198 0 -0.0332452)
(0.27632 0 -0.0333847)
(0.272621 0 -0.0270724)
(0.272779 0 -0.0271959)
(0.272867 0 -0.027308)
(0.269855 0 -0.0203744)
(0.269984 0 -0.0204666)
(0.270045 0 -0.02055)
(0.26784 0 -0.0128832)
(0.267949 0 -0.0129414)
(0.26799 0 -0.012994)
(0.266739 0 -0.00446584)
(0.266836 0 -0.00448608)
(0.266867 0 -0.00450433)
(0.40226 0 -0.117838)
(0.39566 0 -0.118311)
(0.388324 0 -0.116928)
(0.38116 0 -0.114613)
(0.374202 0 -0.111834)
(0.367452 0 -0.108785)
(0.360881 0 -0.105544)
(0.354439 0 -0.102143)
(0.34806 0 -0.0986029)
(0.341659 0 -0.0949393)
(0.335136 0 -0.0911679)
(0.328387 0 -0.0873044)
(0.321292 0 -0.0833637)
(0.313727 0 -0.0793598)
(0.305562 0 -0.0753048)
(0.296666 0 -0.0712078)
(0.286903 0 -0.0670748)
(0.276139 0 -0.0629078)
(0.264232 0 -0.0587031)
(0.25104 0 -0.0544475)
(0.236446 0 -0.050136)
(0.220281 0 -0.0457412)
(0.202405 0 -0.0412397)
(0.182715 0 -0.0366104)
(0.161043 0 -0.0318088)
(0.137243 0 -0.0267935)
(0.111174 0 -0.0215125)
(0.0826778 0 -0.0159043)
(0.0516105 0 -0.00990081)
(0.0177103 0 -0.00340133)
(0.404143 0 -0.110908)
(0.397954 0 -0.113278)
(0.391568 0 -0.113389)
(0.384993 0 -0.11225)
(0.378327 0 -0.110346)
(0.371663 0 -0.10794)
(0.365039 0 -0.105182)
(0.358448 0 -0.102158)
(0.35185 0 -0.0989203)
(0.345184 0 -0.0955054)
(0.338366 0 -0.091941)
(0.331301 0 -0.0882496)
(0.323885 0 -0.0844507)
(0.316 0 -0.0805608)
(0.307525 0 -0.0765934)
(0.298333 0 -0.0725591)
(0.288293 0 -0.0684644)
(0.277273 0 -0.0643119)
(0.265135 0 -0.0600988)
(0.251742 0 -0.0558165)
(0.236963 0 -0.0514552)
(0.22065 0 -0.0469966)
(0.202665 0 -0.0424133)
(0.182891 0 -0.0376838)
(0.161145 0 -0.0327627)
(0.137282 0 -0.0276069)
(0.111177 0 -0.0221702)
(0.0826569 0 -0.0163901)
(0.051585 0 -0.0102011)
(0.0176981 0 -0.00350282)
(0.401301 0 -0.105895)
(0.397103 0 -0.108721)
(0.391918 0 -0.109739)
(0.386217 0 -0.109453)
(0.380186 0 -0.108284)
(0.373942 0 -0.10649)
(0.36756 0 -0.104232)
(0.36107 0 -0.101619)
(0.354467 0 -0.0987221)
(0.347713 0 -0.0955928)
(0.340749 0 -0.0922693)
(0.333496 0 -0.0887812)
(0.325864 0 -0.0851524)
(0.317747 0 -0.0814024)
(0.309035 0 -0.0775472)
(0.299608 0 -0.0735987)
(0.289343 0 -0.0695646)
(0.27811 0 -0.0654484)
(0.265777 0 -0.0612486)
(0.252211 0 -0.0569588)
(0.237277 0 -0.0525684)
(0.220835 0 -0.0480604)
(0.202747 0 -0.0434115)
(0.182879 0 -0.0385954)
(0.161081 0 -0.0335759)
(0.137216 0 -0.0283107)
(0.111107 0 -0.0227441)
(0.0825741 0 -0.0168123)
(0.0515195 0 -0.0104614)
(0.0176727 0 -0.00359062)
(0.396563 0 -0.102155)
(0.39413 0 -0.104831)
(0.390289 0 -0.106233)
(0.38557 0 -0.106513)
(0.380301 0 -0.105911)
(0.374632 0 -0.104639)
(0.368657 0 -0.102844)
(0.362433 0 -0.100634)
(0.355976 0 -0.0980856)
(0.349273 0 -0.0952571)
(0.342285 0 -0.0921928)
(0.334954 0 -0.0889275)
(0.327201 0 -0.0854891)
(0.318937 0 -0.0818995)
(0.310058 0 -0.0781759)
(0.300457 0 -0.0743327)
(0.290017 0 -0.0703785)
(0.278616 0 -0.066318)
(0.266126 0 -0.0621509)
(0.252417 0 -0.0578721)
(0.237357 0 -0.0534716)
(0.22081 0 -0.0489338)
(0.202639 0 -0.0442372)
(0.182707 0 -0.0393549)
(0.160868 0 -0.0342526)
(0.136981 0 -0.0288892)
(0.110903 0 -0.0232183)
(0.0824241 0 -0.0171687)
(0.051411 0 -0.0106807)
(0.0176348 0 -0.00366473)
(0.391102 0 -0.0990813)
(0.389939 0 -0.101504)
(0.387269 0 -0.102985)
(0.383537 0 -0.103586)
(0.379056 0 -0.103391)
(0.374017 0 -0.102537)
(0.368532 0 -0.101142)
(0.362669 0 -0.0993001)
(0.356462 0 -0.0970854)
(0.349912 0 -0.0945547)
(0.342998 0 -0.0917541)
(0.335676 0 -0.0887204)
(0.327884 0 -0.0854836)
(0.319546 0 -0.082068)
(0.310568 0 -0.0784917)
(0.300852 0 -0.0747695)
(0.290287 0 -0.0709112)
(0.278761 0 -0.0669232)
(0.266152 0 -0.0628059)
(0.252334 0 -0.0585555)
(0.237179 0 -0.0541629)
(0.220554 0 -0.0496136)
(0.202324 0 -0.0448874)
(0.182351 0 -0.0399582)
(0.160494 0 -0.0347931)
(0.136609 0 -0.0293524)
(0.110546 0 -0.0235885)
(0.0821375 0 -0.0174429)
(0.0512562 0 -0.0108569)
(0.0175947 0 -0.0037271)
(0.385385 0 -0.0963733)
(0.385075 0 -0.0985512)
(0.383331 0 -0.100002)
(0.380474 0 -0.100746)
(0.376747 0 -0.100822)
(0.372333 0 -0.100283)
(0.367364 0 -0.0992171)
(0.361911 0 -0.0976974)
(0.356015 0 -0.0957872)
(0.349688 0 -0.0935385)
(0.342919 0 -0.0909949)
(0.335678 0 -0.0881927)
(0.327915 0 -0.0851617)
(0.319564 0 -0.0819266)
(0.310546 0 -0.078507)
(0.300768 0 -0.0749179)
(0.290131 0 -0.0711696)
(0.278524 0 -0.0672683)
(0.265833 0 -0.0632156)
(0.251941 0 -0.0590094)
(0.236722 0 -0.0546412)
(0.220047 0 -0.0500978)
(0.201785 0 -0.04536)
(0.181798 0 -0.0404029)
(0.159949 0 -0.0351951)
(0.136093 0 -0.0296982)
(0.110082 0 -0.0238664)
(0.0817607 0 -0.0176452)
(0.0509834 0 -0.010975)
(0.0174813 0 -0.00376256)
(0.379596 0 -0.0938795)
(0.379848 0 -0.0958373)
(0.378799 0 -0.0972202)
(0.376656 0 -0.0980168)
(0.373599 0 -0.0982502)
(0.369774 0 -0.0979423)
(0.365311 0 -0.0971365)
(0.360281 0 -0.0958878)
(0.354727 0 -0.0942462)
(0.348665 0 -0.0922554)
(0.342092 0 -0.0899541)
(0.334986 0 -0.0873757)
(0.327306 0 -0.0845485)
(0.318996 0 -0.081496)
(0.309986 0 -0.0782376)
(0.300193 0 -0.0747884)
(0.289526 0 -0.0711596)
(0.277882 0 -0.0673574)
(0.265152 0 -0.0633837)
(0.251219 0 -0.0592354)
(0.235968 0 -0.0549071)
(0.219274 0 -0.0503858)
(0.201007 0 -0.0456538)
(0.181034 0 -0.0406874)
(0.15922 0 -0.0354567)
(0.135423 0 -0.0299252)
(0.109497 0 -0.024049)
(0.0812941 0 -0.0177769)
(0.0506668 0 -0.0110517)
(0.0173605 0 -0.00378528)
(0.373803 0 -0.0915137)
(0.374412 0 -0.0932759)
(0.373865 0 -0.0945717)
(0.372284 0 -0.0953776)
(0.369789 0 -0.0956963)
(0.366503 0 -0.0955492)
(0.362511 0 -0.0949436)
(0.357894 0 -0.0939168)
(0.352689 0 -0.0925059)
(0.346913 0 -0.0907448)
(0.340567 0 -0.088666)
(0.333633 0 -0.0862986)
(0.326078 0 -0.0836679)
(0.317852 0 -0.0807956)
(0.308894 0 -0.0776997)
(0.299127 0 -0.0743948)
(0.288468 0 -0.0708914)
(0.276823 0 -0.0671962)
(0.26409 0 -0.0633124)
(0.250155 0 -0.0592364)
(0.234905 0 -0.054962)
(0.21822 0 -0.050478)
(0.199978 0 -0.0457686)
(0.180049 0 -0.0408111)
(0.158299 0 -0.0355773)
(0.134592 0 -0.0300324)
(0.108785 0 -0.0241352)
(0.0807334 0 -0.0178373)
(0.0502951 0 -0.0110846)
(0.0172251 0 -0.00379398)
(0.368028 0 -0.0892204)
(0.368854 0 -0.0908084)
(0.368658 0 -0.0920106)
(0.367505 0 -0.0927987)
(0.365477 0 -0.0931648)
(0.362648 0 -0.0931188)
(0.359083 0 -0.0926644)
(0.354851 0 -0.0918159)
(0.349986 0 -0.0905988)
(0.344501 0 -0.0890381)
(0.338397 0 -0.0871595)
(0.33166 0 -0.084987)
(0.324259 0 -0.0825422)
(0.316151 0 -0.0798439)
(0.307279 0 -0.0769085)
(0.297575 0 -0.073749)
(0.28696 0 -0.0703753)
(0.275347 0 -0.0667938)
(0.26264 0 -0.0630071)
(0.248735 0 -0.0590137)
(0.23352 0 -0.0548071)
(0.21688 0 -0.0503762)
(0.198692 0 -0.0457049)
(0.178836 0 -0.0407741)
(0.157181 0 -0.0355565)
(0.133595 0 -0.0300196)
(0.10794 0 -0.0241245)
(0.0800752 0 -0.0178259)
(0.0498642 0 -0.0110731)
(0.0170706 0 -0.00378775)
(0.362273 0 -0.086959)
(0.36322 0 -0.0883919)
(0.363262 0 -0.0894996)
(0.362428 0 -0.0902537)
(0.360765 0 -0.0906407)
(0.358314 0 -0.0906569)
(0.355131 0 -0.0903138)
(0.351246 0 -0.0896051)
(0.346699 0 -0.088548)
(0.341497 0 -0.0871593)
(0.335639 0 -0.0854578)
(0.32911 0 -0.0834625)
(0.321882 0 -0.0811905)
(0.313916 0 -0.0786578)
(0.305158 0 -0.0758781)
(0.295546 0 -0.0728629)
(0.285007 0 -0.0696209)
(0.273458 0 -0.0661577)
(0.260808 0 -0.0624756)
(0.24696 0 -0.058573)
(0.231807 0 -0.0544443)
(0.215242 0 -0.0500802)
(0.197143 0 -0.0454643)
(0.177391 0 -0.0405773)
(0.155862 0 -0.0353948)
(0.132428 0 -0.0298868)
(0.106959 0 -0.0240169)
(0.0793172 0 -0.0177426)
(0.0493718 0 -0.011017)
(0.0168955 0 -0.00376636)
(0.356532 0 -0.0846971)
(0.35753 0 -0.0859908)
(0.357725 0 -0.0870065)
(0.357122 0 -0.087717)
(0.35574 0 -0.0881058)
(0.353604 0 -0.088164)
(0.350736 0 -0.0878944)
(0.347159 0 -0.0872948)
(0.342901 0 -0.0863683)
(0.337966 0 -0.0851254)
(0.332348 0 -0.0835788)
(0.326031 0 -0.0817424)
(0.318987 0 -0.0796294)
(0.311179 0 -0.077252)
(0.302556 0 -0.0746217)
(0.29306 0 -0.0717477)
(0.282621 0 -0.0686375)
(0.271163 0 -0.0652955)
(0.258599 0 -0.0617236)
(0.244836 0 -0.0579201)
(0.229774 0 -0.0538796)
(0.213308 0 -0.0495929)
(0.195326 0 -0.0450464)
(0.17571 0 -0.040221)
(0.15434 0 -0.0350934)
(0.131092 0 -0.0296347)
(0.105842 0 -0.0238127)
(0.0784588 0 -0.0175877)
(0.0488172 0 -0.0109164)
(0.0166992 0 -0.00372981)
(0.3508 0 -0.0824089)
(0.351799 0 -0.0835767)
(0.352082 0 -0.0845038)
(0.351636 0 -0.0851646)
(0.350466 0 -0.0855423)
(0.348578 0 -0.0856253)
(0.34597 0 -0.0854054)
(0.342666 0 -0.0848898)
(0.338662 0 -0.0840675)
(0.333973 0 -0.0829472)
(0.328582 0 -0.081535)
(0.322473 0 -0.0798401)
(0.315617 0 -0.0778716)
(0.307975 0 -0.0756389)
(0.299501 0 -0.0731503)
(0.290138 0 -0.0704133)
(0.279821 0 -0.0674335)
(0.268477 0 -0.0642145)
(0.256023 0 -0.0607572)
(0.242372 0 -0.0570596)
(0.227427 0 -0.0531167)
(0.211088 0 -0.0489194)
(0.193248 0 -0.044455)
(0.173795 0 -0.0397062)
(0.152616 0 -0.0346519)
(0.129588 0 -0.0292644)
(0.10459 0 -0.0235129)
(0.0775009 0 -0.0173618)
(0.0482009 0 -0.0107716)
(0.0164821 0 -0.00367822)
(0.345073 0 -0.0800703)
(0.346038 0 -0.0811241)
(0.34636 0 -0.0819671)
(0.346015 0 -0.0825755)
(0.344994 0 -0.0829323)
(0.343291 0 -0.0830244)
(0.340903 0 -0.0828427)
(0.337823 0 -0.0823854)
(0.334041 0 -0.0816459)
(0.329577 0 -0.0806301)
(0.324399 0 -0.0793344)
(0.318488 0 -0.0777646)
(0.311816 0 -0.075927)
(0.304345 0 -0.0738278)
(0.296028 0 -0.0714731)
(0.286811 0 -0.068868)
(0.276632 0 -0.0660166)
(0.26542 0 -0.0629211)
(0.253098 0 -0.0595818)
(0.239581 0 -0.0559963)
(0.224777 0 -0.0521593)
(0.208591 0 -0.0480624)
(0.19092 0 -0.0436936)
(0.171658 0 -0.0390369)
(0.150695 0 -0.0340723)
(0.127916 0 -0.0287757)
(0.103206 0 -0.0231178)
(0.0764471 0 -0.0170658)
(0.0475249 0 -0.0105831)
(0.0162448 0 -0.0036118)
(0.339347 0 -0.0776588)
(0.340254 0 -0.0786091)
(0.340577 0 -0.0793728)
(0.340289 0 -0.0799281)
(0.33937 0 -0.0802585)
(0.337806 0 -0.0803505)
(0.335585 0 -0.0801932)
(0.332679 0 -0.0797766)
(0.329108 0 -0.0791079)
(0.324844 0 -0.0781772)
(0.319856 0 -0.0769815)
(0.314129 0 -0.0755217)
(0.307633 0 -0.0738019)
(0.30033 0 -0.0718256)
(0.292174 0 -0.0695967)
(0.283112 0 -0.0671183)
(0.273083 0 -0.0643926)
(0.262019 0 -0.0614209)
(0.249846 0 -0.0582023)
(0.236482 0 -0.0547342)
(0.221842 0 -0.0510111)
(0.205832 0 -0.047025)
(0.188355 0 -0.0427646)
(0.169309 0 -0.0382151)
(0.14859 0 -0.0333581)
(0.126089 0 -0.0281712)
(0.101696 0 -0.0226283)
(0.0752996 0 -0.0166996)
(0.0467923 0 -0.0103516)
(0.0159883 0 -0.00353077)
(0.333624 0 -0.0751526)
(0.334454 0 -0.0760086)
(0.334752 0 -0.0766981)
(0.334486 0 -0.0772009)
(0.333632 0 -0.0775016)
(0.332167 0 -0.0775866)
(0.330072 0 -0.0774444)
(0.327324 0 -0.0770656)
(0.323922 0 -0.0764515)
(0.319826 0 -0.0755886)
(0.315014 0 -0.074478)
(0.309449 0 -0.0731131)
(0.303118 0 -0.0714989)
(0.295979 0 -0.0696358)
(0.287984 0 -0.0675252)
(0.27908 0 -0.0651683)
(0.269208 0 -0.0625658)
(0.258304 0 -0.0597177)
(0.246294 0 -0.0566224)
(0.233101 0 -0.0532767)
(0.218643 0 -0.0496751)
(0.202829 0 -0.0458099)
(0.185569 0 -0.0416703)
(0.166764 0 -0.0372428)
(0.146314 0 -0.0325105)
(0.124118 0 -0.0274531)
(0.10007 0 -0.0220469)
(0.0740662 0 -0.0162647)
(0.046006 0 -0.0100773)
(0.0157143 0 -0.00343541)
(0.327908 0 -0.0725296)
(0.32865 0 -0.0732996)
(0.328903 0 -0.0739196)
(0.328633 0 -0.0743715)
(0.327812 0 -0.0746408)
(0.326414 0 -0.0747144)
(0.324416 0 -0.0745811)
(0.321794 0 -0.074232)
(0.318527 0 -0.0736615)
(0.314573 0 -0.0728553)
(0.309904 0 -0.0718127)
(0.304497 0 -0.0705347)
(0.298321 0 -0.0690168)
(0.291338 0 -0.0672585)
(0.2835 0 -0.0652596)
(0.274756 0 -0.0630197)
(0.265048 0 -0.0605382)
(0.25431 0 -0.0578139)
(0.242475 0 -0.0548444)
(0.229467 0 -0.051626)
(0.215206 0 -0.0481533)
(0.199607 0 -0.0444188)
(0.182583 0 -0.0404124)
(0.16404 0 -0.0361217)
(0.143883 0 -0.0315312)
(0.122016 0 -0.0266225)
(0.0983401 0 -0.0213745)
(0.0727567 0 -0.0157627)
(0.0451724 0 -0.0097611)
(0.015424 0 -0.00332574)
(0.322209 0 -0.069767)
(0.322856 0 -0.0704581)
(0.323049 0 -0.0710134)
(0.322754 0 -0.0714164)
(0.321942 0 -0.0716535)
(0.320584 0 -0.0717123)
(0.318654 0 -0.0715818)
(0.316124 0 -0.0712528)
(0.312956 0 -0.0707155)
(0.309114 0 -0.0699571)
(0.30459 0 -0.0689806)
(0.299332 0 -0.0677821)
(0.293295 0 -0.0663512)
(0.286458 0 -0.0646907)
(0.278774 0 -0.0627981)
(0.270188 0 -0.0606716)
(0.260644 0 -0.0583095)
(0.25008 0 -0.0557094)
(0.238427 0 -0.0528685)
(0.225614 0 -0.0497827)
(0.211563 0 -0.0464465)
(0.196194 0 -0.0428526)
(0.179423 0 -0.0389918)
(0.16116 0 -0.0348525)
(0.141317 0 -0.0304208)
(0.119801 0 -0.0256803)
(0.0965193 0 -0.0206119)
(0.0713809 0 -0.0151941)
(0.0442984 0 -0.00940394)
(0.0151204 0 -0.00320222)
(0.316542 0 -0.0668403)
(0.317089 0 -0.0674592)
(0.317212 0 -0.0679543)
(0.316877 0 -0.0683107)
(0.316055 0 -0.0685157)
(0.314714 0 -0.0685575)
(0.312824 0 -0.0684252)
(0.310356 0 -0.0681087)
(0.307262 0 -0.067596)
(0.303529 0 -0.0668863)
(0.299128 0 -0.065971)
(0.293992 0 -0.0648393)
(0.288091 0 -0.0634928)
(0.281393 0 -0.0619255)
(0.273855 0 -0.0601354)
(0.265425 0 -0.0581199)
(0.256045 0 -0.0558764)
(0.245656 0 -0.053402)
(0.234191 0 -0.0506931)
(0.22158 0 -0.0477455)
(0.20775 0 -0.0445537)
(0.192623 0 -0.0411108)
(0.176118 0 -0.0374081)
(0.158151 0 -0.0334353)
(0.138638 0 -0.0291797)
(0.117491 0 -0.0246268)
(0.0946236 0 -0.0197596)
(0.0699506 0 -0.0145593)
(0.0433914 0 -0.00900601)
(0.014806 0 -0.00306498)
(0.310928 0 -0.0637233)
(0.311373 0 -0.0642757)
(0.311419 0 -0.064715)
(0.311034 0 -0.0650275)
(0.310186 0 -0.0652015)
(0.308844 0 -0.0652258)
(0.306975 0 -0.0650898)
(0.304547 0 -0.0647833)
(0.301522 0 -0.0642966)
(0.297876 0 -0.0636278)
(0.293564 0 -0.0627637)
(0.288547 0 -0.061699)
(0.282777 0 -0.0604326)
(0.276202 0 -0.0589533)
(0.268801 0 -0.0572628)
(0.26052 0 -0.0553571)
(0.251303 0 -0.0532328)
(0.241089 0 -0.0508863)
(0.229814 0 -0.0483139)
(0.217411 0 -0.0455109)
(0.203808 0 -0.0424722)
(0.188931 0 -0.0391911)
(0.172703 0 -0.0356597)
(0.155044 0 -0.0318687)
(0.135873 0 -0.0278069)
(0.115109 0 -0.0234613)
(0.092671 0 -0.0188172)
(0.0684791 0 -0.0138583)
(0.0424597 0 -0.00856732)
(0.0144837 0 -0.00291404)
(0.305395 0 -0.0603871)
(0.305738 0 -0.0608783)
(0.305704 0 -0.0612658)
(0.30526 0 -0.0615373)
(0.304376 0 -0.0616821)
(0.30302 0 -0.0616896)
(0.301159 0 -0.06155)
(0.298759 0 -0.061254)
(0.295788 0 -0.0607931)
(0.292204 0 -0.0601588)
(0.287972 0 -0.0593438)
(0.283055 0 -0.0583435)
(0.27739 0 -0.0571479)
(0.270939 0 -0.0557581)
(0.263669 0 -0.0541672)
(0.255532 0 -0.052372)
(0.246472 0 -0.0503688)
(0.236431 0 -0.048154)
(0.225347 0 -0.0457234)
(0.213153 0 -0.0430727)
(0.199781 0 -0.0401966)
(0.18516 0 -0.0370891)
(0.169215 0 -0.033743)
(0.151871 0 -0.03015)
(0.133052 0 -0.0263001)
(0.112681 0 -0.0221823)
(0.090682 0 -0.0177837)
(0.0669819 0 -0.0130903)
(0.0415128 0 -0.00808755)
(0.0141566 0 -0.00274928)
(0.299976 0 -0.056799)
(0.300219 0 -0.0572337)
(0.300103 0 -0.0575734)
(0.299597 0 -0.057807)
(0.29867 0 -0.0579246)
(0.29729 0 -0.0579167)
(0.295425 0 -0.0577739)
(0.293041 0 -0.0574875)
(0.290103 0 -0.0570495)
(0.286568 0 -0.0564502)
(0.282401 0 -0.0556832)
(0.277562 0 -0.0547432)
(0.272006 0 -0.0536238)
(0.265679 0 -0.0523241)
(0.258525 0 -0.050832)
(0.250522 0 -0.0491491)
(0.241614 0 -0.0472706)
(0.231742 0 -0.0451926)
(0.220845 0 -0.0429109)
(0.20886 0 -0.0404212)
(0.195719 0 -0.0377187)
(0.181355 0 -0.0347977)
(0.165696 0 -0.031652)
(0.148672 0 -0.0282742)
(0.130208 0 -0.0246557)
(0.110234 0 -0.0207868)
(0.0886795 0 -0.0166569)
(0.0654756 0 -0.012254)
(0.0405613 0 -0.00756595)
(0.0138284 0 -0.00257048)
(0.294714 0 -0.0529224)
(0.29486 0 -0.0533046)
(0.294663 0 -0.0536001)
(0.294092 0 -0.0537989)
(0.293117 0 -0.0538918)
(0.291707 0 -0.0538702)
(0.289828 0 -0.0537254)
(0.287449 0 -0.0534494)
(0.284533 0 -0.0530344)
(0.281036 0 -0.052471)
(0.276923 0 -0.0517531)
(0.272156 0 -0.0508761)
(0.266693 0 -0.0498349)
(0.260465 0 -0.0486199)
(0.25343 0 -0.0472334)
(0.245557 0 -0.0456677)
(0.236794 0 -0.0439197)
(0.227085 0 -0.0419856)
(0.216371 0 -0.0398616)
(0.20459 0 -0.0375435)
(0.191678 0 -0.0350271)
(0.177569 0 -0.0323072)
(0.162195 0 -0.0293784)
(0.145487 0 -0.0262343)
(0.127379 0 -0.0228677)
(0.107801 0 -0.0192704)
(0.0866888 0 -0.0154335)
(0.0639793 0 -0.0113471)
(0.0396167 0 -0.00700124)
(0.013503 0 -0.00237721)
(0.289658 0 -0.0487148)
(0.289714 0 -0.0490482)
(0.289438 0 -0.0493029)
(0.288802 0 -0.0494697)
(0.287776 0 -0.0495406)
(0.286331 0 -0.0495077)
(0.284433 0 -0.0493631)
(0.28205 0 -0.0490993)
(0.279146 0 -0.0487092)
(0.275678 0 -0.0481836)
(0.271608 0 -0.047517)
(0.266899 0 -0.046705)
(0.261508 0 -0.045742)
(0.255385 0 -0.0446224)
(0.248472 0 -0.0433467)
(0.240712 0 -0.0419029)
(0.232083 0 -0.0402926)
(0.222529 0 -0.0385115)
(0.211991 0 -0.036556)
(0.200407 0 -0.0344222)
(0.187717 0 -0.0321063)
(0.173857 0 -0.0296039)
(0.158761 0 -0.0269105)
(0.142365 0 -0.0240206)
(0.124605 0 -0.0209282)
(0.105416 0 -0.0176267)
(0.0847382 0 -0.0141087)
(0.0625136 0 -0.0103663)
(0.0386921 0 -0.00639153)
(0.0131848 0 -0.00216887)
(0.284871 0 -0.0441275)
(0.284841 0 -0.044415)
(0.28449 0 -0.0446317)
(0.283791 0 -0.0447695)
(0.282715 0 -0.0448213)
(0.281232 0 -0.04478)
(0.279311 0 -0.0446384)
(0.276919 0 -0.0443899)
(0.27402 0 -0.0440277)
(0.270571 0 -0.0435435)
(0.266536 0 -0.0429324)
(0.261877 0 -0.0421904)
(0.256554 0 -0.0413127)
(0.250521 0 -0.0402955)
(0.243704 0 -0.0391303)
(0.236061 0 -0.0378208)
(0.22756 0 -0.0363592)
(0.218151 0 -0.0347429)
(0.207778 0 -0.0329692)
(0.196382 0 -0.0310348)
(0.183904 0 -0.0289365)
(0.170282 0 -0.0266706)
(0.155453 0 -0.0242333)
(0.139357 0 -0.0216203)
(0.121932 0 -0.0188267)
(0.103118 0 -0.0158473)
(0.0828589 0 -0.0126763)
(0.0611018 0 -0.00930732)
(0.0378016 0 -0.00573424)
(0.0128787 0 -0.00194461)
(0.280422 0 -0.039103)
(0.280314 0 -0.0393469)
(0.279894 0 -0.0395282)
(0.279135 0 -0.0396398)
(0.27801 0 -0.0396754)
(0.27649 0 -0.0396289)
(0.274544 0 -0.0394941)
(0.272139 0 -0.039265)
(0.26924 0 -0.0389356)
(0.265804 0 -0.0384976)
(0.261795 0 -0.0379474)
(0.257178 0 -0.0372818)
(0.25191 0 -0.0364964)
(0.245944 0 -0.0355871)
(0.239231 0 -0.0345493)
(0.231705 0 -0.0333856)
(0.223313 0 -0.0320836)
(0.214035 0 -0.0306463)
(0.203814 0 -0.0290705)
(0.192593 0 -0.0273535)
(0.180312 0 -0.0254927)
(0.166913 0 -0.0234851)
(0.152336 0 -0.0213277)
(0.136521 0 -0.0190171)
(0.119411 0 -0.0165497)
(0.100951 0 -0.0139215)
(0.0810859 0 -0.0111279)
(0.0597696 0 -0.00816428)
(0.0369614 0 -0.00502601)
(0.0125899 0 -0.00170332)
(0.276397 0 -0.0335738)
(0.276219 0 -0.0337755)
(0.275736 0 -0.0339233)
(0.274923 0 -0.0340111)
(0.273753 0 -0.0340335)
(0.272197 0 -0.0339855)
(0.270225 0 -0.0338618)
(0.267806 0 -0.0336577)
(0.264905 0 -0.0333693)
(0.261474 0 -0.0329817)
(0.257486 0 -0.0324998)
(0.252904 0 -0.0319196)
(0.247684 0 -0.0312373)
(0.241782 0 -0.0304494)
(0.235154 0 -0.0295536)
(0.227721 0 -0.0285446)
(0.219432 0 -0.0274194)
(0.210274 0 -0.0261793)
(0.200191 0 -0.0248216)
(0.189127 0 -0.0233439)
(0.177025 0 -0.0217441)
(0.163829 0 -0.0200202)
(0.14948 0 -0.0181699)
(0.133922 0 -0.0161909)
(0.117101 0 -0.0140804)
(0.0989625 0 -0.0118356)
(0.079459 0 -0.0094533)
(0.0585464 0 -0.00693007)
(0.0361894 0 -0.00426263)
(0.0123247 0 -0.00144363)
(0.272895 0 -0.0274592)
(0.272657 0 -0.0276193)
(0.272119 0 -0.0277348)
(0.271259 0 -0.0278008)
(0.270048 0 -0.0278128)
(0.26846 0 -0.0277667)
(0.266465 0 -0.0276581)
(0.264033 0 -0.027483)
(0.261119 0 -0.027236)
(0.257688 0 -0.0269132)
(0.253721 0 -0.0265127)
(0.249167 0 -0.0260309)
(0.243987 0 -0.0254649)
(0.238138 0 -0.0248122)
(0.231577 0 -0.0240706)
(0.224223 0 -0.0232339)
(0.21603 0 -0.0223104)
(0.206977 0 -0.0212915)
(0.197013 0 -0.0201765)
(0.186085 0 -0.0189642)
(0.174138 0 -0.0176535)
(0.161118 0 -0.0162431)
(0.146969 0 -0.0147315)
(0.131636 0 -0.0131173)
(0.115066 0 -0.0113986)
(0.0972104 0 -0.00957361)
(0.0780236 0 -0.00764016)
(0.0574659 0 -0.00559602)
(0.0355065 0 -0.00343901)
(0.01209 0 -0.00116386)
(0.270033 0 -0.0206622)
(0.269746 0 -0.0207799)
(0.269164 0 -0.0208636)
(0.268264 0 -0.0209095)
(0.267019 0 -0.0209141)
(0.265403 0 -0.0208742)
(0.263385 0 -0.0207862)
(0.260935 0 -0.0206466)
(0.258019 0 -0.0204513)
(0.254599 0 -0.020206)
(0.250639 0 -0.0198992)
(0.246104 0 -0.0195301)
(0.240953 0 -0.019097)
(0.235141 0 -0.0185982)
(0.228624 0 -0.0180318)
(0.221351 0 -0.0173954)
(0.213249 0 -0.016697)
(0.20427 0 -0.0159244)
(0.194398 0 -0.0150805)
(0.18358 0 -0.0141647)
(0.17176 0 -0.0131761)
(0.158883 0 -0.0121142)
(0.144897 0 -0.0109781)
(0.129747 0 -0.0097671)
(0.113383 0 -0.00848012)
(0.0957597 0 -0.0071161)
(0.076833 0 -0.00567381)
(0.0565676 0 -0.00415192)
(0.0349371 0 -0.00254916)
(0.0118941 0 -0.000862064)
(0.26795 0 -0.0130644)
(0.267627 0 -0.0131379)
(0.267013 0 -0.0131893)
(0.266084 0 -0.0132164)
(0.264814 0 -0.013217)
(0.263177 0 -0.0131889)
(0.261143 0 -0.0131301)
(0.258683 0 -0.0130386)
(0.255764 0 -0.0129129)
(0.252345 0 -0.0127515)
(0.248391 0 -0.0125521)
(0.243868 0 -0.0123136)
(0.238737 0 -0.0120346)
(0.232954 0 -0.0117142)
(0.226474 0 -0.0113516)
(0.219252 0 -0.0109468)
(0.211205 0 -0.0104987)
(0.202285 0 -0.0100053)
(0.192483 0 -0.00946786)
(0.181744 0 -0.00888594)
(0.170015 0 -0.00825915)
(0.157243 0 -0.00758719)
(0.143374 0 -0.00686975)
(0.128357 0 -0.0061065)
(0.112144 0 -0.00529704)
(0.0946884 0 -0.00444088)
(0.0759513 0 -0.00353744)
(0.0558997 0 -0.00258611)
(0.0345116 0 -0.00158627)
(0.0117473 0 -0.000536024)
(0.266811 0 -0.00452872)
(0.266469 0 -0.00455403)
(0.265837 0 -0.00457159)
(0.264892 0 -0.00458055)
(0.263608 0 -0.00458018)
(0.261959 0 -0.00456975)
(0.259917 0 -0.00454855)
(0.257451 0 -0.00451595)
(0.254529 0 -0.00447137)
(0.251109 0 -0.0044141)
(0.247158 0 -0.00434355)
(0.242642 0 -0.0042594)
(0.237522 0 -0.00416123)
(0.231754 0 -0.00404873)
(0.225294 0 -0.00392171)
(0.218097 0 -0.00378017)
(0.210079 0 -0.00362349)
(0.201192 0 -0.00345114)
(0.191427 0 -0.0032638)
(0.180732 0 -0.0030613)
(0.169052 0 -0.00284354)
(0.156336 0 -0.00261046)
(0.142531 0 -0.00236201)
(0.127587 0 -0.00209811)
(0.111454 0 -0.00181869)
(0.0940908 0 -0.00152362)
(0.075457 0 -0.00121276)
(0.0555224 0 -0.00088593)
(0.0342683 0 -0.000542983)
(0.0116627 0 -0.000183364)
)
;

boundaryField
{
    inlet
    {
        type            cellMotion;
        value           uniform (0 0 0);
    }
    outlet
    {
        type            cellMotion;
        value           uniform (0 0 0);
    }
    flap
    {
        type            cellMotion;
        value           nonuniform List<vector> 
33
(
(0.00217601 0 0.00222259)
(0.00940502 0 0.00614839)
(0.0222898 0 0.00880786)
(0.0402745 0 0.00987778)
(0.06255 0 0.00924643)
(0.0884829 0 0.00690335)
(0.117547 0 0.00286584)
(0.149266 0 -0.00281254)
(0.183179 0 -0.0100326)
(0.218824 0 -0.0186602)
(0.255749 0 -0.0284959)
(0.293539 0 -0.0392862)
(0.331835 0 -0.050776)
(0.370344 0 -0.0627091)
(0.408907 0 -0.0748677)
(0.425183 0 -0.0906138)
(0.41908 0 -0.109877)
(0.412906 0 -0.129122)
(0.00190494 0 -0.00252925)
(0.00827075 0 -0.00760914)
(0.019754 0 -0.0128882)
(0.0359846 0 -0.0186671)
(0.0563151 0 -0.0251937)
(0.0802355 0 -0.0326305)
(0.107301 0 -0.0410507)
(0.137112 0 -0.0504547)
(0.169287 0 -0.0607756)
(0.203446 0 -0.0718703)
(0.239191 0 -0.0835559)
(0.276122 0 -0.0956399)
(0.313872 0 -0.107931)
(0.352099 0 -0.120279)
(0.390554 0 -0.132594)
)
;
    }
    upperWall
    {
        type            slip;
    }
    lowerWall
    {
        type            slip;
    }
    frontAndBack
    {
        type            empty;
    }
}


// ************************************************************************* //
