/*--------------------------------*- C++ -*----------------------------------*\
| =========                 |                                                 |
| \\      /  F ield         | OpenFOAM: The Open Source CFD Toolbox           |
|  \\    /   O peration     | Version:  dev                                   |
|   \\  /    A nd           | Web:      www.OpenFOAM.org                      |
|    \\/     M anipulation  |                                                 |
\*---------------------------------------------------------------------------*/
FoamFile
{
    version     2.0;
    format      ascii;
    class       vectorField;
    location    "0.67/polyMesh";
    object      points;
}
// * * * * * * * * * * * * * * * * * * * * * * * * * * * * * * * * * * * * * //


1030
(
(0.865615 0.3 1.123)
(0.947559 0.3 1.12342)
(1.0314 0.3 1.12391)
(0.866027 0.3 1.19573)
(0.948037 0.3 1.19611)
(1.03192 0.3 1.19656)
(1.1177 0.3 1.19708)
(1.20544 0.3 1.19765)
(0.866173 0.3 1.27022)
(0.948256 0.3 1.27058)
(1.03219 0.3 1.271)
(1.118 0.3 1.27148)
(1.20574 0.3 1.27202)
(1.29543 0.3 1.27261)
(0.866079 0.3 1.34654)
(0.948239 0.3 1.34687)
(1.03223 0.3 1.34727)
(1.11808 0.3 1.34772)
(1.20584 0.3 1.34823)
(1.29554 0.3 1.34878)
(1.3872 0.3 1.34939)
(1.48084 0.3 1.35003)
(0.865765 0.3 1.42472)
(0.948003 0.3 1.42503)
(1.03205 0.3 1.4254)
(1.11795 0.3 1.42583)
(1.20574 0.3 1.42631)
(1.29546 0.3 1.42684)
(1.38712 0.3 1.42742)
(1.48075 0.3 1.42804)
(1.57638 0.3 1.42869)
(1.67399 0.3 1.42939)
(0.865249 0.3 1.5048)
(0.947563 0.3 1.5051)
(1.03168 0.3 1.50545)
(1.11763 0.3 1.50586)
(1.20546 0.3 1.50632)
(1.2952 0.3 1.50682)
(1.38688 0.3 1.50737)
(1.48051 0.3 1.50797)
(1.57613 0.3 1.50861)
(1.67374 0.3 1.50928)
(1.77336 0.3 1.51)
(0.864549 0.3 1.58684)
(0.946932 0.3 1.58713)
(1.03111 0.3 1.58746)
(1.11712 0.3 1.58785)
(1.20499 0.3 1.58829)
(1.29476 0.3 1.58877)
(1.38646 0.3 1.5893)
(1.48012 0.3 1.58987)
(1.57574 0.3 1.59049)
(1.67336 0.3 1.59114)
(1.77297 0.3 1.59184)
(1.87459 0.3 1.59258)
(1.97822 0.3 1.59336)
(0.86368 0.3 1.67089)
(0.946127 0.3 1.67116)
(1.03036 0.3 1.67148)
(1.11643 0.3 1.67185)
(1.20435 0.3 1.67227)
(1.29416 0.3 1.67273)
(1.38588 0.3 1.67324)
(1.47956 0.3 1.67379)
(1.5752 0.3 1.67439)
(1.67283 0.3 1.67502)
(1.77245 0.3 1.67571)
(1.87408 0.3 1.67643)
(1.97773 0.3 1.67719)
(2.08338 0.3 1.678)
(0.862655 0.3 1.75698)
(0.94516 0.3 1.75725)
(1.02945 0.3 1.75755)
(1.11557 0.3 1.75791)
(1.20354 0.3 1.75831)
(1.29339 0.3 1.75875)
(1.38515 0.3 1.75924)
(1.47886 0.3 1.75977)
(1.57452 0.3 1.76035)
(1.67217 0.3 1.76097)
(1.77181 0.3 1.76163)
(1.87346 0.3 1.76234)
(1.97712 0.3 1.76309)
(2.0828 0.3 1.76389)
(2.19049 0.3 1.76473)
(2.30019 0.3 1.76563)
(0.861487 0.3 1.84519)
(0.944043 0.3 1.84544)
(1.02839 0.3 1.84573)
(1.11455 0.3 1.84607)
(1.20257 0.3 1.84645)
(1.29246 0.3 1.84688)
(1.38427 0.3 1.84735)
(1.47801 0.3 1.84786)
(1.5737 0.3 1.84842)
(1.67137 0.3 1.84902)
(1.77104 0.3 1.84967)
(1.87271 0.3 1.85036)
(1.9764 0.3 1.8511)
(2.08211 0.3 1.85188)
(2.18984 0.3 1.85271)
(2.29959 0.3 1.8536)
(2.41135 0.3 1.85455)
(0.860186 0.3 1.93554)
(0.94279 0.3 1.93579)
(1.02718 0.3 1.93607)
(1.11339 0.3 1.9364)
(1.20145 0.3 1.93676)
(1.29139 0.3 1.93717)
(1.38324 0.3 1.93762)
(1.47702 0.3 1.93812)
(1.57274 0.3 1.93866)
(1.67045 0.3 1.93924)
(1.77015 0.3 1.93987)
(1.87185 0.3 1.94054)
(1.97558 0.3 1.94126)
(2.08133 0.3 1.94203)
(2.1891 0.3 1.94285)
(2.29891 0.3 1.94373)
(2.41073 0.3 1.94466)
(2.52457 0.3 1.94567)
(2.64041 0.3 1.94675)
(0.858764 0.3 2.02811)
(0.94141 0.3 2.02835)
(1.02584 0.3 2.02862)
(1.1121 0.3 2.02893)
(1.2002 0.3 2.02928)
(1.29019 0.3 2.02968)
(1.38208 0.3 2.03011)
(1.4759 0.3 2.03059)
(1.57166 0.3 2.03111)
(1.6694 0.3 2.03168)
(1.76914 0.3 2.03229)
(1.87088 0.3 2.03294)
(1.97465 0.3 2.03364)
(2.08045 0.3 2.03439)
(2.18828 0.3 2.03519)
(2.29815 0.3 2.03605)
(2.41005 0.3 2.03697)
(2.52398 0.3 2.03796)
(2.63993 0.3 2.03903)
(2.75788 0.3 2.04018)
(0.857234 0.3 2.12294)
(0.939917 0.3 2.12317)
(1.02439 0.3 2.12343)
(1.11069 0.3 2.12373)
(1.19883 0.3 2.12407)
(1.28885 0.3 2.12445)
(1.38079 0.3 2.12487)
(1.47465 0.3 2.12533)
(1.57046 0.3 2.12583)
(1.66824 0.3 2.12638)
(1.76802 0.3 2.12697)
(1.86981 0.3 2.1276)
(1.97362 0.3 2.12828)
(2.07948 0.3 2.12901)
(2.18737 0.3 2.1298)
(2.29732 0.3 2.13064)
(2.40931 0.3 2.13154)
(2.52334 0.3 2.13251)
(2.63941 0.3 2.13355)
(2.7575 0.3 2.13468)
(2.87761 0.3 2.13591)
(0.855608 0.3 2.2201)
(0.938323 0.3 2.22031)
(1.02283 0.3 2.22056)
(1.10916 0.3 2.22085)
(1.19735 0.3 2.22118)
(1.28741 0.3 2.22154)
(1.37938 0.3 2.22194)
(1.47329 0.3 2.22239)
(1.56915 0.3 2.22287)
(1.66698 0.3 2.2234)
(1.7668 0.3 2.22397)
(1.86864 0.3 2.22458)
(1.97251 0.3 2.22524)
(2.07842 0.3 2.22595)
(2.18639 0.3 2.22672)
(2.29641 0.3 2.22753)
(2.4085 0.3 2.22841)
(2.52264 0.3 2.22936)
(2.63885 0.3 2.23038)
(2.7571 0.3 2.23148)
(2.87739 0.3 2.23268)
(3 0.3 2.23395)
(0.853896 0.3 2.31963)
(0.936642 0.3 2.31983)
(1.02118 0.3 2.32008)
(1.10755 0.3 2.32035)
(1.19577 0.3 2.32066)
(1.28587 0.3 2.32101)
(1.37788 0.3 2.3214)
(1.47183 0.3 2.32182)
(1.56774 0.3 2.32229)
(1.66562 0.3 2.3228)
(1.7655 0.3 2.32335)
(1.86739 0.3 2.32394)
(1.97132 0.3 2.32458)
(2.0773 0.3 2.32527)
(2.18534 0.3 2.326)
(2.29545 0.3 2.3268)
(2.40764 0.3 2.32765)
(2.5219 0.3 2.32857)
(2.63825 0.3 2.32955)
(2.75667 0.3 2.33062)
(2.87716 0.3 2.33178)
(3 0.3 2.33302)
(0.852115 0.3 2.42159)
(0.934887 0.3 2.42179)
(1.01946 0.3 2.42202)
(1.10585 0.3 2.42229)
(1.19411 0.3 2.42259)
(1.28425 0.3 2.42292)
(1.3763 0.3 2.42329)
(1.47029 0.3 2.4237)
(1.56624 0.3 2.42415)
(1.66418 0.3 2.42463)
(1.76411 0.3 2.42516)
(1.86606 0.3 2.42573)
(1.97005 0.3 2.42635)
(2.0761 0.3 2.42701)
(2.18422 0.3 2.42772)
(2.29443 0.3 2.42848)
(2.40673 0.3 2.42931)
(2.52112 0.3 2.43019)
(2.63762 0.3 2.43115)
(2.75622 0.3 2.43218)
(2.87692 0.3 2.4333)
(3 0.3 2.43448)
(0.85028 0.3 2.52606)
(0.933075 0.3 2.52625)
(1.01767 0.3 2.52647)
(1.1041 0.3 2.52672)
(1.19238 0.3 2.52701)
(1.28256 0.3 2.52733)
(1.37465 0.3 2.52768)
(1.46868 0.3 2.52807)
(1.56467 0.3 2.5285)
(1.66266 0.3 2.52896)
(1.76265 0.3 2.52947)
(1.86467 0.3 2.53001)
(1.96873 0.3 2.5306)
(2.07486 0.3 2.53124)
(2.18306 0.3 2.53192)
(2.29337 0.3 2.53265)
(2.40578 0.3 2.53344)
(2.52031 0.3 2.53429)
(2.63697 0.3 2.53521)
(2.75576 0.3 2.5362)
(2.87668 0.3 2.53727)
(3 0.3 2.5384)
(0.848409 0.3 2.63309)
(0.931224 0.3 2.63327)
(1.01584 0.3 2.63348)
(1.1023 0.3 2.63372)
(1.19061 0.3 2.63399)
(1.28082 0.3 2.63429)
(1.37295 0.3 2.63463)
(1.46702 0.3 2.635)
(1.56306 0.3 2.63541)
(1.6611 0.3 2.63585)
(1.76115 0.3 2.63633)
(1.86324 0.3 2.63685)
(1.96737 0.3 2.63741)
(2.07357 0.3 2.63802)
(2.18187 0.3 2.63867)
(2.29227 0.3 2.63937)
(2.40481 0.3 2.64012)
(2.51948 0.3 2.64093)
(2.6363 0.3 2.6418)
(2.75528 0.3 2.64274)
(2.87642 0.3 2.64376)
(3 0.3 2.64484)
(0.846522 0.3 2.74274)
(0.929355 0.3 2.74291)
(1.014 0.3 2.74311)
(1.10047 0.3 2.74334)
(1.18882 0.3 2.7436)
(1.27906 0.3 2.74388)
(1.37122 0.3 2.7442)
(1.46533 0.3 2.74455)
(1.56141 0.3 2.74494)
(1.6595 0.3 2.74536)
(1.75961 0.3 2.74581)
(1.86177 0.3 2.7463)
(1.96598 0.3 2.74683)
(2.07226 0.3 2.74741)
(2.18065 0.3 2.74802)
(2.29116 0.3 2.74868)
(2.40381 0.3 2.7494)
(2.51863 0.3 2.75016)
(2.63561 0.3 2.75098)
(2.75479 0.3 2.75187)
(2.87616 0.3 2.75283)
(3 0.3 2.75384)
(0.844641 0.3 2.85509)
(0.92749 0.3 2.85525)
(1.01215 0.3 2.85544)
(1.09865 0.3 2.85566)
(1.18702 0.3 2.8559)
(1.27729 0.3 2.85617)
(1.36948 0.3 2.85646)
(1.46363 0.3 2.85679)
(1.55976 0.3 2.85715)
(1.6579 0.3 2.85755)
(1.75806 0.3 2.85797)
(1.86028 0.3 2.85843)
(1.96457 0.3 2.85893)
(2.07094 0.3 2.85947)
(2.17942 0.3 2.86005)
(2.29004 0.3 2.86067)
(2.40281 0.3 2.86133)
(2.51777 0.3 2.86205)
(2.63493 0.3 2.86282)
(2.7543 0.3 2.86365)
(2.8759 0.3 2.86454)
(3 0.3 2.86549)
(0.842791 0.3 2.97021)
(0.925655 0.3 2.97036)
(1.01033 0.3 2.97053)
(1.09685 0.3 2.97073)
(1.18525 0.3 2.97096)
(1.27554 0.3 2.97121)
(1.36777 0.3 2.97148)
(1.46195 0.3 2.97179)
(1.55812 0.3 2.97213)
(1.6563 0.3 2.97249)
(1.75653 0.3 2.97289)
(1.85881 0.3 2.97331)
(1.96317 0.3 2.97378)
(2.06963 0.3 2.97427)
(2.1782 0.3 2.97481)
(2.28892 0.3 2.97538)
(2.40182 0.3 2.976)
(2.51692 0.3 2.97666)
(2.63424 0.3 2.97738)
(2.75381 0.3 2.97814)
(2.87565 0.3 2.97896)
(3 0.3 2.97983)
(0.841001 0.3 3.08816)
(0.923877 0.3 3.0883)
(1.00857 0.3 3.08846)
(1.09511 0.3 3.08864)
(1.18352 0.3 3.08885)
(1.27384 0.3 3.08908)
(1.3661 0.3 3.08933)
(1.46032 0.3 3.08961)
(1.55653 0.3 3.08992)
(1.65475 0.3 3.09026)
(1.75503 0.3 3.09062)
(1.85737 0.3 3.09101)
(1.96181 0.3 3.09143)
(2.06835 0.3 3.09189)
(2.17702 0.3 3.09238)
(2.28784 0.3 3.0929)
(2.40086 0.3 3.09347)
(2.5161 0.3 3.09407)
(2.63358 0.3 3.09472)
(2.75334 0.3 3.09541)
(2.8754 0.3 3.09616)
(3 0.3 3.09695)
(0.839302 0.3 3.20902)
(0.922188 0.3 3.20915)
(1.00689 0.3 3.20929)
(1.09345 0.3 3.20946)
(1.18188 0.3 3.20965)
(1.27223 0.3 3.20985)
(1.36451 0.3 3.21008)
(1.45876 0.3 3.21034)
(1.555 0.3 3.21061)
(1.65327 0.3 3.21092)
(1.7536 0.3 3.21124)
(1.856 0.3 3.21159)
(1.9605 0.3 3.21197)
(2.06712 0.3 3.21238)
(2.17588 0.3 3.21282)
(2.2868 0.3 3.21329)
(2.39994 0.3 3.21379)
(2.51531 0.3 3.21433)
(2.63295 0.3 3.21491)
(2.75289 0.3 3.21553)
(2.87516 0.3 3.21619)
(3 0.3 3.21689)
(0.83773 0.3 3.33288)
(0.920625 0.3 3.33299)
(1.00534 0.3 3.33312)
(1.09191 0.3 3.33326)
(1.18036 0.3 3.33343)
(1.27072 0.3 3.33361)
(1.36303 0.3 3.33381)
(1.45731 0.3 3.33404)
(1.55359 0.3 3.33428)
(1.6519 0.3 3.33454)
(1.75226 0.3 3.33483)
(1.85471 0.3 3.33514)
(1.95928 0.3 3.33547)
(2.06597 0.3 3.33582)
(2.17482 0.3 3.33621)
(2.28584 0.3 3.33662)
(2.39908 0.3 3.33705)
(2.51457 0.3 3.33752)
(2.63235 0.3 3.33802)
(2.75246 0.3 3.33856)
(2.87493 0.3 3.33913)
(3 0.3 3.33974)
(0.836325 0.3 3.45981)
(0.919227 0.3 3.4599)
(1.00395 0.3 3.46001)
(1.09053 0.3 3.46014)
(1.179 0.3 3.46027)
(1.26938 0.3 3.46043)
(1.36171 0.3 3.4606)
(1.45601 0.3 3.46079)
(1.55232 0.3 3.46099)
(1.65066 0.3 3.46122)
(1.75107 0.3 3.46146)
(1.85356 0.3 3.46172)
(1.95818 0.3 3.462)
(2.06494 0.3 3.4623)
(2.17386 0.3 3.46261)
(2.28497 0.3 3.46296)
(2.3983 0.3 3.46332)
(2.51391 0.3 3.46371)
(2.63182 0.3 3.46413)
(2.75208 0.3 3.46458)
(2.87473 0.3 3.46505)
(3 0.3 3.46555)
(0.835134 0.3 3.5899)
(0.918041 0.3 3.58997)
(1.00278 0.3 3.59006)
(1.08937 0.3 3.59016)
(1.17784 0.3 3.59027)
(1.26824 0.3 3.59039)
(1.36058 0.3 3.59053)
(1.4549 0.3 3.59068)
(1.55124 0.3 3.59084)
(1.64961 0.3 3.59102)
(1.75004 0.3 3.59121)
(1.85258 0.3 3.59141)
(1.95724 0.3 3.59163)
(2.06406 0.3 3.59187)
(2.17305 0.3 3.59212)
(2.28422 0.3 3.59239)
(2.39764 0.3 3.59268)
(2.51334 0.3 3.59298)
(2.63136 0.3 3.59331)
(2.75175 0.3 3.59365)
(2.87455 0.3 3.59402)
(3 0.3 3.59441)
(0.834207 0.3 3.72323)
(0.917119 0.3 3.72329)
(1.00186 0.3 3.72335)
(1.08845 0.3 3.72342)
(1.17694 0.3 3.7235)
(1.26735 0.3 3.72359)
(1.3597 0.3 3.72368)
(1.45404 0.3 3.72379)
(1.55039 0.3 3.7239)
(1.64878 0.3 3.72403)
(1.74925 0.3 3.72416)
(1.85181 0.3 3.72431)
(1.95651 0.3 3.72446)
(2.06336 0.3 3.72463)
(2.1724 0.3 3.7248)
(2.28364 0.3 3.72499)
(2.39711 0.3 3.72519)
(2.51289 0.3 3.7254)
(2.631 0.3 3.72563)
(2.75149 0.3 3.72587)
(2.87441 0.3 3.72612)
(3 0.3 3.72639)
(0.833605 0.3 3.85992)
(0.916519 0.3 3.85995)
(1.00126 0.3 3.85998)
(1.08786 0.3 3.86002)
(1.17635 0.3 3.86006)
(1.26677 0.3 3.8601)
(1.35913 0.3 3.86016)
(1.45348 0.3 3.86021)
(1.54984 0.3 3.86027)
(1.64824 0.3 3.86034)
(1.74872 0.3 3.86041)
(1.85131 0.3 3.86048)
(1.95602 0.3 3.86056)
(2.0629 0.3 3.86065)
(2.17197 0.3 3.86074)
(2.28325 0.3 3.86084)
(2.39677 0.3 3.86094)
(2.51259 0.3 3.86105)
(2.63075 0.3 3.86117)
(2.75131 0.3 3.86129)
(2.87432 0.3 3.86142)
(3 0.3 3.86156)
(0.833392 0.3 4)
(0.916307 0.3 4)
(1.00105 0.3 4)
(1.08765 0.3 4)
(1.17615 0.3 4)
(1.26656 0.3 4)
(1.35893 0.3 4)
(1.45328 0.3 4)
(1.54964 0.3 4)
(1.64805 0.3 4)
(1.74854 0.3 4)
(1.85113 0.3 4)
(1.95585 0.3 4)
(2.06274 0.3 4)
(2.17182 0.3 4)
(2.28312 0.3 4)
(2.39665 0.3 4)
(2.51248 0.3 4)
(2.63067 0.3 4)
(2.75125 0.3 4)
(2.87429 0.3 4)
(3 0.3 4)
(0.865615 0 1.123)
(0.947559 0 1.12342)
(1.0314 0 1.12391)
(0.866027 0 1.19573)
(0.948037 0 1.19611)
(1.03192 0 1.19656)
(1.1177 0 1.19708)
(1.20544 0 1.19765)
(0.866173 0 1.27022)
(0.948256 0 1.27058)
(1.03219 0 1.271)
(1.118 0 1.27148)
(1.20574 0 1.27202)
(1.29543 0 1.27261)
(0.866079 0 1.34654)
(0.948239 0 1.34687)
(1.03223 0 1.34727)
(1.11808 0 1.34772)
(1.20584 0 1.34823)
(1.29554 0 1.34878)
(1.3872 0 1.34939)
(1.48084 0 1.35003)
(0.865765 0 1.42472)
(0.948003 0 1.42503)
(1.03205 0 1.4254)
(1.11795 0 1.42583)
(1.20574 0 1.42631)
(1.29546 0 1.42684)
(1.38712 0 1.42742)
(1.48075 0 1.42804)
(1.57638 0 1.42869)
(1.67399 0 1.42939)
(0.865249 0 1.5048)
(0.947563 0 1.5051)
(1.03168 0 1.50545)
(1.11763 0 1.50586)
(1.20546 0 1.50632)
(1.2952 0 1.50682)
(1.38688 0 1.50737)
(1.48051 0 1.50797)
(1.57613 0 1.50861)
(1.67374 0 1.50928)
(1.77336 0 1.51)
(0.864549 0 1.58684)
(0.946932 0 1.58713)
(1.03111 0 1.58746)
(1.11712 0 1.58785)
(1.20499 0 1.58829)
(1.29476 0 1.58877)
(1.38646 0 1.5893)
(1.48012 0 1.58987)
(1.57574 0 1.59049)
(1.67336 0 1.59114)
(1.77297 0 1.59184)
(1.87459 0 1.59258)
(1.97822 0 1.59336)
(0.86368 0 1.67089)
(0.946127 0 1.67116)
(1.03036 0 1.67148)
(1.11643 0 1.67185)
(1.20435 0 1.67227)
(1.29416 0 1.67273)
(1.38588 0 1.67324)
(1.47956 0 1.67379)
(1.5752 0 1.67439)
(1.67283 0 1.67502)
(1.77245 0 1.67571)
(1.87408 0 1.67643)
(1.97773 0 1.67719)
(2.08338 0 1.678)
(0.862655 0 1.75698)
(0.94516 0 1.75725)
(1.02945 0 1.75755)
(1.11557 0 1.75791)
(1.20354 0 1.75831)
(1.29339 0 1.75875)
(1.38515 0 1.75924)
(1.47886 0 1.75977)
(1.57452 0 1.76035)
(1.67217 0 1.76097)
(1.77181 0 1.76163)
(1.87346 0 1.76234)
(1.97712 0 1.76309)
(2.0828 0 1.76389)
(2.19049 0 1.76473)
(2.30019 0 1.76563)
(0.861487 0 1.84519)
(0.944043 0 1.84544)
(1.02839 0 1.84573)
(1.11455 0 1.84607)
(1.20257 0 1.84645)
(1.29246 0 1.84688)
(1.38427 0 1.84735)
(1.47801 0 1.84786)
(1.5737 0 1.84842)
(1.67137 0 1.84902)
(1.77104 0 1.84967)
(1.87271 0 1.85036)
(1.9764 0 1.8511)
(2.08211 0 1.85188)
(2.18984 0 1.85271)
(2.29959 0 1.8536)
(2.41135 0 1.85455)
(0.860186 0 1.93554)
(0.94279 0 1.93579)
(1.02718 0 1.93607)
(1.11339 0 1.9364)
(1.20145 0 1.93676)
(1.29139 0 1.93717)
(1.38324 0 1.93762)
(1.47702 0 1.93812)
(1.57274 0 1.93866)
(1.67045 0 1.93924)
(1.77015 0 1.93987)
(1.87185 0 1.94054)
(1.97558 0 1.94126)
(2.08133 0 1.94203)
(2.1891 0 1.94285)
(2.29891 0 1.94373)
(2.41073 0 1.94466)
(2.52457 0 1.94567)
(2.64041 0 1.94675)
(0.858764 0 2.02811)
(0.94141 0 2.02835)
(1.02584 0 2.02862)
(1.1121 0 2.02893)
(1.2002 0 2.02928)
(1.29019 0 2.02968)
(1.38208 0 2.03011)
(1.4759 0 2.03059)
(1.57166 0 2.03111)
(1.6694 0 2.03168)
(1.76914 0 2.03229)
(1.87088 0 2.03294)
(1.97465 0 2.03364)
(2.08045 0 2.03439)
(2.18828 0 2.03519)
(2.29815 0 2.03605)
(2.41005 0 2.03697)
(2.52398 0 2.03796)
(2.63993 0 2.03903)
(2.75788 0 2.04018)
(0.857234 0 2.12294)
(0.939917 0 2.12317)
(1.02439 0 2.12343)
(1.11069 0 2.12373)
(1.19883 0 2.12407)
(1.28885 0 2.12445)
(1.38079 0 2.12487)
(1.47465 0 2.12533)
(1.57046 0 2.12583)
(1.66824 0 2.12638)
(1.76802 0 2.12697)
(1.86981 0 2.1276)
(1.97362 0 2.12828)
(2.07948 0 2.12901)
(2.18737 0 2.1298)
(2.29732 0 2.13064)
(2.40931 0 2.13154)
(2.52334 0 2.13251)
(2.63941 0 2.13355)
(2.7575 0 2.13468)
(2.87761 0 2.13591)
(0.855608 0 2.2201)
(0.938323 0 2.22031)
(1.02283 0 2.22056)
(1.10916 0 2.22085)
(1.19735 0 2.22118)
(1.28741 0 2.22154)
(1.37938 0 2.22194)
(1.47329 0 2.22239)
(1.56915 0 2.22287)
(1.66698 0 2.2234)
(1.7668 0 2.22397)
(1.86864 0 2.22458)
(1.97251 0 2.22524)
(2.07842 0 2.22595)
(2.18639 0 2.22672)
(2.29641 0 2.22753)
(2.4085 0 2.22841)
(2.52264 0 2.22936)
(2.63885 0 2.23038)
(2.7571 0 2.23148)
(2.87739 0 2.23268)
(3 0 2.23395)
(0.853896 0 2.31963)
(0.936642 0 2.31983)
(1.02118 0 2.32008)
(1.10755 0 2.32035)
(1.19577 0 2.32066)
(1.28587 0 2.32101)
(1.37788 0 2.3214)
(1.47183 0 2.32182)
(1.56774 0 2.32229)
(1.66562 0 2.3228)
(1.7655 0 2.32335)
(1.86739 0 2.32394)
(1.97132 0 2.32458)
(2.0773 0 2.32527)
(2.18534 0 2.326)
(2.29545 0 2.3268)
(2.40764 0 2.32765)
(2.5219 0 2.32857)
(2.63825 0 2.32955)
(2.75667 0 2.33062)
(2.87716 0 2.33178)
(3 0 2.33302)
(0.852115 0 2.42159)
(0.934887 0 2.42179)
(1.01946 0 2.42202)
(1.10585 0 2.42229)
(1.19411 0 2.42259)
(1.28425 0 2.42292)
(1.3763 0 2.42329)
(1.47029 0 2.4237)
(1.56624 0 2.42415)
(1.66418 0 2.42463)
(1.76411 0 2.42516)
(1.86606 0 2.42573)
(1.97005 0 2.42635)
(2.0761 0 2.42701)
(2.18422 0 2.42772)
(2.29443 0 2.42848)
(2.40673 0 2.42931)
(2.52112 0 2.43019)
(2.63762 0 2.43115)
(2.75622 0 2.43218)
(2.87692 0 2.4333)
(3 0 2.43448)
(0.85028 0 2.52606)
(0.933075 0 2.52625)
(1.01767 0 2.52647)
(1.1041 0 2.52672)
(1.19238 0 2.52701)
(1.28256 0 2.52733)
(1.37465 0 2.52768)
(1.46868 0 2.52807)
(1.56467 0 2.5285)
(1.66266 0 2.52896)
(1.76265 0 2.52947)
(1.86467 0 2.53001)
(1.96873 0 2.5306)
(2.07486 0 2.53124)
(2.18306 0 2.53192)
(2.29337 0 2.53265)
(2.40578 0 2.53344)
(2.52031 0 2.53429)
(2.63697 0 2.53521)
(2.75576 0 2.5362)
(2.87668 0 2.53727)
(3 0 2.5384)
(0.848409 0 2.63309)
(0.931224 0 2.63327)
(1.01584 0 2.63348)
(1.1023 0 2.63372)
(1.19061 0 2.63399)
(1.28082 0 2.63429)
(1.37295 0 2.63463)
(1.46702 0 2.635)
(1.56306 0 2.63541)
(1.6611 0 2.63585)
(1.76115 0 2.63633)
(1.86324 0 2.63685)
(1.96737 0 2.63741)
(2.07357 0 2.63802)
(2.18187 0 2.63867)
(2.29227 0 2.63937)
(2.40481 0 2.64012)
(2.51948 0 2.64093)
(2.6363 0 2.6418)
(2.75528 0 2.64274)
(2.87642 0 2.64376)
(3 0 2.64484)
(0.846522 0 2.74274)
(0.929355 0 2.74291)
(1.014 0 2.74311)
(1.10047 0 2.74334)
(1.18882 0 2.7436)
(1.27906 0 2.74388)
(1.37122 0 2.7442)
(1.46533 0 2.74455)
(1.56141 0 2.74494)
(1.6595 0 2.74536)
(1.75961 0 2.74581)
(1.86177 0 2.7463)
(1.96598 0 2.74683)
(2.07226 0 2.74741)
(2.18065 0 2.74802)
(2.29116 0 2.74868)
(2.40381 0 2.7494)
(2.51863 0 2.75016)
(2.63561 0 2.75098)
(2.75479 0 2.75187)
(2.87616 0 2.75283)
(3 0 2.75384)
(0.844641 0 2.85509)
(0.92749 0 2.85525)
(1.01215 0 2.85544)
(1.09865 0 2.85566)
(1.18702 0 2.8559)
(1.27729 0 2.85617)
(1.36948 0 2.85646)
(1.46363 0 2.85679)
(1.55976 0 2.85715)
(1.6579 0 2.85755)
(1.75806 0 2.85797)
(1.86028 0 2.85843)
(1.96457 0 2.85893)
(2.07094 0 2.85947)
(2.17942 0 2.86005)
(2.29004 0 2.86067)
(2.40281 0 2.86133)
(2.51777 0 2.86205)
(2.63493 0 2.86282)
(2.7543 0 2.86365)
(2.8759 0 2.86454)
(3 0 2.86549)
(0.842791 0 2.97021)
(0.925655 0 2.97036)
(1.01033 0 2.97053)
(1.09685 0 2.97073)
(1.18525 0 2.97096)
(1.27554 0 2.97121)
(1.36777 0 2.97148)
(1.46195 0 2.97179)
(1.55812 0 2.97213)
(1.6563 0 2.97249)
(1.75653 0 2.97289)
(1.85881 0 2.97331)
(1.96317 0 2.97378)
(2.06963 0 2.97427)
(2.1782 0 2.97481)
(2.28892 0 2.97538)
(2.40182 0 2.976)
(2.51692 0 2.97666)
(2.63424 0 2.97738)
(2.75381 0 2.97814)
(2.87565 0 2.97896)
(3 0 2.97983)
(0.841001 0 3.08816)
(0.923877 0 3.0883)
(1.00857 0 3.08846)
(1.09511 0 3.08864)
(1.18352 0 3.08885)
(1.27384 0 3.08908)
(1.3661 0 3.08933)
(1.46032 0 3.08961)
(1.55653 0 3.08992)
(1.65475 0 3.09026)
(1.75503 0 3.09062)
(1.85737 0 3.09101)
(1.96181 0 3.09143)
(2.06835 0 3.09189)
(2.17702 0 3.09238)
(2.28784 0 3.0929)
(2.40086 0 3.09347)
(2.5161 0 3.09407)
(2.63358 0 3.09472)
(2.75334 0 3.09541)
(2.8754 0 3.09616)
(3 0 3.09695)
(0.839302 0 3.20902)
(0.922188 0 3.20915)
(1.00689 0 3.20929)
(1.09345 0 3.20946)
(1.18188 0 3.20965)
(1.27223 0 3.20985)
(1.36451 0 3.21008)
(1.45876 0 3.21034)
(1.555 0 3.21061)
(1.65327 0 3.21092)
(1.7536 0 3.21124)
(1.856 0 3.21159)
(1.9605 0 3.21197)
(2.06712 0 3.21238)
(2.17588 0 3.21282)
(2.2868 0 3.21329)
(2.39994 0 3.21379)
(2.51531 0 3.21433)
(2.63295 0 3.21491)
(2.75289 0 3.21553)
(2.87516 0 3.21619)
(3 0 3.21689)
(0.83773 0 3.33288)
(0.920625 0 3.33299)
(1.00534 0 3.33312)
(1.09191 0 3.33326)
(1.18036 0 3.33343)
(1.27072 0 3.33361)
(1.36303 0 3.33381)
(1.45731 0 3.33404)
(1.55359 0 3.33428)
(1.6519 0 3.33454)
(1.75226 0 3.33483)
(1.85471 0 3.33514)
(1.95928 0 3.33547)
(2.06597 0 3.33582)
(2.17482 0 3.33621)
(2.28584 0 3.33662)
(2.39908 0 3.33705)
(2.51457 0 3.33752)
(2.63235 0 3.33802)
(2.75246 0 3.33856)
(2.87493 0 3.33913)
(3 0 3.33974)
(0.836325 0 3.45981)
(0.919227 0 3.4599)
(1.00395 0 3.46001)
(1.09053 0 3.46014)
(1.179 0 3.46027)
(1.26938 0 3.46043)
(1.36171 0 3.4606)
(1.45601 0 3.46079)
(1.55232 0 3.46099)
(1.65066 0 3.46122)
(1.75107 0 3.46146)
(1.85356 0 3.46172)
(1.95818 0 3.462)
(2.06494 0 3.4623)
(2.17386 0 3.46261)
(2.28497 0 3.46296)
(2.3983 0 3.46332)
(2.51391 0 3.46371)
(2.63182 0 3.46413)
(2.75208 0 3.46458)
(2.87473 0 3.46505)
(3 0 3.46555)
(0.835134 0 3.5899)
(0.918041 0 3.58997)
(1.00278 0 3.59006)
(1.08937 0 3.59016)
(1.17784 0 3.59027)
(1.26824 0 3.59039)
(1.36058 0 3.59053)
(1.4549 0 3.59068)
(1.55124 0 3.59084)
(1.64961 0 3.59102)
(1.75004 0 3.59121)
(1.85258 0 3.59141)
(1.95724 0 3.59163)
(2.06406 0 3.59187)
(2.17305 0 3.59212)
(2.28422 0 3.59239)
(2.39764 0 3.59268)
(2.51334 0 3.59298)
(2.63136 0 3.59331)
(2.75175 0 3.59365)
(2.87455 0 3.59402)
(3 0 3.59441)
(0.834207 0 3.72323)
(0.917119 0 3.72329)
(1.00186 0 3.72335)
(1.08845 0 3.72342)
(1.17694 0 3.7235)
(1.26735 0 3.72359)
(1.3597 0 3.72368)
(1.45404 0 3.72379)
(1.55039 0 3.7239)
(1.64878 0 3.72403)
(1.74925 0 3.72416)
(1.85181 0 3.72431)
(1.95651 0 3.72446)
(2.06336 0 3.72463)
(2.1724 0 3.7248)
(2.28364 0 3.72499)
(2.39711 0 3.72519)
(2.51289 0 3.7254)
(2.631 0 3.72563)
(2.75149 0 3.72587)
(2.87441 0 3.72612)
(3 0 3.72639)
(0.833605 0 3.85992)
(0.916519 0 3.85995)
(1.00126 0 3.85998)
(1.08786 0 3.86002)
(1.17635 0 3.86006)
(1.26677 0 3.8601)
(1.35913 0 3.86016)
(1.45348 0 3.86021)
(1.54984 0 3.86027)
(1.64824 0 3.86034)
(1.74872 0 3.86041)
(1.85131 0 3.86048)
(1.95602 0 3.86056)
(2.0629 0 3.86065)
(2.17197 0 3.86074)
(2.28325 0 3.86084)
(2.39677 0 3.86094)
(2.51259 0 3.86105)
(2.63075 0 3.86117)
(2.75131 0 3.86129)
(2.87432 0 3.86142)
(3 0 3.86156)
(0.833392 0 4)
(0.916307 0 4)
(1.00105 0 4)
(1.08765 0 4)
(1.17615 0 4)
(1.26656 0 4)
(1.35893 0 4)
(1.45328 0 4)
(1.54964 0 4)
(1.64805 0 4)
(1.74854 0 4)
(1.85113 0 4)
(1.95585 0 4)
(2.06274 0 4)
(2.17182 0 4)
(2.28312 0 4)
(2.39665 0 4)
(2.51248 0 4)
(2.63067 0 4)
(2.75125 0 4)
(2.87429 0 4)
(3 0 4)
)


// ************************************************************************* //
