/*--------------------------------*- C++ -*----------------------------------*\
| =========                 |                                                 |
| \\      /  F ield         | OpenFOAM: The Open Source CFD Toolbox           |
|  \\    /   O peration     | Version:  dev                                   |
|   \\  /    A nd           | Web:      www.OpenFOAM.org                      |
|    \\/     M anipulation  |                                                 |
\*---------------------------------------------------------------------------*/
FoamFile
{
    version     2.0;
    format      ascii;
    class       vectorField;
    location    "3.49/polyMesh";
    object      points;
}
// * * * * * * * * * * * * * * * * * * * * * * * * * * * * * * * * * * * * * //


1030
(
(-3 0.3 0)
(-2.85963 0.3 0)
(-2.72288 0.3 0)
(-2.58976 0.3 0)
(-2.46017 0.3 0)
(-2.33401 0.3 0)
(-2.21116 0.3 0)
(-2.09153 0.3 0)
(-1.97503 0.3 0)
(-1.86157 0.3 0)
(-1.75106 0.3 0)
(-1.64343 0.3 0)
(-1.5386 0.3 0)
(-1.43649 0.3 0)
(-1.33704 0.3 0)
(-1.24017 0.3 0)
(-1.14583 0.3 0)
(-1.05394 0.3 0)
(-0.964453 0.3 0)
(-0.877293 0.3 0)
(-0.792397 0.3 0)
(-0.709696 0.3 0)
(-3 0.3 0.0666667)
(-2.85963 0.3 0.0666688)
(-2.72287 0.3 0.0666709)
(-2.58976 0.3 0.0666731)
(-2.46016 0.3 0.0666756)
(-2.33399 0.3 0.0666783)
(-2.21114 0.3 0.0666816)
(-2.09151 0.3 0.0666854)
(-1.975 0.3 0.0666898)
(-1.86154 0.3 0.0666952)
(-1.75102 0.3 0.0667014)
(-1.64338 0.3 0.0667089)
(-1.53854 0.3 0.0667176)
(-1.43643 0.3 0.0667279)
(-1.33696 0.3 0.0667399)
(-1.24009 0.3 0.066754)
(-1.14573 0.3 0.0667704)
(-1.05383 0.3 0.0667894)
(-0.964319 0.3 0.0668115)
(-0.877138 0.3 0.0668368)
(-0.792218 0.3 0.0668659)
(-0.709491 0.3 0.0668993)
(-3 0.3 0.133333)
(-2.85962 0.3 0.133338)
(-2.72286 0.3 0.133342)
(-2.58973 0.3 0.133346)
(-2.46013 0.3 0.133351)
(-2.33395 0.3 0.133356)
(-2.21109 0.3 0.133363)
(-2.09144 0.3 0.13337)
(-1.97493 0.3 0.133379)
(-1.86144 0.3 0.13339)
(-1.75091 0.3 0.133402)
(-1.64325 0.3 0.133417)
(-1.53839 0.3 0.133434)
(-1.43624 0.3 0.133454)
(-1.33675 0.3 0.133478)
(-1.23983 0.3 0.133506)
(-1.14543 0.3 0.133538)
(-1.05349 0.3 0.133575)
(-0.96392 0.3 0.133619)
(-0.876676 0.3 0.133668)
(-0.791687 0.3 0.133725)
(-0.708882 0.3 0.13379)
(-3 0.3 0.2)
(-2.85961 0.3 0.200006)
(-2.72283 0.3 0.200012)
(-2.58969 0.3 0.200019)
(-2.46008 0.3 0.200026)
(-2.33389 0.3 0.200034)
(-2.21101 0.3 0.200043)
(-2.09134 0.3 0.200055)
(-1.9748 0.3 0.200068)
(-1.86129 0.3 0.200083)
(-1.75073 0.3 0.200101)
(-1.64304 0.3 0.200123)
(-1.53814 0.3 0.200148)
(-1.43594 0.3 0.200178)
(-1.3364 0.3 0.200213)
(-1.23942 0.3 0.200253)
(-1.14495 0.3 0.2003)
(-1.05292 0.3 0.200354)
(-0.963266 0.3 0.200417)
(-0.87592 0.3 0.200489)
(-0.790816 0.3 0.200571)
(-0.707885 0.3 0.200664)
(-3 0.3 0.266667)
(-2.85959 0.3 0.266675)
(-2.7228 0.3 0.266683)
(-2.58964 0.3 0.266691)
(-2.46001 0.3 0.2667)
(-2.33379 0.3 0.266711)
(-2.21089 0.3 0.266723)
(-2.0912 0.3 0.266738)
(-1.97463 0.3 0.266755)
(-1.86109 0.3 0.266775)
(-1.75049 0.3 0.266798)
(-1.64275 0.3 0.266826)
(-1.53779 0.3 0.266859)
(-1.43553 0.3 0.266897)
(-1.33591 0.3 0.266942)
(-1.23885 0.3 0.266994)
(-1.14429 0.3 0.267054)
(-1.05215 0.3 0.267123)
(-0.962371 0.3 0.267203)
(-0.874886 0.3 0.267295)
(-0.789627 0.3 0.267398)
(-0.706525 0.3 0.267515)
(-3 0.3 0.333333)
(-2.85957 0.3 0.333343)
(-2.72275 0.3 0.333353)
(-2.58957 0.3 0.333363)
(-2.45992 0.3 0.333374)
(-2.33368 0.3 0.333387)
(-2.21074 0.3 0.333402)
(-2.09102 0.3 0.333419)
(-1.97441 0.3 0.33344)
(-1.86083 0.3 0.333464)
(-1.75018 0.3 0.333492)
(-1.64238 0.3 0.333526)
(-1.53735 0.3 0.333565)
(-1.43502 0.3 0.333611)
(-1.33531 0.3 0.333664)
(-1.23814 0.3 0.333726)
(-1.14346 0.3 0.333797)
(-1.05119 0.3 0.333879)
(-0.961257 0.3 0.333974)
(-0.873601 0.3 0.334081)
(-0.788152 0.3 0.334202)
(-0.704839 0.3 0.334337)
(-3 0.3 0.4)
(-2.85954 0.3 0.400011)
(-2.7227 0.3 0.400023)
(-2.58949 0.3 0.400034)
(-2.45981 0.3 0.400047)
(-2.33354 0.3 0.400062)
(-2.21057 0.3 0.400079)
(-2.09081 0.3 0.400099)
(-1.97416 0.3 0.400123)
(-1.86052 0.3 0.40015)
(-1.74981 0.3 0.400183)
(-1.64194 0.3 0.400221)
(-1.53683 0.3 0.400266)
(-1.43441 0.3 0.400318)
(-1.33459 0.3 0.400378)
(-1.23731 0.3 0.400448)
(-1.14249 0.3 0.400528)
(-1.05006 0.3 0.40062)
(-0.959952 0.3 0.400725)
(-0.872098 0.3 0.400844)
(-0.786428 0.3 0.400978)
(-0.702872 0.3 0.401126)
(-3 0.3 0.466667)
(-2.85951 0.3 0.466679)
(-2.72264 0.3 0.466692)
(-2.5894 0.3 0.466705)
(-2.45969 0.3 0.466719)
(-2.33338 0.3 0.466736)
(-2.21037 0.3 0.466755)
(-2.09057 0.3 0.466777)
(-1.97386 0.3 0.466803)
(-1.86017 0.3 0.466834)
(-1.74939 0.3 0.466869)
(-1.64144 0.3 0.466911)
(-1.53625 0.3 0.46696)
(-1.43372 0.3 0.467017)
(-1.33379 0.3 0.467083)
(-1.23637 0.3 0.467158)
(-1.1414 0.3 0.467245)
(-1.04879 0.3 0.467344)
(-0.958488 0.3 0.467457)
(-0.870413 0.3 0.467583)
(-0.784498 0.3 0.467724)
(-0.700675 0.3 0.46788)
(-3 0.3 0.533333)
(-2.85948 0.3 0.533347)
(-2.72257 0.3 0.533361)
(-2.5893 0.3 0.533375)
(-2.45955 0.3 0.53339)
(-2.3332 0.3 0.533408)
(-2.21015 0.3 0.533429)
(-2.0903 0.3 0.533452)
(-1.97354 0.3 0.533481)
(-1.85978 0.3 0.533513)
(-1.74892 0.3 0.533552)
(-1.6409 0.3 0.533596)
(-1.5356 0.3 0.533648)
(-1.43297 0.3 0.533708)
(-1.33291 0.3 0.533778)
(-1.23534 0.3 0.533857)
(-1.1402 0.3 0.533947)
(-1.04741 0.3 0.53405)
(-0.956899 0.3 0.534166)
(-0.86859 0.3 0.534296)
(-0.782415 0.3 0.534439)
(-0.698305 0.3 0.534597)
(-3 0.3 0.6)
(-2.85944 0.3 0.600014)
(-2.7225 0.3 0.600029)
(-2.58919 0.3 0.600044)
(-2.4594 0.3 0.60006)
(-2.33301 0.3 0.600079)
(-2.20991 0.3 0.600101)
(-2.09001 0.3 0.600126)
(-1.97319 0.3 0.600155)
(-1.85936 0.3 0.600189)
(-1.74843 0.3 0.600229)
(-1.64031 0.3 0.600276)
(-1.53491 0.3 0.600329)
(-1.43216 0.3 0.600391)
(-1.33197 0.3 0.600462)
(-1.23425 0.3 0.600543)
(-1.13894 0.3 0.600634)
(-1.04596 0.3 0.600737)
(-0.955226 0.3 0.600853)
(-0.866674 0.3 0.600982)
(-0.78023 0.3 0.601123)
(-0.695827 0.3 0.601277)
(-3 0.3 0.666667)
(-2.8594 0.3 0.666682)
(-2.72242 0.3 0.666697)
(-2.58907 0.3 0.666712)
(-2.45924 0.3 0.666729)
(-2.33281 0.3 0.666748)
(-2.20966 0.3 0.66677)
(-2.0897 0.3 0.666796)
(-1.97281 0.3 0.666826)
(-1.85891 0.3 0.666862)
(-1.7479 0.3 0.666902)
(-1.63969 0.3 0.666949)
(-1.53419 0.3 0.667003)
(-1.43132 0.3 0.667065)
(-1.33099 0.3 0.667136)
(-1.23312 0.3 0.667216)
(-1.13764 0.3 0.667306)
(-1.04446 0.3 0.667406)
(-0.953508 0.3 0.667518)
(-0.864714 0.3 0.667642)
(-0.778003 0.3 0.667777)
(-0.693305 0.3 0.667922)
(-3 0.3 0.733333)
(-2.85936 0.3 0.733348)
(-2.72234 0.3 0.733364)
(-2.58895 0.3 0.733379)
(-2.45908 0.3 0.733396)
(-2.3326 0.3 0.733416)
(-2.2094 0.3 0.733438)
(-2.08938 0.3 0.733464)
(-1.97243 0.3 0.733495)
(-1.85845 0.3 0.73353)
(-1.74736 0.3 0.73357)
(-1.63905 0.3 0.733617)
(-1.53345 0.3 0.73367)
(-1.43045 0.3 0.733731)
(-1.32999 0.3 0.733799)
(-1.23197 0.3 0.733876)
(-1.13632 0.3 0.733962)
(-1.04295 0.3 0.734058)
(-0.951786 0.3 0.734163)
(-0.862758 0.3 0.734277)
(-0.775789 0.3 0.734401)
(-0.690809 0.3 0.734533)
(-3 0.3 0.8)
(-2.85932 0.3 0.800015)
(-2.72225 0.3 0.80003)
(-2.58883 0.3 0.800045)
(-2.45891 0.3 0.800063)
(-2.33238 0.3 0.800082)
(-2.20913 0.3 0.800104)
(-2.08905 0.3 0.80013)
(-1.97203 0.3 0.80016)
(-1.85798 0.3 0.800194)
(-1.74681 0.3 0.800234)
(-1.63841 0.3 0.800279)
(-1.5327 0.3 0.80033)
(-1.42959 0.3 0.800388)
(-1.32899 0.3 0.800453)
(-1.23082 0.3 0.800525)
(-1.13501 0.3 0.800605)
(-1.04146 0.3 0.800693)
(-0.9501 0.3 0.800788)
(-0.860853 0.3 0.800891)
(-0.773646 0.3 0.801)
(-0.688407 0.3 0.801114)
(-3 0.3 0.866667)
(-2.85927 0.3 0.866681)
(-2.72217 0.3 0.866696)
(-2.5887 0.3 0.866711)
(-2.45873 0.3 0.866727)
(-2.33216 0.3 0.866746)
(-2.20885 0.3 0.866768)
(-2.08871 0.3 0.866793)
(-1.97163 0.3 0.866822)
(-1.85751 0.3 0.866855)
(-1.74625 0.3 0.866892)
(-1.63776 0.3 0.866935)
(-1.53195 0.3 0.866984)
(-1.42873 0.3 0.867038)
(-1.32801 0.3 0.867098)
(-1.22971 0.3 0.867164)
(-1.13374 0.3 0.867236)
(-1.04002 0.3 0.867314)
(-0.948486 0.3 0.867397)
(-0.859045 0.3 0.867484)
(-0.771627 0.3 0.867576)
(-0.686163 0.3 0.86767)
(-3 0.3 0.933333)
(-2.85923 0.3 0.933347)
(-2.72208 0.3 0.933361)
(-2.58857 0.3 0.933375)
(-2.45856 0.3 0.933391)
(-2.33194 0.3 0.933409)
(-2.20858 0.3 0.93343)
(-2.08838 0.3 0.933453)
(-1.97124 0.3 0.933481)
(-1.85705 0.3 0.933512)
(-1.74571 0.3 0.933547)
(-1.63713 0.3 0.933587)
(-1.53122 0.3 0.933631)
(-1.4279 0.3 0.933681)
(-1.32706 0.3 0.933734)
(-1.22863 0.3 0.933793)
(-1.13253 0.3 0.933856)
(-1.03867 0.3 0.933922)
(-0.946976 0.3 0.933991)
(-0.85737 0.3 0.934062)
(-0.769779 0.3 0.934134)
(-0.684133 0.3 0.934205)
(-3 0.3 1)
(-2.85919 0.3 1.00001)
(-2.722 0.3 1.00003)
(-2.58844 0.3 1.00004)
(-2.45839 0.3 1.00005)
(-2.33172 0.3 1.00007)
(-2.20831 0.3 1.00009)
(-2.08806 0.3 1.00011)
(-1.97085 0.3 1.00014)
(-1.85659 0.3 1.00017)
(-1.74518 0.3 1.0002)
(-1.63652 0.3 1.00023)
(-1.53052 0.3 1.00027)
(-1.42709 0.3 1.00032)
(-1.32615 0.3 1.00036)
(-1.22761 0.3 1.00041)
(-1.13139 0.3 1.00047)
(-1.03741 0.3 1.00052)
(-0.945587 0.3 1.00057)
(-0.85585 0.3 1.00063)
(-0.768126 0.3 1.00068)
(-0.682348 0.3 1.00072)
(-3 0 0)
(-2.85963 0 0)
(-2.72288 0 0)
(-2.58976 0 0)
(-2.46017 0 0)
(-2.33401 0 0)
(-2.21116 0 0)
(-2.09153 0 0)
(-1.97503 0 0)
(-1.86157 0 0)
(-1.75106 0 0)
(-1.64343 0 0)
(-1.5386 0 0)
(-1.43649 0 0)
(-1.33704 0 0)
(-1.24017 0 0)
(-1.14583 0 0)
(-1.05394 0 0)
(-0.964453 0 0)
(-0.877293 0 0)
(-0.792397 0 0)
(-0.709696 0 0)
(-3 0 0.0666667)
(-2.85963 0 0.0666688)
(-2.72287 0 0.0666709)
(-2.58976 0 0.0666731)
(-2.46016 0 0.0666756)
(-2.33399 0 0.0666783)
(-2.21114 0 0.0666816)
(-2.09151 0 0.0666854)
(-1.975 0 0.0666898)
(-1.86154 0 0.0666952)
(-1.75102 0 0.0667014)
(-1.64338 0 0.0667089)
(-1.53854 0 0.0667176)
(-1.43643 0 0.0667279)
(-1.33696 0 0.0667399)
(-1.24009 0 0.066754)
(-1.14573 0 0.0667704)
(-1.05383 0 0.0667894)
(-0.964319 0 0.0668115)
(-0.877138 0 0.0668368)
(-0.792218 0 0.0668659)
(-0.709491 0 0.0668993)
(-3 0 0.133333)
(-2.85962 0 0.133338)
(-2.72286 0 0.133342)
(-2.58973 0 0.133346)
(-2.46013 0 0.133351)
(-2.33395 0 0.133356)
(-2.21109 0 0.133363)
(-2.09144 0 0.13337)
(-1.97493 0 0.133379)
(-1.86144 0 0.13339)
(-1.75091 0 0.133402)
(-1.64325 0 0.133417)
(-1.53839 0 0.133434)
(-1.43624 0 0.133454)
(-1.33675 0 0.133478)
(-1.23983 0 0.133506)
(-1.14543 0 0.133538)
(-1.05349 0 0.133575)
(-0.96392 0 0.133619)
(-0.876676 0 0.133668)
(-0.791687 0 0.133725)
(-0.708882 0 0.13379)
(-3 0 0.2)
(-2.85961 0 0.200006)
(-2.72283 0 0.200012)
(-2.58969 0 0.200019)
(-2.46008 0 0.200026)
(-2.33389 0 0.200034)
(-2.21101 0 0.200043)
(-2.09134 0 0.200055)
(-1.9748 0 0.200068)
(-1.86129 0 0.200083)
(-1.75073 0 0.200101)
(-1.64304 0 0.200123)
(-1.53814 0 0.200148)
(-1.43594 0 0.200178)
(-1.3364 0 0.200213)
(-1.23942 0 0.200253)
(-1.14495 0 0.2003)
(-1.05292 0 0.200354)
(-0.963266 0 0.200417)
(-0.87592 0 0.200489)
(-0.790816 0 0.200571)
(-0.707885 0 0.200664)
(-3 0 0.266667)
(-2.85959 0 0.266675)
(-2.7228 0 0.266683)
(-2.58964 0 0.266691)
(-2.46001 0 0.2667)
(-2.33379 0 0.266711)
(-2.21089 0 0.266723)
(-2.0912 0 0.266738)
(-1.97463 0 0.266755)
(-1.86109 0 0.266775)
(-1.75049 0 0.266798)
(-1.64275 0 0.266826)
(-1.53779 0 0.266859)
(-1.43553 0 0.266897)
(-1.33591 0 0.266942)
(-1.23885 0 0.266994)
(-1.14429 0 0.267054)
(-1.05215 0 0.267123)
(-0.962371 0 0.267203)
(-0.874886 0 0.267295)
(-0.789627 0 0.267398)
(-0.706525 0 0.267515)
(-3 0 0.333333)
(-2.85957 0 0.333343)
(-2.72275 0 0.333353)
(-2.58957 0 0.333363)
(-2.45992 0 0.333374)
(-2.33368 0 0.333387)
(-2.21074 0 0.333402)
(-2.09102 0 0.333419)
(-1.97441 0 0.33344)
(-1.86083 0 0.333464)
(-1.75018 0 0.333492)
(-1.64238 0 0.333526)
(-1.53735 0 0.333565)
(-1.43502 0 0.333611)
(-1.33531 0 0.333664)
(-1.23814 0 0.333726)
(-1.14346 0 0.333797)
(-1.05119 0 0.333879)
(-0.961257 0 0.333974)
(-0.873601 0 0.334081)
(-0.788152 0 0.334202)
(-0.704839 0 0.334337)
(-3 0 0.4)
(-2.85954 0 0.400011)
(-2.7227 0 0.400023)
(-2.58949 0 0.400034)
(-2.45981 0 0.400047)
(-2.33354 0 0.400062)
(-2.21057 0 0.400079)
(-2.09081 0 0.400099)
(-1.97416 0 0.400123)
(-1.86052 0 0.40015)
(-1.74981 0 0.400183)
(-1.64194 0 0.400221)
(-1.53683 0 0.400266)
(-1.43441 0 0.400318)
(-1.33459 0 0.400378)
(-1.23731 0 0.400448)
(-1.14249 0 0.400528)
(-1.05006 0 0.40062)
(-0.959952 0 0.400725)
(-0.872098 0 0.400844)
(-0.786428 0 0.400978)
(-0.702872 0 0.401126)
(-3 0 0.466667)
(-2.85951 0 0.466679)
(-2.72264 0 0.466692)
(-2.5894 0 0.466705)
(-2.45969 0 0.466719)
(-2.33338 0 0.466736)
(-2.21037 0 0.466755)
(-2.09057 0 0.466777)
(-1.97386 0 0.466803)
(-1.86017 0 0.466834)
(-1.74939 0 0.466869)
(-1.64144 0 0.466911)
(-1.53625 0 0.46696)
(-1.43372 0 0.467017)
(-1.33379 0 0.467083)
(-1.23637 0 0.467158)
(-1.1414 0 0.467245)
(-1.04879 0 0.467344)
(-0.958488 0 0.467457)
(-0.870413 0 0.467583)
(-0.784498 0 0.467724)
(-0.700675 0 0.46788)
(-3 0 0.533333)
(-2.85948 0 0.533347)
(-2.72257 0 0.533361)
(-2.5893 0 0.533375)
(-2.45955 0 0.53339)
(-2.3332 0 0.533408)
(-2.21015 0 0.533429)
(-2.0903 0 0.533452)
(-1.97354 0 0.533481)
(-1.85978 0 0.533513)
(-1.74892 0 0.533552)
(-1.6409 0 0.533596)
(-1.5356 0 0.533648)
(-1.43297 0 0.533708)
(-1.33291 0 0.533778)
(-1.23534 0 0.533857)
(-1.1402 0 0.533947)
(-1.04741 0 0.53405)
(-0.956899 0 0.534166)
(-0.86859 0 0.534296)
(-0.782415 0 0.534439)
(-0.698305 0 0.534597)
(-3 0 0.6)
(-2.85944 0 0.600014)
(-2.7225 0 0.600029)
(-2.58919 0 0.600044)
(-2.4594 0 0.60006)
(-2.33301 0 0.600079)
(-2.20991 0 0.600101)
(-2.09001 0 0.600126)
(-1.97319 0 0.600155)
(-1.85936 0 0.600189)
(-1.74843 0 0.600229)
(-1.64031 0 0.600276)
(-1.53491 0 0.600329)
(-1.43216 0 0.600391)
(-1.33197 0 0.600462)
(-1.23425 0 0.600543)
(-1.13894 0 0.600634)
(-1.04596 0 0.600737)
(-0.955226 0 0.600853)
(-0.866674 0 0.600982)
(-0.78023 0 0.601123)
(-0.695827 0 0.601277)
(-3 0 0.666667)
(-2.8594 0 0.666682)
(-2.72242 0 0.666697)
(-2.58907 0 0.666712)
(-2.45924 0 0.666729)
(-2.33281 0 0.666748)
(-2.20966 0 0.66677)
(-2.0897 0 0.666796)
(-1.97281 0 0.666826)
(-1.85891 0 0.666862)
(-1.7479 0 0.666902)
(-1.63969 0 0.666949)
(-1.53419 0 0.667003)
(-1.43132 0 0.667065)
(-1.33099 0 0.667136)
(-1.23312 0 0.667216)
(-1.13764 0 0.667306)
(-1.04446 0 0.667406)
(-0.953508 0 0.667518)
(-0.864714 0 0.667642)
(-0.778003 0 0.667777)
(-0.693305 0 0.667922)
(-3 0 0.733333)
(-2.85936 0 0.733348)
(-2.72234 0 0.733364)
(-2.58895 0 0.733379)
(-2.45908 0 0.733396)
(-2.3326 0 0.733416)
(-2.2094 0 0.733438)
(-2.08938 0 0.733464)
(-1.97243 0 0.733495)
(-1.85845 0 0.73353)
(-1.74736 0 0.73357)
(-1.63905 0 0.733617)
(-1.53345 0 0.73367)
(-1.43045 0 0.733731)
(-1.32999 0 0.733799)
(-1.23197 0 0.733876)
(-1.13632 0 0.733962)
(-1.04295 0 0.734058)
(-0.951786 0 0.734163)
(-0.862758 0 0.734277)
(-0.775789 0 0.734401)
(-0.690809 0 0.734533)
(-3 0 0.8)
(-2.85932 0 0.800015)
(-2.72225 0 0.80003)
(-2.58883 0 0.800045)
(-2.45891 0 0.800063)
(-2.33238 0 0.800082)
(-2.20913 0 0.800104)
(-2.08905 0 0.80013)
(-1.97203 0 0.80016)
(-1.85798 0 0.800194)
(-1.74681 0 0.800234)
(-1.63841 0 0.800279)
(-1.5327 0 0.80033)
(-1.42959 0 0.800388)
(-1.32899 0 0.800453)
(-1.23082 0 0.800525)
(-1.13501 0 0.800605)
(-1.04146 0 0.800693)
(-0.9501 0 0.800788)
(-0.860853 0 0.800891)
(-0.773646 0 0.801)
(-0.688407 0 0.801114)
(-3 0 0.866667)
(-2.85927 0 0.866681)
(-2.72217 0 0.866696)
(-2.5887 0 0.866711)
(-2.45873 0 0.866727)
(-2.33216 0 0.866746)
(-2.20885 0 0.866768)
(-2.08871 0 0.866793)
(-1.97163 0 0.866822)
(-1.85751 0 0.866855)
(-1.74625 0 0.866892)
(-1.63776 0 0.866935)
(-1.53195 0 0.866984)
(-1.42873 0 0.867038)
(-1.32801 0 0.867098)
(-1.22971 0 0.867164)
(-1.13374 0 0.867236)
(-1.04002 0 0.867314)
(-0.948486 0 0.867397)
(-0.859045 0 0.867484)
(-0.771627 0 0.867576)
(-0.686163 0 0.86767)
(-3 0 0.933333)
(-2.85923 0 0.933347)
(-2.72208 0 0.933361)
(-2.58857 0 0.933375)
(-2.45856 0 0.933391)
(-2.33194 0 0.933409)
(-2.20858 0 0.93343)
(-2.08838 0 0.933453)
(-1.97124 0 0.933481)
(-1.85705 0 0.933512)
(-1.74571 0 0.933547)
(-1.63713 0 0.933587)
(-1.53122 0 0.933631)
(-1.4279 0 0.933681)
(-1.32706 0 0.933734)
(-1.22863 0 0.933793)
(-1.13253 0 0.933856)
(-1.03867 0 0.933922)
(-0.946976 0 0.933991)
(-0.85737 0 0.934062)
(-0.769779 0 0.934134)
(-0.684133 0 0.934205)
(-3 0 1)
(-2.85919 0 1.00001)
(-2.722 0 1.00003)
(-2.58844 0 1.00004)
(-2.45839 0 1.00005)
(-2.33172 0 1.00007)
(-2.20831 0 1.00009)
(-2.08806 0 1.00011)
(-1.97085 0 1.00014)
(-1.85659 0 1.00017)
(-1.74518 0 1.0002)
(-1.63652 0 1.00023)
(-1.53052 0 1.00027)
(-1.42709 0 1.00032)
(-1.32615 0 1.00036)
(-1.22761 0 1.00041)
(-1.13139 0 1.00047)
(-1.03741 0 1.00052)
(-0.945587 0 1.00057)
(-0.85585 0 1.00063)
(-0.768126 0 1.00068)
(-0.682348 0 1.00072)
(-2.72191 0.3 1.06924)
(-2.58831 0.3 1.06925)
(-2.45822 0.3 1.06927)
(-2.3315 0.3 1.06928)
(-2.20804 0.3 1.0693)
(-2.08773 0.3 1.06932)
(-1.97047 0.3 1.06934)
(-1.85614 0.3 1.06937)
(-1.74466 0.3 1.0694)
(-1.63592 0.3 1.06943)
(-1.52984 0.3 1.06946)
(-1.42633 0.3 1.0695)
(-1.32529 0.3 1.06954)
(-1.22666 0.3 1.06958)
(-1.13033 0.3 1.06962)
(-1.03625 0.3 1.06966)
(-0.944325 0.3 1.0697)
(-0.85449 0.3 1.06974)
(-0.766676 0.3 1.06977)
(-0.680818 0.3 1.06979)
(-2.58819 0.3 1.14014)
(-2.45805 0.3 1.14016)
(-2.33129 0.3 1.14017)
(-2.20778 0.3 1.14018)
(-2.08742 0.3 1.1402)
(-1.97009 0.3 1.14022)
(-1.85571 0.3 1.14024)
(-1.74416 0.3 1.14027)
(-1.63535 0.3 1.14029)
(-1.52919 0.3 1.14032)
(-1.4256 0.3 1.14035)
(-1.32449 0.3 1.14038)
(-1.22577 0.3 1.14042)
(-1.12936 0.3 1.14044)
(-1.0352 0.3 1.14047)
(-0.943204 0.3 1.1405)
(-0.853306 0.3 1.14051)
(-0.765441 0.3 1.14052)
(-0.679551 0.3 1.14052)
(-2.45789 0.3 1.21276)
(-2.33109 0.3 1.21277)
(-2.20753 0.3 1.21278)
(-2.08712 0.3 1.2128)
(-1.96974 0.3 1.21281)
(-1.8553 0.3 1.21283)
(-1.74368 0.3 1.21285)
(-1.63481 0.3 1.21287)
(-1.52859 0.3 1.21289)
(-1.42493 0.3 1.21292)
(-1.32375 0.3 1.21294)
(-1.22496 0.3 1.21296)
(-1.1285 0.3 1.21298)
(-1.03428 0.3 1.21299)
(-0.942235 0.3 1.213)
(-0.852303 0.3 1.213)
(-0.764422 0.3 1.21299)
(-0.678538 0.3 1.21297)
(-2.3309 0.3 1.28712)
(-2.2073 0.3 1.28713)
(-2.08684 0.3 1.28714)
(-1.96941 0.3 1.28716)
(-1.85491 0.3 1.28717)
(-1.74325 0.3 1.28719)
(-1.63432 0.3 1.2872)
(-1.52804 0.3 1.28722)
(-1.42432 0.3 1.28723)
(-1.32309 0.3 1.28725)
(-1.22425 0.3 1.28726)
(-1.12774 0.3 1.28726)
(-1.03348 0.3 1.28727)
(-0.941418 0.3 1.28726)
(-0.851477 0.3 1.28724)
(-0.763606 0.3 1.28722)
(-0.677756 0.3 1.28718)
(-2.20708 0.3 1.36328)
(-2.08658 0.3 1.36329)
(-1.96911 0.3 1.3633)
(-1.85456 0.3 1.36331)
(-1.74285 0.3 1.36332)
(-1.63387 0.3 1.36333)
(-1.52754 0.3 1.36334)
(-1.42378 0.3 1.36334)
(-1.3225 0.3 1.36335)
(-1.22363 0.3 1.36335)
(-1.12709 0.3 1.36335)
(-1.03282 0.3 1.36334)
(-0.940748 0.3 1.36332)
(-0.850819 0.3 1.36329)
(-0.762978 0.3 1.36325)
(-0.67718 0.3 1.36319)
(-2.08635 0.3 1.44128)
(-1.96884 0.3 1.44128)
(-1.85425 0.3 1.44129)
(-1.74249 0.3 1.44129)
(-1.63348 0.3 1.44129)
(-1.52711 0.3 1.4413)
(-1.42331 0.3 1.4413)
(-1.322 0.3 1.44129)
(-1.22311 0.3 1.44128)
(-1.12656 0.3 1.44127)
(-1.03228 0.3 1.44125)
(-0.94022 0.3 1.44122)
(-0.850317 0.3 1.44118)
(-0.76252 0.3 1.44112)
(-0.676786 0.3 1.44106)
(-1.85398 0.3 1.52115)
(-1.74219 0.3 1.52115)
(-1.63314 0.3 1.52115)
(-1.52674 0.3 1.52114)
(-1.42292 0.3 1.52113)
(-1.32159 0.3 1.52112)
(-1.22268 0.3 1.52111)
(-1.12613 0.3 1.52108)
(-1.03186 0.3 1.52105)
(-0.939824 0.3 1.52101)
(-0.849958 0.3 1.52096)
(-0.762214 0.3 1.5209)
(-0.67655 0.3 1.52082)
(-1.74194 0.3 1.60294)
(-1.63286 0.3 1.60293)
(-1.52645 0.3 1.60292)
(-1.42261 0.3 1.6029)
(-1.32127 0.3 1.60289)
(-1.22236 0.3 1.60286)
(-1.12581 0.3 1.60283)
(-1.03156 0.3 1.60279)
(-0.939551 0.3 1.60274)
(-0.849729 0.3 1.60268)
(-0.762044 0.3 1.60261)
(-0.676454 0.3 1.60253)
(-1.52622 0.3 1.68668)
(-1.42237 0.3 1.68666)
(-1.32102 0.3 1.68663)
(-1.22212 0.3 1.6866)
(-1.12559 0.3 1.68656)
(-1.03136 0.3 1.68652)
(-0.939391 0.3 1.68646)
(-0.849618 0.3 1.6864)
(-0.761995 0.3 1.68632)
(-0.676476 0.3 1.68623)
(-1.32087 0.3 1.7724)
(-1.22197 0.3 1.77237)
(-1.12546 0.3 1.77232)
(-1.03127 0.3 1.77227)
(-0.939337 0.3 1.77221)
(-0.849614 0.3 1.77214)
(-0.76205 0.3 1.77206)
(-0.676599 0.3 1.77197)
(-1.22191 0.3 1.86022)
(-1.12543 0.3 1.86017)
(-1.03127 0.3 1.86011)
(-0.939378 0.3 1.86005)
(-0.849704 0.3 1.85998)
(-0.762196 0.3 1.8599)
(-0.676808 0.3 1.85981)
(-1.03135 0.3 1.95008)
(-0.939503 0.3 1.95002)
(-0.849877 0.3 1.94995)
(-0.762422 0.3 1.94987)
(-0.67709 0.3 1.94978)
(-0.850123 0.3 2.0421)
(-0.762717 0.3 2.04202)
(-0.677436 0.3 2.04194)
(-2.72191 0 1.06924)
(-2.58831 0 1.06925)
(-2.45822 0 1.06927)
(-2.3315 0 1.06928)
(-2.20804 0 1.0693)
(-2.08773 0 1.06932)
(-1.97047 0 1.06934)
(-1.85614 0 1.06937)
(-1.74466 0 1.0694)
(-1.63592 0 1.06943)
(-1.52984 0 1.06946)
(-1.42633 0 1.0695)
(-1.32529 0 1.06954)
(-1.22666 0 1.06958)
(-1.13033 0 1.06962)
(-1.03625 0 1.06966)
(-0.944325 0 1.0697)
(-0.85449 0 1.06974)
(-0.766676 0 1.06977)
(-0.680818 0 1.06979)
(-2.58819 0 1.14014)
(-2.45805 0 1.14016)
(-2.33129 0 1.14017)
(-2.20778 0 1.14018)
(-2.08742 0 1.1402)
(-1.97009 0 1.14022)
(-1.85571 0 1.14024)
(-1.74416 0 1.14027)
(-1.63535 0 1.14029)
(-1.52919 0 1.14032)
(-1.4256 0 1.14035)
(-1.32449 0 1.14038)
(-1.22577 0 1.14042)
(-1.12936 0 1.14044)
(-1.0352 0 1.14047)
(-0.943204 0 1.1405)
(-0.853306 0 1.14051)
(-0.765441 0 1.14052)
(-0.679551 0 1.14052)
(-2.45789 0 1.21276)
(-2.33109 0 1.21277)
(-2.20753 0 1.21278)
(-2.08712 0 1.2128)
(-1.96974 0 1.21281)
(-1.8553 0 1.21283)
(-1.74368 0 1.21285)
(-1.63481 0 1.21287)
(-1.52859 0 1.21289)
(-1.42493 0 1.21292)
(-1.32375 0 1.21294)
(-1.22496 0 1.21296)
(-1.1285 0 1.21298)
(-1.03428 0 1.21299)
(-0.942235 0 1.213)
(-0.852303 0 1.213)
(-0.764422 0 1.21299)
(-0.678538 0 1.21297)
(-2.3309 0 1.28712)
(-2.2073 0 1.28713)
(-2.08684 0 1.28714)
(-1.96941 0 1.28716)
(-1.85491 0 1.28717)
(-1.74325 0 1.28719)
(-1.63432 0 1.2872)
(-1.52804 0 1.28722)
(-1.42432 0 1.28723)
(-1.32309 0 1.28725)
(-1.22425 0 1.28726)
(-1.12774 0 1.28726)
(-1.03348 0 1.28727)
(-0.941418 0 1.28726)
(-0.851477 0 1.28724)
(-0.763606 0 1.28722)
(-0.677756 0 1.28718)
(-2.20708 0 1.36328)
(-2.08658 0 1.36329)
(-1.96911 0 1.3633)
(-1.85456 0 1.36331)
(-1.74285 0 1.36332)
(-1.63387 0 1.36333)
(-1.52754 0 1.36334)
(-1.42378 0 1.36334)
(-1.3225 0 1.36335)
(-1.22363 0 1.36335)
(-1.12709 0 1.36335)
(-1.03282 0 1.36334)
(-0.940748 0 1.36332)
(-0.850819 0 1.36329)
(-0.762978 0 1.36325)
(-0.67718 0 1.36319)
(-2.08635 0 1.44128)
(-1.96884 0 1.44128)
(-1.85425 0 1.44129)
(-1.74249 0 1.44129)
(-1.63348 0 1.44129)
(-1.52711 0 1.4413)
(-1.42331 0 1.4413)
(-1.322 0 1.44129)
(-1.22311 0 1.44128)
(-1.12656 0 1.44127)
(-1.03228 0 1.44125)
(-0.94022 0 1.44122)
(-0.850317 0 1.44118)
(-0.76252 0 1.44112)
(-0.676786 0 1.44106)
(-1.85398 0 1.52115)
(-1.74219 0 1.52115)
(-1.63314 0 1.52115)
(-1.52674 0 1.52114)
(-1.42292 0 1.52113)
(-1.32159 0 1.52112)
(-1.22268 0 1.52111)
(-1.12613 0 1.52108)
(-1.03186 0 1.52105)
(-0.939824 0 1.52101)
(-0.849958 0 1.52096)
(-0.762214 0 1.5209)
(-0.67655 0 1.52082)
(-1.74194 0 1.60294)
(-1.63286 0 1.60293)
(-1.52645 0 1.60292)
(-1.42261 0 1.6029)
(-1.32127 0 1.60289)
(-1.22236 0 1.60286)
(-1.12581 0 1.60283)
(-1.03156 0 1.60279)
(-0.939551 0 1.60274)
(-0.849729 0 1.60268)
(-0.762044 0 1.60261)
(-0.676454 0 1.60253)
(-1.52622 0 1.68668)
(-1.42237 0 1.68666)
(-1.32102 0 1.68663)
(-1.22212 0 1.6866)
(-1.12559 0 1.68656)
(-1.03136 0 1.68652)
(-0.939391 0 1.68646)
(-0.849618 0 1.6864)
(-0.761995 0 1.68632)
(-0.676476 0 1.68623)
(-1.32087 0 1.7724)
(-1.22197 0 1.77237)
(-1.12546 0 1.77232)
(-1.03127 0 1.77227)
(-0.939337 0 1.77221)
(-0.849614 0 1.77214)
(-0.76205 0 1.77206)
(-0.676599 0 1.77197)
(-1.22191 0 1.86022)
(-1.12543 0 1.86017)
(-1.03127 0 1.86011)
(-0.939378 0 1.86005)
(-0.849704 0 1.85998)
(-0.762196 0 1.8599)
(-0.676808 0 1.85981)
(-1.03135 0 1.95008)
(-0.939503 0 1.95002)
(-0.849877 0 1.94995)
(-0.762422 0 1.94987)
(-0.67709 0 1.94978)
(-0.850123 0 2.0421)
(-0.762717 0 2.04202)
(-0.677436 0 2.04194)
)


// ************************************************************************* //
