/*--------------------------------*- C++ -*----------------------------------*\
| =========                 |                                                 |
| \\      /  F ield         | OpenFOAM: The Open Source CFD Toolbox           |
|  \\    /   O peration     | Version:  dev                                   |
|   \\  /    A nd           | Web:      www.OpenFOAM.org                      |
|    \\/     M anipulation  |                                                 |
\*---------------------------------------------------------------------------*/
FoamFile
{
    version     2.0;
    format      ascii;
    class       vectorField;
    location    "4.05/polyMesh";
    object      points;
}
// * * * * * * * * * * * * * * * * * * * * * * * * * * * * * * * * * * * * * //


1062
(
(-0.715141 0.3 0)
(-0.633895 0.3 0)
(-0.554665 0.3 0)
(-0.47738 0.3 0)
(-0.401962 0.3 0)
(-0.328326 0.3 0)
(-0.256373 0.3 0)
(-0.185984 0.3 0)
(-0.116994 0.3 0)
(-0.05 0.3 0)
(-0.71501 0.3 0.0668886)
(-0.633746 0.3 0.0669157)
(-0.554494 0.3 0.0669461)
(-0.477185 0.3 0.0669803)
(-0.40174 0.3 0.0670187)
(-0.328072 0.3 0.0670618)
(-0.256083 0.3 0.0671097)
(-0.18565 0.3 0.067161)
(-0.116612 0.3 0.0672089)
(-0.0493458 0.3 0.0673104)
(-0.714624 0.3 0.133771)
(-0.633303 0.3 0.133824)
(-0.553988 0.3 0.133883)
(-0.476609 0.3 0.133948)
(-0.401086 0.3 0.13402)
(-0.32733 0.3 0.1341)
(-0.255241 0.3 0.134186)
(-0.184699 0.3 0.134274)
(-0.115555 0.3 0.134352)
(-0.0481352 0.3 0.134474)
(-0.713993 0.3 0.200643)
(-0.632581 0.3 0.200718)
(-0.553166 0.3 0.200801)
(-0.475676 0.3 0.200892)
(-0.400033 0.3 0.200991)
(-0.326147 0.3 0.201097)
(-0.253918 0.3 0.201208)
(-0.183236 0.3 0.201315)
(-0.113972 0.3 0.201402)
(-0.0463979 0.3 0.201519)
(-0.713136 0.3 0.267498)
(-0.631602 0.3 0.267592)
(-0.552055 0.3 0.267695)
(-0.474423 0.3 0.267805)
(-0.398628 0.3 0.267923)
(-0.324583 0.3 0.268044)
(-0.252196 0.3 0.268166)
(-0.181363 0.3 0.268277)
(-0.11198 0.3 0.268362)
(-0.0442683 0.3 0.268465)
(-0.712079 0.3 0.334333)
(-0.630398 0.3 0.334442)
(-0.550693 0.3 0.334559)
(-0.472894 0.3 0.334683)
(-0.396925 0.3 0.334811)
(-0.322707 0.3 0.334939)
(-0.250153 0.3 0.335061)
(-0.179174 0.3 0.335167)
(-0.109682 0.3 0.335244)
(-0.041853 0.3 0.335329)
(-0.710851 0.3 0.401145)
(-0.629004 0.3 0.401265)
(-0.549121 0.3 0.401392)
(-0.471137 0.3 0.401523)
(-0.394982 0.3 0.401655)
(-0.320583 0.3 0.401783)
(-0.247865 0.3 0.4019)
(-0.176749 0.3 0.401996)
(-0.107164 0.3 0.402061)
(-0.0392431 0.3 0.402126)
(-0.709488 0.3 0.467933)
(-0.627459 0.3 0.46806)
(-0.547384 0.3 0.468191)
(-0.469202 0.3 0.468326)
(-0.392852 0.3 0.468458)
(-0.31827 0.3 0.468583)
(-0.245392 0.3 0.468691)
(-0.174153 0.3 0.468776)
(-0.104491 0.3 0.468829)
(-0.0365062 0.3 0.468873)
(-0.708027 0.3 0.534696)
(-0.625807 0.3 0.534825)
(-0.54553 0.3 0.534959)
(-0.467143 0.3 0.535093)
(-0.39059 0.3 0.535224)
(-0.315822 0.3 0.535343)
(-0.242787 0.3 0.535445)
(-0.171434 0.3 0.53552)
(-0.101706 0.3 0.535564)
(-0.0336882 0.3 0.535593)
(-0.706509 0.3 0.601433)
(-0.624093 0.3 0.601562)
(-0.54361 0.3 0.601694)
(-0.46501 0.3 0.601826)
(-0.388249 0.3 0.601954)
(-0.313289 0.3 0.60207)
(-0.240092 0.3 0.602167)
(-0.168623 0.3 0.602238)
(-0.0988326 0.3 0.602278)
(-0.0307943 0.3 0.602303)
(-0.704974 0.3 0.668144)
(-0.622365 0.3 0.66827)
(-0.541675 0.3 0.668398)
(-0.462861 0.3 0.668526)
(-0.385886 0.3 0.66865)
(-0.310721 0.3 0.668764)
(-0.237347 0.3 0.668861)
(-0.165746 0.3 0.668934)
(-0.0958811 0.3 0.668975)
(-0.0278077 0.3 0.669005)
(-0.703466 0.3 0.734831)
(-0.620671 0.3 0.73495)
(-0.539782 0.3 0.735071)
(-0.460757 0.3 0.735193)
(-0.383564 0.3 0.735312)
(-0.308182 0.3 0.735424)
(-0.234606 0.3 0.735524)
(-0.162839 0.3 0.735603)
(-0.092872 0.3 0.735651)
(-0.0247321 0.3 0.73569)
(-0.702025 0.3 0.801495)
(-0.61906 0.3 0.801604)
(-0.537988 0.3 0.801715)
(-0.458766 0.3 0.801826)
(-0.38136 0.3 0.801937)
(-0.305754 0.3 0.802046)
(-0.231949 0.3 0.802149)
(-0.159972 0.3 0.802238)
(-0.0898525 0.3 0.802298)
(-0.0215846 0.3 0.802352)
(-0.700689 0.3 0.868138)
(-0.617579 0.3 0.868234)
(-0.536352 0.3 0.868331)
(-0.45696 0.3 0.868427)
(-0.379367 0.3 0.868524)
(-0.303549 0.3 0.868621)
(-0.229507 0.3 0.868721)
(-0.157274 0.3 0.86882)
(-0.0869317 0.3 0.868901)
(-0.0183903 0.3 0.868987)
(-0.699491 0.3 0.934763)
(-0.61627 0.3 0.934844)
(-0.534925 0.3 0.934922)
(-0.455409 0.3 0.934998)
(-0.377679 0.3 0.935072)
(-0.301705 0.3 0.935145)
(-0.22747 0.3 0.935224)
(-0.154994 0.3 0.935316)
(-0.0843738 0.3 0.935419)
(-0.0151848 0.3 0.935602)
(-0.698446 0.3 1.00137)
(-0.61515 0.3 1.00144)
(-0.533735 0.3 1.0015)
(-0.454153 0.3 1.00155)
(-0.376361 0.3 1.00159)
(-0.300326 0.3 1.00162)
(-0.226025 0.3 1.00164)
(-0.153458 0.3 1.00164)
(-0.0826761 0.3 1.0016)
(-0.0119745 0.3 1.00221)
(-0.715141 0 0)
(-0.633895 0 0)
(-0.554665 0 0)
(-0.47738 0 0)
(-0.401962 0 0)
(-0.328326 0 0)
(-0.256373 0 0)
(-0.185984 0 0)
(-0.116994 0 0)
(-0.05 0 0)
(-0.71501 0 0.0668886)
(-0.633746 0 0.0669157)
(-0.554494 0 0.0669461)
(-0.477185 0 0.0669803)
(-0.40174 0 0.0670187)
(-0.328072 0 0.0670618)
(-0.256083 0 0.0671097)
(-0.18565 0 0.067161)
(-0.116612 0 0.0672089)
(-0.0493458 0 0.0673104)
(-0.714624 0 0.133771)
(-0.633303 0 0.133824)
(-0.553988 0 0.133883)
(-0.476609 0 0.133948)
(-0.401086 0 0.13402)
(-0.32733 0 0.1341)
(-0.255241 0 0.134186)
(-0.184699 0 0.134274)
(-0.115555 0 0.134352)
(-0.0481352 0 0.134474)
(-0.713993 0 0.200643)
(-0.632581 0 0.200718)
(-0.553166 0 0.200801)
(-0.475676 0 0.200892)
(-0.400033 0 0.200991)
(-0.326147 0 0.201097)
(-0.253918 0 0.201208)
(-0.183236 0 0.201315)
(-0.113972 0 0.201402)
(-0.0463979 0 0.201519)
(-0.713136 0 0.267498)
(-0.631602 0 0.267592)
(-0.552055 0 0.267695)
(-0.474423 0 0.267805)
(-0.398628 0 0.267923)
(-0.324583 0 0.268044)
(-0.252196 0 0.268166)
(-0.181363 0 0.268277)
(-0.11198 0 0.268362)
(-0.0442683 0 0.268465)
(-0.712079 0 0.334333)
(-0.630398 0 0.334442)
(-0.550693 0 0.334559)
(-0.472894 0 0.334683)
(-0.396925 0 0.334811)
(-0.322707 0 0.334939)
(-0.250153 0 0.335061)
(-0.179174 0 0.335167)
(-0.109682 0 0.335244)
(-0.041853 0 0.335329)
(-0.710851 0 0.401145)
(-0.629004 0 0.401265)
(-0.549121 0 0.401392)
(-0.471137 0 0.401523)
(-0.394982 0 0.401655)
(-0.320583 0 0.401783)
(-0.247865 0 0.4019)
(-0.176749 0 0.401996)
(-0.107164 0 0.402061)
(-0.0392431 0 0.402126)
(-0.709488 0 0.467933)
(-0.627459 0 0.46806)
(-0.547384 0 0.468191)
(-0.469202 0 0.468326)
(-0.392852 0 0.468458)
(-0.31827 0 0.468583)
(-0.245392 0 0.468691)
(-0.174153 0 0.468776)
(-0.104491 0 0.468829)
(-0.0365062 0 0.468873)
(-0.708027 0 0.534696)
(-0.625807 0 0.534825)
(-0.54553 0 0.534959)
(-0.467143 0 0.535093)
(-0.39059 0 0.535224)
(-0.315822 0 0.535343)
(-0.242787 0 0.535445)
(-0.171434 0 0.53552)
(-0.101706 0 0.535564)
(-0.0336882 0 0.535593)
(-0.706509 0 0.601433)
(-0.624093 0 0.601562)
(-0.54361 0 0.601694)
(-0.46501 0 0.601826)
(-0.388249 0 0.601954)
(-0.313289 0 0.60207)
(-0.240092 0 0.602167)
(-0.168623 0 0.602238)
(-0.0988326 0 0.602278)
(-0.0307943 0 0.602303)
(-0.704974 0 0.668144)
(-0.622365 0 0.66827)
(-0.541675 0 0.668398)
(-0.462861 0 0.668526)
(-0.385886 0 0.66865)
(-0.310721 0 0.668764)
(-0.237347 0 0.668861)
(-0.165746 0 0.668934)
(-0.0958811 0 0.668975)
(-0.0278077 0 0.669005)
(-0.703466 0 0.734831)
(-0.620671 0 0.73495)
(-0.539782 0 0.735071)
(-0.460757 0 0.735193)
(-0.383564 0 0.735312)
(-0.308182 0 0.735424)
(-0.234606 0 0.735524)
(-0.162839 0 0.735603)
(-0.092872 0 0.735651)
(-0.0247321 0 0.73569)
(-0.702025 0 0.801495)
(-0.61906 0 0.801604)
(-0.537988 0 0.801715)
(-0.458766 0 0.801826)
(-0.38136 0 0.801937)
(-0.305754 0 0.802046)
(-0.231949 0 0.802149)
(-0.159972 0 0.802238)
(-0.0898525 0 0.802298)
(-0.0215846 0 0.802352)
(-0.700689 0 0.868138)
(-0.617579 0 0.868234)
(-0.536352 0 0.868331)
(-0.45696 0 0.868427)
(-0.379367 0 0.868524)
(-0.303549 0 0.868621)
(-0.229507 0 0.868721)
(-0.157274 0 0.86882)
(-0.0869317 0 0.868901)
(-0.0183903 0 0.868987)
(-0.699491 0 0.934763)
(-0.61627 0 0.934844)
(-0.534925 0 0.934922)
(-0.455409 0 0.934998)
(-0.377679 0 0.935072)
(-0.301705 0 0.935145)
(-0.22747 0 0.935224)
(-0.154994 0 0.935316)
(-0.0843738 0 0.935419)
(-0.0151848 0 0.935602)
(-0.698446 0 1.00137)
(-0.61515 0 1.00144)
(-0.533735 0 1.0015)
(-0.454153 0 1.00155)
(-0.376361 0 1.00159)
(-0.300326 0 1.00162)
(-0.226025 0 1.00164)
(-0.153458 0 1.00164)
(-0.0826761 0 1.0016)
(-0.0119745 0 1.00221)
(0.05 0.3 0)
(0.119149 0.3 0)
(0.189652 0.3 0)
(0.262167 0.3 0)
(0.336604 0.3 0)
(0.412911 0.3 0)
(0.491062 0.3 0)
(0.57105 0.3 0)
(0.652879 0.3 0)
(0.736564 0.3 0)
(0.822132 0.3 0)
(0.0505883 0.3 0.0661062)
(0.119524 0.3 0.0661963)
(0.18999 0.3 0.0662316)
(0.262468 0.3 0.0662717)
(0.336871 0.3 0.0663098)
(0.413147 0.3 0.0663443)
(0.491271 0.3 0.0663753)
(0.571233 0.3 0.0664031)
(0.653039 0.3 0.0664283)
(0.736703 0.3 0.0664512)
(0.822253 0.3 0.0664721)
(0.0517897 0.3 0.132351)
(0.120571 0.3 0.132452)
(0.190957 0.3 0.132507)
(0.26334 0.3 0.132575)
(0.337651 0.3 0.132642)
(0.413841 0.3 0.132705)
(0.491885 0.3 0.132762)
(0.571774 0.3 0.132815)
(0.653512 0.3 0.132864)
(0.737116 0.3 0.132908)
(0.82261 0.3 0.132949)
(0.0535109 0.3 0.198698)
(0.122149 0.3 0.198789)
(0.192445 0.3 0.198849)
(0.264708 0.3 0.198928)
(0.338889 0.3 0.199011)
(0.414952 0.3 0.199093)
(0.492875 0.3 0.199171)
(0.572649 0.3 0.199244)
(0.654281 0.3 0.199312)
(0.737786 0.3 0.199376)
(0.823191 0.3 0.199434)
(0.0556221 0.3 0.265125)
(0.124139 0.3 0.2652)
(0.194347 0.3 0.265256)
(0.266481 0.3 0.265336)
(0.340515 0.3 0.265425)
(0.416425 0.3 0.265517)
(0.494195 0.3 0.265607)
(0.573822 0.3 0.265695)
(0.655314 0.3 0.265779)
(0.73869 0.3 0.265858)
(0.823975 0.3 0.265932)
(0.0580245 0.3 0.331614)
(0.126437 0.3 0.331674)
(0.196564 0.3 0.331722)
(0.268573 0.3 0.331794)
(0.342454 0.3 0.331881)
(0.418197 0.3 0.331976)
(0.495794 0.3 0.332074)
(0.575249 0.3 0.332172)
(0.656576 0.3 0.332267)
(0.739795 0.3 0.332359)
(0.824937 0.3 0.332445)
(0.0606276 0.3 0.398154)
(0.128956 0.3 0.398196)
(0.199014 0.3 0.398234)
(0.270906 0.3 0.398296)
(0.344637 0.3 0.398377)
(0.420205 0.3 0.39847)
(0.497616 0.3 0.398571)
(0.576881 0.3 0.398674)
(0.658023 0.3 0.398778)
(0.741067 0.3 0.398879)
(0.826045 0.3 0.398976)
(0.063358 0.3 0.46473)
(0.131632 0.3 0.464751)
(0.201631 0.3 0.464778)
(0.273417 0.3 0.46483)
(0.346999 0.3 0.464904)
(0.422389 0.3 0.464994)
(0.499604 0.3 0.465096)
(0.578668 0.3 0.465204)
(0.65961 0.3 0.465313)
(0.742464 0.3 0.465421)
(0.827266 0.3 0.465524)
(0.0661738 0.3 0.531317)
(0.13442 0.3 0.531322)
(0.20437 0.3 0.531342)
(0.276054 0.3 0.531387)
(0.349488 0.3 0.531457)
(0.424694 0.3 0.531546)
(0.501704 0.3 0.531649)
(0.580556 0.3 0.531759)
(0.66129 0.3 0.531872)
(0.743945 0.3 0.531984)
(0.828562 0.3 0.532093)
(0.0690677 0.3 0.597898)
(0.1373 0.3 0.597898)
(0.207199 0.3 0.597916)
(0.278776 0.3 0.59796)
(0.352051 0.3 0.598031)
(0.427062 0.3 0.598123)
(0.503858 0.3 0.598228)
(0.582492 0.3 0.59834)
(0.663012 0.3 0.598455)
(0.745466 0.3 0.59857)
(0.829897 0.3 0.598681)
(0.0720508 0.3 0.664468)
(0.140259 0.3 0.664474)
(0.210094 0.3 0.664497)
(0.281541 0.3 0.664549)
(0.354634 0.3 0.664627)
(0.429433 0.3 0.664724)
(0.506008 0.3 0.664833)
(0.58442 0.3 0.664948)
(0.664728 0.3 0.665063)
(0.746983 0.3 0.665178)
(0.831231 0.3 0.665289)
(0.0751253 0.3 0.731035)
(0.143278 0.3 0.731053)
(0.213014 0.3 0.73109)
(0.284289 0.3 0.731158)
(0.357169 0.3 0.731249)
(0.43174 0.3 0.731355)
(0.508086 0.3 0.731467)
(0.586281 0.3 0.731582)
(0.666386 0.3 0.731696)
(0.748453 0.3 0.731809)
(0.832529 0.3 0.731917)
(0.0782744 0.3 0.797608)
(0.146311 0.3 0.797648)
(0.215886 0.3 0.797707)
(0.286933 0.3 0.797799)
(0.359566 0.3 0.797907)
(0.433898 0.3 0.798019)
(0.510023 0.3 0.798132)
(0.588016 0.3 0.798244)
(0.667936 0.3 0.798354)
(0.749834 0.3 0.798461)
(0.833757 0.3 0.798565)
(0.0814689 0.3 0.864193)
(0.149245 0.3 0.864279)
(0.21857 0.3 0.864375)
(0.289333 0.3 0.864493)
(0.361707 0.3 0.864611)
(0.435816 0.3 0.864724)
(0.511747 0.3 0.864831)
(0.589568 0.3 0.864934)
(0.669333 0.3 0.865034)
(0.751091 0.3 0.865133)
(0.834883 0.3 0.86523)
(0.0846782 0.3 0.930787)
(0.151805 0.3 0.931)
(0.220806 0.3 0.931139)
(0.291293 0.3 0.931266)
(0.363456 0.3 0.931374)
(0.437398 0.3 0.931471)
(0.513191 0.3 0.931561)
(0.590889 0.3 0.931649)
(0.670542 0.3 0.931737)
(0.752194 0.3 0.931824)
(0.835886 0.3 0.93191)
(0.0878971 0.3 0.99738)
(0.153498 0.3 0.998105)
(0.222281 0.3 0.998106)
(0.292644 0.3 0.998146)
(0.364725 0.3 0.998199)
(0.438601 0.3 0.998257)
(0.51433 0.3 0.99832)
(0.591964 0.3 0.998387)
(0.671551 0.3 0.998457)
(0.753135 0.3 0.99853)
(0.836757 0.3 0.998605)
(0.05 0 0)
(0.119149 0 0)
(0.189652 0 0)
(0.262167 0 0)
(0.336604 0 0)
(0.412911 0 0)
(0.491062 0 0)
(0.57105 0 0)
(0.652879 0 0)
(0.736564 0 0)
(0.822132 0 0)
(0.0505883 0 0.0661062)
(0.119524 0 0.0661963)
(0.18999 0 0.0662316)
(0.262468 0 0.0662717)
(0.336871 0 0.0663098)
(0.413147 0 0.0663443)
(0.491271 0 0.0663753)
(0.571233 0 0.0664031)
(0.653039 0 0.0664283)
(0.736703 0 0.0664512)
(0.822253 0 0.0664721)
(0.0517897 0 0.132351)
(0.120571 0 0.132452)
(0.190957 0 0.132507)
(0.26334 0 0.132575)
(0.337651 0 0.132642)
(0.413841 0 0.132705)
(0.491885 0 0.132762)
(0.571774 0 0.132815)
(0.653512 0 0.132864)
(0.737116 0 0.132908)
(0.82261 0 0.132949)
(0.0535109 0 0.198698)
(0.122149 0 0.198789)
(0.192445 0 0.198849)
(0.264708 0 0.198928)
(0.338889 0 0.199011)
(0.414952 0 0.199093)
(0.492875 0 0.199171)
(0.572649 0 0.199244)
(0.654281 0 0.199312)
(0.737786 0 0.199376)
(0.823191 0 0.199434)
(0.0556221 0 0.265125)
(0.124139 0 0.2652)
(0.194347 0 0.265256)
(0.266481 0 0.265336)
(0.340515 0 0.265425)
(0.416425 0 0.265517)
(0.494195 0 0.265607)
(0.573822 0 0.265695)
(0.655314 0 0.265779)
(0.73869 0 0.265858)
(0.823975 0 0.265932)
(0.0580245 0 0.331614)
(0.126437 0 0.331674)
(0.196564 0 0.331722)
(0.268573 0 0.331794)
(0.342454 0 0.331881)
(0.418197 0 0.331976)
(0.495794 0 0.332074)
(0.575249 0 0.332172)
(0.656576 0 0.332267)
(0.739795 0 0.332359)
(0.824937 0 0.332445)
(0.0606276 0 0.398154)
(0.128956 0 0.398196)
(0.199014 0 0.398234)
(0.270906 0 0.398296)
(0.344637 0 0.398377)
(0.420205 0 0.39847)
(0.497616 0 0.398571)
(0.576881 0 0.398674)
(0.658023 0 0.398778)
(0.741067 0 0.398879)
(0.826045 0 0.398976)
(0.063358 0 0.46473)
(0.131632 0 0.464751)
(0.201631 0 0.464778)
(0.273417 0 0.46483)
(0.346999 0 0.464904)
(0.422389 0 0.464994)
(0.499604 0 0.465096)
(0.578668 0 0.465204)
(0.65961 0 0.465313)
(0.742464 0 0.465421)
(0.827266 0 0.465524)
(0.0661738 0 0.531317)
(0.13442 0 0.531322)
(0.20437 0 0.531342)
(0.276054 0 0.531387)
(0.349488 0 0.531457)
(0.424694 0 0.531546)
(0.501704 0 0.531649)
(0.580556 0 0.531759)
(0.66129 0 0.531872)
(0.743945 0 0.531984)
(0.828562 0 0.532093)
(0.0690677 0 0.597898)
(0.1373 0 0.597898)
(0.207199 0 0.597916)
(0.278776 0 0.59796)
(0.352051 0 0.598031)
(0.427062 0 0.598123)
(0.503858 0 0.598228)
(0.582492 0 0.59834)
(0.663012 0 0.598455)
(0.745466 0 0.59857)
(0.829897 0 0.598681)
(0.0720508 0 0.664468)
(0.140259 0 0.664474)
(0.210094 0 0.664497)
(0.281541 0 0.664549)
(0.354634 0 0.664627)
(0.429433 0 0.664724)
(0.506008 0 0.664833)
(0.58442 0 0.664948)
(0.664728 0 0.665063)
(0.746983 0 0.665178)
(0.831231 0 0.665289)
(0.0751253 0 0.731035)
(0.143278 0 0.731053)
(0.213014 0 0.73109)
(0.284289 0 0.731158)
(0.357169 0 0.731249)
(0.43174 0 0.731355)
(0.508086 0 0.731467)
(0.586281 0 0.731582)
(0.666386 0 0.731696)
(0.748453 0 0.731809)
(0.832529 0 0.731917)
(0.0782744 0 0.797608)
(0.146311 0 0.797648)
(0.215886 0 0.797707)
(0.286933 0 0.797799)
(0.359566 0 0.797907)
(0.433898 0 0.798019)
(0.510023 0 0.798132)
(0.588016 0 0.798244)
(0.667936 0 0.798354)
(0.749834 0 0.798461)
(0.833757 0 0.798565)
(0.0814689 0 0.864193)
(0.149245 0 0.864279)
(0.21857 0 0.864375)
(0.289333 0 0.864493)
(0.361707 0 0.864611)
(0.435816 0 0.864724)
(0.511747 0 0.864831)
(0.589568 0 0.864934)
(0.669333 0 0.865034)
(0.751091 0 0.865133)
(0.834883 0 0.86523)
(0.0846782 0 0.930787)
(0.151805 0 0.931)
(0.220806 0 0.931139)
(0.291293 0 0.931266)
(0.363456 0 0.931374)
(0.437398 0 0.931471)
(0.513191 0 0.931561)
(0.590889 0 0.931649)
(0.670542 0 0.931737)
(0.752194 0 0.931824)
(0.835886 0 0.93191)
(0.0878971 0 0.99738)
(0.153498 0 0.998105)
(0.222281 0 0.998106)
(0.292644 0 0.998146)
(0.364725 0 0.998199)
(0.438601 0 0.998257)
(0.51433 0 0.99832)
(0.591964 0 0.998387)
(0.671551 0 0.998457)
(0.753135 0 0.99853)
(0.836757 0 0.998605)
(-0.697555 0.3 1.07053)
(-0.614223 0.3 1.07057)
(-0.532784 0.3 1.07061)
(-0.453193 0.3 1.07063)
(-0.375414 0.3 1.07064)
(-0.299418 0.3 1.07063)
(-0.225189 0.3 1.07058)
(-0.152728 0.3 1.07047)
(-0.0820542 0.3 1.07025)
(-0.0132042 0.3 1.06984)
(-0.696823 0.3 1.14134)
(-0.613486 0.3 1.14137)
(-0.53206 0.3 1.14139)
(-0.452505 0.3 1.14139)
(-0.374789 0.3 1.14137)
(-0.298891 0.3 1.14131)
(-0.224801 0.3 1.14122)
(-0.152524 0.3 1.14107)
(-0.0820718 0.3 1.14084)
(-0.0135072 0.3 1.14049)
(-0.696242 0.3 1.21387)
(-0.612925 0.3 1.21388)
(-0.531537 0.3 1.21388)
(-0.452043 0.3 1.21386)
(-0.374415 0.3 1.21381)
(-0.298635 0.3 1.21374)
(-0.224691 0.3 1.21363)
(-0.152579 0.3 1.21347)
(-0.0822991 0.3 1.21324)
(-0.0138933 0.3 1.21295)
(-0.695798 0.3 1.28815)
(-0.612516 0.3 1.28815)
(-0.531182 0.3 1.28813)
(-0.451763 0.3 1.28809)
(-0.374231 0.3 1.28804)
(-0.298566 0.3 1.28795)
(-0.22475 0.3 1.28783)
(-0.15277 0.3 1.28767)
(-0.0826149 0.3 1.28746)
(-0.0143003 0.3 1.28723)
(-0.612241 0.3 1.36422)
(-0.53097 0.3 1.36419)
(-0.451628 0.3 1.36414)
(-0.374189 0.3 1.36407)
(-0.298625 0.3 1.36398)
(-0.224915 0.3 1.36386)
(-0.153037 0.3 1.36371)
(-0.0829712 0.3 1.36353)
(-0.0147125 0.3 1.36334)
(-0.451608 0.3 1.44204)
(-0.374251 0.3 1.44197)
(-0.298774 0.3 1.44188)
(-0.22515 0.3 1.44176)
(-0.15335 0.3 1.44163)
(-0.0833482 0.3 1.44147)
(-0.0151266 0.3 1.44131)
(-0.298986 0.3 1.52168)
(-0.225431 0.3 1.52157)
(-0.153693 0.3 1.52145)
(-0.083738 0.3 1.52131)
(-0.0155423 0.3 1.52118)
(-0.154056 0.3 1.60322)
(-0.0841372 0.3 1.6031)
(-0.0159608 0.3 1.60299)
(-0.697555 0 1.07053)
(-0.614223 0 1.07057)
(-0.532784 0 1.07061)
(-0.453193 0 1.07063)
(-0.375414 0 1.07064)
(-0.299418 0 1.07063)
(-0.225189 0 1.07058)
(-0.152728 0 1.07047)
(-0.0820542 0 1.07025)
(-0.0132042 0 1.06984)
(-0.696823 0 1.14134)
(-0.613486 0 1.14137)
(-0.53206 0 1.14139)
(-0.452505 0 1.14139)
(-0.374789 0 1.14137)
(-0.298891 0 1.14131)
(-0.224801 0 1.14122)
(-0.152524 0 1.14107)
(-0.0820718 0 1.14084)
(-0.0135072 0 1.14049)
(-0.696242 0 1.21387)
(-0.612925 0 1.21388)
(-0.531537 0 1.21388)
(-0.452043 0 1.21386)
(-0.374415 0 1.21381)
(-0.298635 0 1.21374)
(-0.224691 0 1.21363)
(-0.152579 0 1.21347)
(-0.0822991 0 1.21324)
(-0.0138933 0 1.21295)
(-0.695798 0 1.28815)
(-0.612516 0 1.28815)
(-0.531182 0 1.28813)
(-0.451763 0 1.28809)
(-0.374231 0 1.28804)
(-0.298566 0 1.28795)
(-0.22475 0 1.28783)
(-0.15277 0 1.28767)
(-0.0826149 0 1.28746)
(-0.0143003 0 1.28723)
(-0.612241 0 1.36422)
(-0.53097 0 1.36419)
(-0.451628 0 1.36414)
(-0.374189 0 1.36407)
(-0.298625 0 1.36398)
(-0.224915 0 1.36386)
(-0.153037 0 1.36371)
(-0.0829712 0 1.36353)
(-0.0147125 0 1.36334)
(-0.451608 0 1.44204)
(-0.374251 0 1.44197)
(-0.298774 0 1.44188)
(-0.22515 0 1.44176)
(-0.15335 0 1.44163)
(-0.0833482 0 1.44147)
(-0.0151266 0 1.44131)
(-0.298986 0 1.52168)
(-0.225431 0 1.52157)
(-0.153693 0 1.52145)
(-0.083738 0 1.52131)
(-0.0155423 0 1.52118)
(-0.154056 0 1.60322)
(-0.0841372 0 1.6031)
(-0.0159608 0 1.60299)
(0.02132 0.3 1.0006)
(0.0546113 0.3 0.998993)
(0.0205044 0.3 1.06933)
(0.0538274 0.3 1.0688)
(0.0867857 0.3 1.06828)
(0.0200284 0.3 1.14014)
(0.0533618 0.3 1.13981)
(0.086501 0.3 1.13945)
(0.0195587 0.3 1.2127)
(0.0528966 0.3 1.21249)
(0.0861249 0.3 1.21223)
(0.0191142 0.3 1.28704)
(0.0524539 0.3 1.28689)
(0.0857227 0.3 1.2867)
(0.0186829 0.3 1.36319)
(0.0520233 0.3 1.36307)
(0.0853126 0.3 1.36293)
(0.0182574 0.3 1.44119)
(0.0515981 0.3 1.4411)
(0.0848993 0.3 1.44098)
(0.0178338 0.3 1.52108)
(0.0511744 0.3 1.52101)
(0.0844833 0.3 1.52091)
(0.0174095 0.3 1.60291)
(0.0507499 0.3 1.60284)
(0.084064 0.3 1.60276)
(0.0169827 0.3 1.68671)
(0.0503227 0.3 1.68666)
(0.0836405 0.3 1.68659)
(0.02132 0 1.0006)
(0.0546113 0 0.998993)
(0.0205044 0 1.06933)
(0.0538274 0 1.0688)
(0.0867857 0 1.06828)
(0.0200284 0 1.14014)
(0.0533618 0 1.13981)
(0.086501 0 1.13945)
(0.0195587 0 1.2127)
(0.0528966 0 1.21249)
(0.0861249 0 1.21223)
(0.0191142 0 1.28704)
(0.0524539 0 1.28689)
(0.0857227 0 1.2867)
(0.0186829 0 1.36319)
(0.0520233 0 1.36307)
(0.0853126 0 1.36293)
(0.0182574 0 1.44119)
(0.0515981 0 1.4411)
(0.0848993 0 1.44098)
(0.0178338 0 1.52108)
(0.0511744 0 1.52101)
(0.0844833 0 1.52091)
(0.0174095 0 1.60291)
(0.0507499 0 1.60284)
(0.084064 0 1.60276)
(0.0169827 0 1.68671)
(0.0503227 0 1.68666)
(0.0836405 0 1.68659)
(0.15412 0.3 1.0679)
(0.222964 0.3 1.06771)
(0.293408 0.3 1.06763)
(0.365544 0.3 1.06761)
(0.439449 0.3 1.06762)
(0.515186 0.3 1.06765)
(0.59281 0.3 1.0677)
(0.672375 0.3 1.06775)
(0.753925 0.3 1.0678)
(0.154104 0.3 1.13911)
(0.223145 0.3 1.13889)
(0.293753 0.3 1.13877)
(0.366012 0.3 1.1387)
(0.440001 0.3 1.13867)
(0.515793 0.3 1.13867)
(0.593448 0.3 1.13869)
(0.673023 0.3 1.13872)
(0.754569 0.3 1.13876)
(0.153882 0.3 1.21195)
(0.22308 0.3 1.21172)
(0.293836 0.3 1.21158)
(0.366225 0.3 1.21149)
(0.44032 0.3 1.21143)
(0.516191 0.3 1.21141)
(0.593902 0.3 1.21141)
(0.673511 0.3 1.21142)
(0.755074 0.3 1.21144)
(0.15357 0.3 1.28647)
(0.222886 0.3 1.28626)
(0.293761 0.3 1.28611)
(0.366264 0.3 1.28601)
(0.440461 0.3 1.28594)
(0.516418 0.3 1.2859)
(0.594197 0.3 1.28588)
(0.673855 0.3 1.28588)
(0.755451 0.3 1.28589)
(0.153216 0.3 1.36274)
(0.222615 0.3 1.36256)
(0.293584 0.3 1.36242)
(0.366183 0.3 1.36231)
(0.440471 0.3 1.36223)
(0.51651 0.3 1.36218)
(0.594358 0.3 1.36215)
(0.674073 0.3 1.36213)
(0.755712 0.3 1.36213)
(0.152839 0.3 1.44082)
(0.222299 0.3 1.44067)
(0.293341 0.3 1.44054)
(0.366017 0.3 1.44043)
(0.440384 0.3 1.44035)
(0.516496 0.3 1.44029)
(0.594411 0.3 1.44025)
(0.674183 0.3 1.44023)
(0.755869 0.3 1.44021)
(0.152448 0.3 1.52078)
(0.221953 0.3 1.52064)
(0.293051 0.3 1.52052)
(0.365791 0.3 1.52042)
(0.440223 0.3 1.52034)
(0.5164 0.3 1.52028)
(0.594376 0.3 1.52023)
(0.674202 0.3 1.5202)
(0.755934 0.3 1.52019)
(0.152046 0.3 1.60265)
(0.221585 0.3 1.60253)
(0.292727 0.3 1.60243)
(0.365518 0.3 1.60233)
(0.440005 0.3 1.60226)
(0.516238 0.3 1.60219)
(0.594268 0.3 1.60214)
(0.674145 0.3 1.60211)
(0.755922 0.3 1.60209)
(0.151636 0.3 1.68649)
(0.221199 0.3 1.68639)
(0.292376 0.3 1.6863)
(0.365208 0.3 1.68621)
(0.439741 0.3 1.68614)
(0.516022 0.3 1.68608)
(0.5941 0.3 1.68603)
(0.674023 0.3 1.68599)
(0.755842 0.3 1.68596)
(0.151217 0.3 1.77236)
(0.2208 0.3 1.77227)
(0.292004 0.3 1.77218)
(0.36487 0.3 1.77211)
(0.439441 0.3 1.77204)
(0.515762 0.3 1.77198)
(0.593881 0.3 1.77193)
(0.673845 0.3 1.77189)
(0.755703 0.3 1.77186)
(0.364507 0.3 1.86007)
(0.43911 0.3 1.86)
(0.515466 0.3 1.85995)
(0.59362 0.3 1.8599)
(0.673621 0.3 1.85986)
(0.755514 0.3 1.85983)
(0.515138 0.3 1.95004)
(0.593324 0.3 1.94999)
(0.673355 0.3 1.94996)
(0.755281 0.3 1.94993)
(0.673056 0.3 2.04222)
(0.755009 0.3 2.04219)
(0.15412 0 1.0679)
(0.222964 0 1.06771)
(0.293408 0 1.06763)
(0.365544 0 1.06761)
(0.439449 0 1.06762)
(0.515186 0 1.06765)
(0.59281 0 1.0677)
(0.672375 0 1.06775)
(0.753925 0 1.0678)
(0.154104 0 1.13911)
(0.223145 0 1.13889)
(0.293753 0 1.13877)
(0.366012 0 1.1387)
(0.440001 0 1.13867)
(0.515793 0 1.13867)
(0.593448 0 1.13869)
(0.673023 0 1.13872)
(0.754569 0 1.13876)
(0.153882 0 1.21195)
(0.22308 0 1.21172)
(0.293836 0 1.21158)
(0.366225 0 1.21149)
(0.44032 0 1.21143)
(0.516191 0 1.21141)
(0.593902 0 1.21141)
(0.673511 0 1.21142)
(0.755074 0 1.21144)
(0.15357 0 1.28647)
(0.222886 0 1.28626)
(0.293761 0 1.28611)
(0.366264 0 1.28601)
(0.440461 0 1.28594)
(0.516418 0 1.2859)
(0.594197 0 1.28588)
(0.673855 0 1.28588)
(0.755451 0 1.28589)
(0.153216 0 1.36274)
(0.222615 0 1.36256)
(0.293584 0 1.36242)
(0.366183 0 1.36231)
(0.440471 0 1.36223)
(0.51651 0 1.36218)
(0.594358 0 1.36215)
(0.674073 0 1.36213)
(0.755712 0 1.36213)
(0.152839 0 1.44082)
(0.222299 0 1.44067)
(0.293341 0 1.44054)
(0.366017 0 1.44043)
(0.440384 0 1.44035)
(0.516496 0 1.44029)
(0.594411 0 1.44025)
(0.674183 0 1.44023)
(0.755869 0 1.44021)
(0.152448 0 1.52078)
(0.221953 0 1.52064)
(0.293051 0 1.52052)
(0.365791 0 1.52042)
(0.440223 0 1.52034)
(0.5164 0 1.52028)
(0.594376 0 1.52023)
(0.674202 0 1.5202)
(0.755934 0 1.52019)
(0.152046 0 1.60265)
(0.221585 0 1.60253)
(0.292727 0 1.60243)
(0.365518 0 1.60233)
(0.440005 0 1.60226)
(0.516238 0 1.60219)
(0.594268 0 1.60214)
(0.674145 0 1.60211)
(0.755922 0 1.60209)
(0.151636 0 1.68649)
(0.221199 0 1.68639)
(0.292376 0 1.6863)
(0.365208 0 1.68621)
(0.439741 0 1.68614)
(0.516022 0 1.68608)
(0.5941 0 1.68603)
(0.674023 0 1.68599)
(0.755842 0 1.68596)
(0.151217 0 1.77236)
(0.2208 0 1.77227)
(0.292004 0 1.77218)
(0.36487 0 1.77211)
(0.439441 0 1.77204)
(0.515762 0 1.77198)
(0.593881 0 1.77193)
(0.673845 0 1.77189)
(0.755703 0 1.77186)
(0.364507 0 1.86007)
(0.43911 0 1.86)
(0.515466 0 1.85995)
(0.59362 0 1.8599)
(0.673621 0 1.85986)
(0.755514 0 1.85983)
(0.515138 0 1.95004)
(0.593324 0 1.94999)
(0.673355 0 1.94996)
(0.755281 0 1.94993)
(0.673056 0 2.04222)
(0.755009 0 2.04219)
)


// ************************************************************************* //
