/*--------------------------------*- C++ -*----------------------------------*\
| =========                 |                                                 |
| \\      /  F ield         | OpenFOAM: The Open Source CFD Toolbox           |
|  \\    /   O peration     | Version:  dev                                   |
|   \\  /    A nd           | Web:      www.OpenFOAM.org                      |
|    \\/     M anipulation  |                                                 |
\*---------------------------------------------------------------------------*/
FoamFile
{
    version     2.0;
    format      ascii;
    class       vectorField;
    location    "0.47/polyMesh";
    object      points;
}
// * * * * * * * * * * * * * * * * * * * * * * * * * * * * * * * * * * * * * //


1030
(
(0.792614 0.3 1.19832)
(0.876954 0.3 1.19539)
(0.963113 0.3 1.19277)
(0.791605 0.3 1.27644)
(0.876024 0.3 1.2729)
(0.962258 0.3 1.26975)
(1.05036 0.3 1.26687)
(1.14039 0.3 1.26418)
(0.790743 0.3 1.3556)
(0.875189 0.3 1.35166)
(0.961461 0.3 1.34811)
(1.04961 0.3 1.34486)
(1.13968 0.3 1.34183)
(1.23171 0.3 1.33897)
(0.790027 0.3 1.43574)
(0.874454 0.3 1.43159)
(0.960729 0.3 1.42779)
(1.04889 0.3 1.42428)
(1.13898 0.3 1.42099)
(1.23104 0.3 1.41788)
(1.32512 0.3 1.41489)
(1.42124 0.3 1.41199)
(0.789438 0.3 1.51686)
(0.873815 0.3 1.51268)
(0.960065 0.3 1.50878)
(1.04822 0.3 1.50511)
(1.13831 0.3 1.50165)
(1.23038 0.3 1.49834)
(1.32447 0.3 1.49517)
(1.42062 0.3 1.49209)
(1.51885 0.3 1.48907)
(1.61922 0.3 1.48607)
(0.788946 0.3 1.59906)
(0.873255 0.3 1.59497)
(0.95946 0.3 1.59107)
(1.04759 0.3 1.58735)
(1.13767 0.3 1.5838)
(1.22974 0.3 1.58038)
(1.32383 0.3 1.57707)
(1.41999 0.3 1.57385)
(1.51824 0.3 1.57069)
(1.61862 0.3 1.56755)
(1.72117 0.3 1.56442)
(0.788516 0.3 1.68249)
(0.872752 0.3 1.67855)
(0.958902 0.3 1.67473)
(1.04699 0.3 1.67103)
(1.13705 0.3 1.66745)
(1.2291 0.3 1.66398)
(1.32319 0.3 1.6606)
(1.41935 0.3 1.65728)
(1.51761 0.3 1.65401)
(1.61801 0.3 1.65077)
(1.72057 0.3 1.64753)
(1.82534 0.3 1.64426)
(1.93234 0.3 1.64094)
(0.788122 0.3 1.76727)
(0.872284 0.3 1.76352)
(0.958375 0.3 1.75983)
(1.04642 0.3 1.75621)
(1.13644 0.3 1.75266)
(1.22848 0.3 1.74919)
(1.32256 0.3 1.74577)
(1.41871 0.3 1.74241)
(1.51698 0.3 1.73907)
(1.61738 0.3 1.73575)
(1.71996 0.3 1.73242)
(1.82475 0.3 1.72907)
(1.93177 0.3 1.72566)
(2.04106 0.3 1.72217)
(0.78774 0.3 1.85352)
(0.871832 0.3 1.84998)
(0.957864 0.3 1.84645)
(1.04586 0.3 1.84295)
(1.13585 0.3 1.83947)
(1.22786 0.3 1.83603)
(1.32192 0.3 1.83262)
(1.41807 0.3 1.82925)
(1.51633 0.3 1.82588)
(1.61674 0.3 1.82252)
(1.71933 0.3 1.81913)
(1.82413 0.3 1.81571)
(1.93118 0.3 1.81224)
(2.0405 0.3 1.80868)
(2.15212 0.3 1.805)
(2.26607 0.3 1.80118)
(0.787353 0.3 1.94134)
(0.871382 0.3 1.93804)
(0.957358 0.3 1.93469)
(1.04531 0.3 1.93131)
(1.13526 0.3 1.92794)
(1.22724 0.3 1.92457)
(1.32128 0.3 1.9212)
(1.41742 0.3 1.91784)
(1.51567 0.3 1.91448)
(1.61609 0.3 1.9111)
(1.71869 0.3 1.90769)
(1.82351 0.3 1.90423)
(1.93057 0.3 1.90071)
(2.03992 0.3 1.89709)
(2.15158 0.3 1.89337)
(2.26557 0.3 1.88949)
(2.38193 0.3 1.88543)
(0.786948 0.3 2.03085)
(0.870921 0.3 2.02777)
(0.956846 0.3 2.0246)
(1.04475 0.3 2.02139)
(1.13466 0.3 2.01813)
(1.22662 0.3 2.01485)
(1.32063 0.3 2.01156)
(1.41675 0.3 2.00824)
(1.515 0.3 2.0049)
(1.61542 0.3 2.00153)
(1.71802 0.3 1.99811)
(1.82286 0.3 1.99465)
(1.92995 0.3 1.9911)
(2.03933 0.3 1.98746)
(2.15102 0.3 1.9837)
(2.26505 0.3 1.97978)
(2.38146 0.3 1.97568)
(2.50027 0.3 1.97134)
(2.62149 0.3 1.96672)
(0.786516 0.3 2.12212)
(0.870442 0.3 2.11926)
(0.956321 0.3 2.11629)
(1.04418 0.3 2.11323)
(1.13406 0.3 2.11012)
(1.22598 0.3 2.10695)
(1.31998 0.3 2.10373)
(1.41608 0.3 2.10048)
(1.51432 0.3 2.09719)
(1.61473 0.3 2.09385)
(1.71735 0.3 2.09046)
(1.82219 0.3 2.087)
(1.92931 0.3 2.08346)
(2.03871 0.3 2.07982)
(2.15044 0.3 2.07604)
(2.26452 0.3 2.07211)
(2.38098 0.3 2.06799)
(2.49985 0.3 2.06363)
(2.62115 0.3 2.05899)
(2.7449 0.3 2.05399)
(0.786054 0.3 2.21525)
(0.869937 0.3 2.21259)
(0.955776 0.3 2.20981)
(1.0436 0.3 2.20692)
(1.13344 0.3 2.20395)
(1.22534 0.3 2.2009)
(1.31931 0.3 2.19779)
(1.4154 0.3 2.19462)
(1.51363 0.3 2.1914)
(1.61404 0.3 2.18811)
(1.71665 0.3 2.18476)
(1.82151 0.3 2.18134)
(1.92865 0.3 2.17782)
(2.03808 0.3 2.1742)
(2.14985 0.3 2.17044)
(2.26397 0.3 2.16651)
(2.38049 0.3 2.1624)
(2.49943 0.3 2.15804)
(2.62081 0.3 2.1534)
(2.74466 0.3 2.14842)
(2.87099 0.3 2.14301)
(0.785556 0.3 2.3103)
(0.869405 0.3 2.30784)
(0.955209 0.3 2.30524)
(1.043 0.3 2.30252)
(1.13281 0.3 2.29969)
(1.22468 0.3 2.29678)
(1.31863 0.3 2.29378)
(1.4147 0.3 2.29072)
(1.51292 0.3 2.28758)
(1.61333 0.3 2.28436)
(1.71595 0.3 2.28108)
(1.82082 0.3 2.2777)
(1.92797 0.3 2.27423)
(2.03743 0.3 2.27064)
(2.14924 0.3 2.26692)
(2.26341 0.3 2.26303)
(2.37999 0.3 2.25895)
(2.499 0.3 2.25462)
(2.62046 0.3 2.25001)
(2.74441 0.3 2.24506)
(2.87086 0.3 2.23969)
(3 0.3 2.23395)
(0.785023 0.3 2.40734)
(0.868843 0.3 2.40506)
(0.954619 0.3 2.40264)
(1.04238 0.3 2.40008)
(1.13217 0.3 2.39741)
(1.22401 0.3 2.39463)
(1.31794 0.3 2.39177)
(1.414 0.3 2.38881)
(1.51221 0.3 2.38577)
(1.61261 0.3 2.38265)
(1.71523 0.3 2.37944)
(1.82011 0.3 2.37614)
(1.92728 0.3 2.37273)
(2.03677 0.3 2.3692)
(2.14861 0.3 2.36554)
(2.26284 0.3 2.36171)
(2.37948 0.3 2.35768)
(2.49856 0.3 2.35342)
(2.6201 0.3 2.34887)
(2.74415 0.3 2.34398)
(2.87072 0.3 2.33868)
(3 0.3 2.33302)
(0.784458 0.3 2.50643)
(0.868254 0.3 2.50433)
(0.954005 0.3 2.50207)
(1.04174 0.3 2.49968)
(1.1315 0.3 2.49716)
(1.22332 0.3 2.49453)
(1.31724 0.3 2.49179)
(1.41328 0.3 2.48896)
(1.51148 0.3 2.48604)
(1.61188 0.3 2.48302)
(1.71451 0.3 2.47991)
(1.8194 0.3 2.4767)
(1.92658 0.3 2.47338)
(2.0361 0.3 2.46993)
(2.14798 0.3 2.46635)
(2.26225 0.3 2.4626)
(2.37895 0.3 2.45865)
(2.4981 0.3 2.45447)
(2.61974 0.3 2.45002)
(2.74389 0.3 2.44522)
(2.87058 0.3 2.44003)
(3 0.3 2.43448)
(0.783864 0.3 2.60764)
(0.86764 0.3 2.60569)
(0.953369 0.3 2.60359)
(1.04109 0.3 2.60136)
(1.13083 0.3 2.59899)
(1.22263 0.3 2.59651)
(1.31653 0.3 2.59392)
(1.41256 0.3 2.59122)
(1.51075 0.3 2.58842)
(1.61115 0.3 2.58553)
(1.71378 0.3 2.58253)
(1.81868 0.3 2.57943)
(1.92588 0.3 2.57621)
(2.03543 0.3 2.57287)
(2.14734 0.3 2.56939)
(2.26166 0.3 2.56574)
(2.37842 0.3 2.56191)
(2.49764 0.3 2.55784)
(2.61937 0.3 2.55351)
(2.74363 0.3 2.54885)
(2.87044 0.3 2.5438)
(3 0.3 2.5384)
(0.783246 0.3 2.711)
(0.867005 0.3 2.7092)
(0.952718 0.3 2.70726)
(1.04042 0.3 2.70518)
(1.13014 0.3 2.70297)
(1.22193 0.3 2.70064)
(1.31581 0.3 2.69819)
(1.41183 0.3 2.69564)
(1.51002 0.3 2.69298)
(1.61041 0.3 2.69022)
(1.71305 0.3 2.68735)
(1.81796 0.3 2.68438)
(1.92518 0.3 2.68129)
(2.03475 0.3 2.67808)
(2.1467 0.3 2.67472)
(2.26106 0.3 2.67121)
(2.37788 0.3 2.6675)
(2.49718 0.3 2.66358)
(2.61899 0.3 2.6594)
(2.74336 0.3 2.65491)
(2.8703 0.3 2.65004)
(3 0.3 2.64484)
(0.782613 0.3 2.81656)
(0.866358 0.3 2.81491)
(0.952056 0.3 2.81312)
(1.03974 0.3 2.81119)
(1.12945 0.3 2.80914)
(1.22123 0.3 2.80696)
(1.3151 0.3 2.80467)
(1.41111 0.3 2.80227)
(1.50929 0.3 2.79976)
(1.60968 0.3 2.79715)
(1.71232 0.3 2.79443)
(1.81724 0.3 2.7916)
(1.92448 0.3 2.78866)
(2.03408 0.3 2.7856)
(2.14606 0.3 2.78239)
(2.26047 0.3 2.77903)
(2.37734 0.3 2.77549)
(2.49671 0.3 2.77174)
(2.61862 0.3 2.76775)
(2.74309 0.3 2.76345)
(2.87016 0.3 2.75881)
(3 0.3 2.75384)
(0.781972 0.3 2.92437)
(0.865706 0.3 2.92286)
(0.951393 0.3 2.92121)
(1.03907 0.3 2.91944)
(1.12877 0.3 2.91755)
(1.22053 0.3 2.91553)
(1.31439 0.3 2.9134)
(1.41039 0.3 2.91116)
(1.50857 0.3 2.90882)
(1.60896 0.3 2.90637)
(1.71161 0.3 2.90381)
(1.81654 0.3 2.90115)
(1.9238 0.3 2.89838)
(2.03342 0.3 2.89549)
(2.14544 0.3 2.89246)
(2.25989 0.3 2.88928)
(2.37682 0.3 2.88594)
(2.49626 0.3 2.88239)
(2.61824 0.3 2.87861)
(2.74282 0.3 2.87455)
(2.87001 0.3 2.87017)
(3 0.3 2.86549)
(0.781334 0.3 3.03446)
(0.865059 0.3 3.03308)
(0.950736 0.3 3.03159)
(1.0384 0.3 3.02997)
(1.12809 0.3 3.02824)
(1.21984 0.3 3.02639)
(1.3137 0.3 3.02443)
(1.40969 0.3 3.02236)
(1.50787 0.3 3.02019)
(1.60826 0.3 3.01792)
(1.71091 0.3 3.01555)
(1.81586 0.3 3.01308)
(1.92313 0.3 3.01049)
(2.03278 0.3 3.0078)
(2.14483 0.3 3.00497)
(2.25932 0.3 3.00201)
(2.37631 0.3 2.99889)
(2.49581 0.3 2.99558)
(2.61788 0.3 2.99205)
(2.74255 0.3 2.98827)
(2.86987 0.3 2.98419)
(3 0.3 2.97983)
(0.78071 0.3 3.14686)
(0.864429 0.3 3.14562)
(0.950098 0.3 3.14428)
(1.03776 0.3 3.14282)
(1.12744 0.3 3.14125)
(1.21918 0.3 3.13957)
(1.31303 0.3 3.13779)
(1.40902 0.3 3.13591)
(1.50719 0.3 3.13393)
(1.60759 0.3 3.13186)
(1.71025 0.3 3.12969)
(1.8152 0.3 3.12742)
(1.92249 0.3 3.12506)
(2.03216 0.3 3.12258)
(2.14424 0.3 3.11999)
(2.25878 0.3 3.11727)
(2.37581 0.3 3.1144)
(2.49538 0.3 3.11136)
(2.61753 0.3 3.10813)
(2.7423 0.3 3.10467)
(2.86973 0.3 3.10093)
(3 0.3 3.09695)
(0.780113 0.3 3.26159)
(0.863826 0.3 3.2605)
(0.949489 0.3 3.25931)
(1.03714 0.3 3.25802)
(1.12682 0.3 3.25662)
(1.21855 0.3 3.25512)
(1.3124 0.3 3.25354)
(1.40838 0.3 3.25185)
(1.50656 0.3 3.25008)
(1.60695 0.3 3.24823)
(1.70962 0.3 3.24628)
(1.81458 0.3 3.24425)
(1.92189 0.3 3.24212)
(2.03158 0.3 3.2399)
(2.14369 0.3 3.23757)
(2.25827 0.3 3.23512)
(2.37535 0.3 3.23254)
(2.49498 0.3 3.22981)
(2.6172 0.3 3.22691)
(2.74206 0.3 3.2238)
(2.86961 0.3 3.22045)
(3 0.3 3.21689)
(0.779558 0.3 3.37869)
(0.863266 0.3 3.37775)
(0.948924 0.3 3.37671)
(1.03657 0.3 3.37559)
(1.12624 0.3 3.37438)
(1.21798 0.3 3.37308)
(1.31181 0.3 3.3717)
(1.4078 0.3 3.37024)
(1.50597 0.3 3.36869)
(1.60637 0.3 3.36707)
(1.70904 0.3 3.36537)
(1.81401 0.3 3.3636)
(1.92133 0.3 3.36174)
(2.03104 0.3 3.35979)
(2.14318 0.3 3.35776)
(2.25779 0.3 3.35562)
(2.37492 0.3 3.35337)
(2.4946 0.3 3.35099)
(2.61689 0.3 3.34845)
(2.74184 0.3 3.34575)
(2.86949 0.3 3.34283)
(3 0.3 3.33974)
(0.779061 0.3 3.49816)
(0.862766 0.3 3.49737)
(0.948419 0.3 3.49651)
(1.03606 0.3 3.49557)
(1.12573 0.3 3.49456)
(1.21746 0.3 3.49347)
(1.31129 0.3 3.49232)
(1.40728 0.3 3.49109)
(1.50545 0.3 3.48979)
(1.60585 0.3 3.48843)
(1.70852 0.3 3.48701)
(1.8135 0.3 3.48552)
(1.92084 0.3 3.48396)
(2.03056 0.3 3.48232)
(2.14273 0.3 3.48062)
(2.25737 0.3 3.47882)
(2.37453 0.3 3.47694)
(2.49427 0.3 3.47494)
(2.61662 0.3 3.47283)
(2.74164 0.3 3.47057)
(2.86938 0.3 3.46813)
(3 0.3 3.46555)
(0.77864 0.3 3.62001)
(0.862341 0.3 3.61939)
(0.947991 0.3 3.61871)
(1.03563 0.3 3.61798)
(1.12529 0.3 3.61718)
(1.21702 0.3 3.61633)
(1.31086 0.3 3.61541)
(1.40684 0.3 3.61445)
(1.50501 0.3 3.61343)
(1.60541 0.3 3.61236)
(1.70808 0.3 3.61123)
(1.81307 0.3 3.61006)
(1.92042 0.3 3.60883)
(2.03016 0.3 3.60755)
(2.14234 0.3 3.6062)
(2.25701 0.3 3.6048)
(2.37421 0.3 3.60331)
(2.49398 0.3 3.60175)
(2.61639 0.3 3.60009)
(2.74147 0.3 3.59833)
(2.86929 0.3 3.59643)
(3 0.3 3.59441)
(0.778313 0.3 3.74424)
(0.862012 0.3 3.7438)
(0.947659 0.3 3.74333)
(1.03529 0.3 3.74281)
(1.12496 0.3 3.74226)
(1.21668 0.3 3.74166)
(1.31051 0.3 3.74102)
(1.40649 0.3 3.74034)
(1.50466 0.3 3.73963)
(1.60507 0.3 3.73888)
(1.70774 0.3 3.73809)
(1.81274 0.3 3.73727)
(1.92009 0.3 3.73641)
(2.02984 0.3 3.73551)
(2.14204 0.3 3.73458)
(2.25673 0.3 3.73359)
(2.37395 0.3 3.73256)
(2.49376 0.3 3.73148)
(2.6162 0.3 3.73033)
(2.74133 0.3 3.7291)
(2.86921 0.3 3.72778)
(3 0.3 3.72639)
(0.778101 0.3 3.87083)
(0.861798 0.3 3.8706)
(0.947444 0.3 3.87035)
(1.03508 0.3 3.87008)
(1.12474 0.3 3.86979)
(1.21646 0.3 3.86948)
(1.31029 0.3 3.86915)
(1.40627 0.3 3.86879)
(1.50444 0.3 3.86842)
(1.60484 0.3 3.86803)
(1.70752 0.3 3.86762)
(1.81252 0.3 3.86719)
(1.91988 0.3 3.86674)
(2.02964 0.3 3.86628)
(2.14185 0.3 3.86579)
(2.25655 0.3 3.86528)
(2.37378 0.3 3.86475)
(2.49361 0.3 3.86419)
(2.61608 0.3 3.86359)
(2.74124 0.3 3.86296)
(2.86916 0.3 3.86228)
(3 0.3 3.86156)
(0.778027 0.3 4)
(0.861723 0.3 4)
(0.947368 0.3 4)
(1.035 0.3 4)
(1.12466 0.3 4)
(1.21639 0.3 4)
(1.31021 0.3 4)
(1.40619 0.3 4)
(1.50436 0.3 4)
(1.60477 0.3 4)
(1.70745 0.3 4)
(1.81244 0.3 4)
(1.9198 0.3 4)
(2.02956 0.3 4)
(2.14178 0.3 4)
(2.25648 0.3 4)
(2.37372 0.3 4)
(2.49356 0.3 4)
(2.61604 0.3 4)
(2.74121 0.3 4)
(2.86915 0.3 4)
(3 0.3 4)
(0.792614 0 1.19832)
(0.876954 0 1.19539)
(0.963113 0 1.19277)
(0.791605 0 1.27644)
(0.876024 0 1.2729)
(0.962258 0 1.26975)
(1.05036 0 1.26687)
(1.14039 0 1.26418)
(0.790743 0 1.3556)
(0.875189 0 1.35166)
(0.961461 0 1.34811)
(1.04961 0 1.34486)
(1.13968 0 1.34183)
(1.23171 0 1.33897)
(0.790027 0 1.43574)
(0.874454 0 1.43159)
(0.960729 0 1.42779)
(1.04889 0 1.42428)
(1.13898 0 1.42099)
(1.23104 0 1.41788)
(1.32512 0 1.41489)
(1.42124 0 1.41199)
(0.789438 0 1.51686)
(0.873815 0 1.51268)
(0.960065 0 1.50878)
(1.04822 0 1.50511)
(1.13831 0 1.50165)
(1.23038 0 1.49834)
(1.32447 0 1.49517)
(1.42062 0 1.49209)
(1.51885 0 1.48907)
(1.61922 0 1.48607)
(0.788946 0 1.59906)
(0.873255 0 1.59497)
(0.95946 0 1.59107)
(1.04759 0 1.58735)
(1.13767 0 1.5838)
(1.22974 0 1.58038)
(1.32383 0 1.57707)
(1.41999 0 1.57385)
(1.51824 0 1.57069)
(1.61862 0 1.56755)
(1.72117 0 1.56442)
(0.788516 0 1.68249)
(0.872752 0 1.67855)
(0.958902 0 1.67473)
(1.04699 0 1.67103)
(1.13705 0 1.66745)
(1.2291 0 1.66398)
(1.32319 0 1.6606)
(1.41935 0 1.65728)
(1.51761 0 1.65401)
(1.61801 0 1.65077)
(1.72057 0 1.64753)
(1.82534 0 1.64426)
(1.93234 0 1.64094)
(0.788122 0 1.76727)
(0.872284 0 1.76352)
(0.958375 0 1.75983)
(1.04642 0 1.75621)
(1.13644 0 1.75266)
(1.22848 0 1.74919)
(1.32256 0 1.74577)
(1.41871 0 1.74241)
(1.51698 0 1.73907)
(1.61738 0 1.73575)
(1.71996 0 1.73242)
(1.82475 0 1.72907)
(1.93177 0 1.72566)
(2.04106 0 1.72217)
(0.78774 0 1.85352)
(0.871832 0 1.84998)
(0.957864 0 1.84645)
(1.04586 0 1.84295)
(1.13585 0 1.83947)
(1.22786 0 1.83603)
(1.32192 0 1.83262)
(1.41807 0 1.82925)
(1.51633 0 1.82588)
(1.61674 0 1.82252)
(1.71933 0 1.81913)
(1.82413 0 1.81571)
(1.93118 0 1.81224)
(2.0405 0 1.80868)
(2.15212 0 1.805)
(2.26607 0 1.80118)
(0.787353 0 1.94134)
(0.871382 0 1.93804)
(0.957358 0 1.93469)
(1.04531 0 1.93131)
(1.13526 0 1.92794)
(1.22724 0 1.92457)
(1.32128 0 1.9212)
(1.41742 0 1.91784)
(1.51567 0 1.91448)
(1.61609 0 1.9111)
(1.71869 0 1.90769)
(1.82351 0 1.90423)
(1.93057 0 1.90071)
(2.03992 0 1.89709)
(2.15158 0 1.89337)
(2.26557 0 1.88949)
(2.38193 0 1.88543)
(0.786948 0 2.03085)
(0.870921 0 2.02777)
(0.956846 0 2.0246)
(1.04475 0 2.02139)
(1.13466 0 2.01813)
(1.22662 0 2.01485)
(1.32063 0 2.01156)
(1.41675 0 2.00824)
(1.515 0 2.0049)
(1.61542 0 2.00153)
(1.71802 0 1.99811)
(1.82286 0 1.99465)
(1.92995 0 1.9911)
(2.03933 0 1.98746)
(2.15102 0 1.9837)
(2.26505 0 1.97978)
(2.38146 0 1.97568)
(2.50027 0 1.97134)
(2.62149 0 1.96672)
(0.786516 0 2.12212)
(0.870442 0 2.11926)
(0.956321 0 2.11629)
(1.04418 0 2.11323)
(1.13406 0 2.11012)
(1.22598 0 2.10695)
(1.31998 0 2.10373)
(1.41608 0 2.10048)
(1.51432 0 2.09719)
(1.61473 0 2.09385)
(1.71735 0 2.09046)
(1.82219 0 2.087)
(1.92931 0 2.08346)
(2.03871 0 2.07982)
(2.15044 0 2.07604)
(2.26452 0 2.07211)
(2.38098 0 2.06799)
(2.49985 0 2.06363)
(2.62115 0 2.05899)
(2.7449 0 2.05399)
(0.786054 0 2.21525)
(0.869937 0 2.21259)
(0.955776 0 2.20981)
(1.0436 0 2.20692)
(1.13344 0 2.20395)
(1.22534 0 2.2009)
(1.31931 0 2.19779)
(1.4154 0 2.19462)
(1.51363 0 2.1914)
(1.61404 0 2.18811)
(1.71665 0 2.18476)
(1.82151 0 2.18134)
(1.92865 0 2.17782)
(2.03808 0 2.1742)
(2.14985 0 2.17044)
(2.26397 0 2.16651)
(2.38049 0 2.1624)
(2.49943 0 2.15804)
(2.62081 0 2.1534)
(2.74466 0 2.14842)
(2.87099 0 2.14301)
(0.785556 0 2.3103)
(0.869405 0 2.30784)
(0.955209 0 2.30524)
(1.043 0 2.30252)
(1.13281 0 2.29969)
(1.22468 0 2.29678)
(1.31863 0 2.29378)
(1.4147 0 2.29072)
(1.51292 0 2.28758)
(1.61333 0 2.28436)
(1.71595 0 2.28108)
(1.82082 0 2.2777)
(1.92797 0 2.27423)
(2.03743 0 2.27064)
(2.14924 0 2.26692)
(2.26341 0 2.26303)
(2.37999 0 2.25895)
(2.499 0 2.25462)
(2.62046 0 2.25001)
(2.74441 0 2.24506)
(2.87086 0 2.23969)
(3 0 2.23395)
(0.785023 0 2.40734)
(0.868843 0 2.40506)
(0.954619 0 2.40264)
(1.04238 0 2.40008)
(1.13217 0 2.39741)
(1.22401 0 2.39463)
(1.31794 0 2.39177)
(1.414 0 2.38881)
(1.51221 0 2.38577)
(1.61261 0 2.38265)
(1.71523 0 2.37944)
(1.82011 0 2.37614)
(1.92728 0 2.37273)
(2.03677 0 2.3692)
(2.14861 0 2.36554)
(2.26284 0 2.36171)
(2.37948 0 2.35768)
(2.49856 0 2.35342)
(2.6201 0 2.34887)
(2.74415 0 2.34398)
(2.87072 0 2.33868)
(3 0 2.33302)
(0.784458 0 2.50643)
(0.868254 0 2.50433)
(0.954005 0 2.50207)
(1.04174 0 2.49968)
(1.1315 0 2.49716)
(1.22332 0 2.49453)
(1.31724 0 2.49179)
(1.41328 0 2.48896)
(1.51148 0 2.48604)
(1.61188 0 2.48302)
(1.71451 0 2.47991)
(1.8194 0 2.4767)
(1.92658 0 2.47338)
(2.0361 0 2.46993)
(2.14798 0 2.46635)
(2.26225 0 2.4626)
(2.37895 0 2.45865)
(2.4981 0 2.45447)
(2.61974 0 2.45002)
(2.74389 0 2.44522)
(2.87058 0 2.44003)
(3 0 2.43448)
(0.783864 0 2.60764)
(0.86764 0 2.60569)
(0.953369 0 2.60359)
(1.04109 0 2.60136)
(1.13083 0 2.59899)
(1.22263 0 2.59651)
(1.31653 0 2.59392)
(1.41256 0 2.59122)
(1.51075 0 2.58842)
(1.61115 0 2.58553)
(1.71378 0 2.58253)
(1.81868 0 2.57943)
(1.92588 0 2.57621)
(2.03543 0 2.57287)
(2.14734 0 2.56939)
(2.26166 0 2.56574)
(2.37842 0 2.56191)
(2.49764 0 2.55784)
(2.61937 0 2.55351)
(2.74363 0 2.54885)
(2.87044 0 2.5438)
(3 0 2.5384)
(0.783246 0 2.711)
(0.867005 0 2.7092)
(0.952718 0 2.70726)
(1.04042 0 2.70518)
(1.13014 0 2.70297)
(1.22193 0 2.70064)
(1.31581 0 2.69819)
(1.41183 0 2.69564)
(1.51002 0 2.69298)
(1.61041 0 2.69022)
(1.71305 0 2.68735)
(1.81796 0 2.68438)
(1.92518 0 2.68129)
(2.03475 0 2.67808)
(2.1467 0 2.67472)
(2.26106 0 2.67121)
(2.37788 0 2.6675)
(2.49718 0 2.66358)
(2.61899 0 2.6594)
(2.74336 0 2.65491)
(2.8703 0 2.65004)
(3 0 2.64484)
(0.782613 0 2.81656)
(0.866358 0 2.81491)
(0.952056 0 2.81312)
(1.03974 0 2.81119)
(1.12945 0 2.80914)
(1.22123 0 2.80696)
(1.3151 0 2.80467)
(1.41111 0 2.80227)
(1.50929 0 2.79976)
(1.60968 0 2.79715)
(1.71232 0 2.79443)
(1.81724 0 2.7916)
(1.92448 0 2.78866)
(2.03408 0 2.7856)
(2.14606 0 2.78239)
(2.26047 0 2.77903)
(2.37734 0 2.77549)
(2.49671 0 2.77174)
(2.61862 0 2.76775)
(2.74309 0 2.76345)
(2.87016 0 2.75881)
(3 0 2.75384)
(0.781972 0 2.92437)
(0.865706 0 2.92286)
(0.951393 0 2.92121)
(1.03907 0 2.91944)
(1.12877 0 2.91755)
(1.22053 0 2.91553)
(1.31439 0 2.9134)
(1.41039 0 2.91116)
(1.50857 0 2.90882)
(1.60896 0 2.90637)
(1.71161 0 2.90381)
(1.81654 0 2.90115)
(1.9238 0 2.89838)
(2.03342 0 2.89549)
(2.14544 0 2.89246)
(2.25989 0 2.88928)
(2.37682 0 2.88594)
(2.49626 0 2.88239)
(2.61824 0 2.87861)
(2.74282 0 2.87455)
(2.87001 0 2.87017)
(3 0 2.86549)
(0.781334 0 3.03446)
(0.865059 0 3.03308)
(0.950736 0 3.03159)
(1.0384 0 3.02997)
(1.12809 0 3.02824)
(1.21984 0 3.02639)
(1.3137 0 3.02443)
(1.40969 0 3.02236)
(1.50787 0 3.02019)
(1.60826 0 3.01792)
(1.71091 0 3.01555)
(1.81586 0 3.01308)
(1.92313 0 3.01049)
(2.03278 0 3.0078)
(2.14483 0 3.00497)
(2.25932 0 3.00201)
(2.37631 0 2.99889)
(2.49581 0 2.99558)
(2.61788 0 2.99205)
(2.74255 0 2.98827)
(2.86987 0 2.98419)
(3 0 2.97983)
(0.78071 0 3.14686)
(0.864429 0 3.14562)
(0.950098 0 3.14428)
(1.03776 0 3.14282)
(1.12744 0 3.14125)
(1.21918 0 3.13957)
(1.31303 0 3.13779)
(1.40902 0 3.13591)
(1.50719 0 3.13393)
(1.60759 0 3.13186)
(1.71025 0 3.12969)
(1.8152 0 3.12742)
(1.92249 0 3.12506)
(2.03216 0 3.12258)
(2.14424 0 3.11999)
(2.25878 0 3.11727)
(2.37581 0 3.1144)
(2.49538 0 3.11136)
(2.61753 0 3.10813)
(2.7423 0 3.10467)
(2.86973 0 3.10093)
(3 0 3.09695)
(0.780113 0 3.26159)
(0.863826 0 3.2605)
(0.949489 0 3.25931)
(1.03714 0 3.25802)
(1.12682 0 3.25662)
(1.21855 0 3.25512)
(1.3124 0 3.25354)
(1.40838 0 3.25185)
(1.50656 0 3.25008)
(1.60695 0 3.24823)
(1.70962 0 3.24628)
(1.81458 0 3.24425)
(1.92189 0 3.24212)
(2.03158 0 3.2399)
(2.14369 0 3.23757)
(2.25827 0 3.23512)
(2.37535 0 3.23254)
(2.49498 0 3.22981)
(2.6172 0 3.22691)
(2.74206 0 3.2238)
(2.86961 0 3.22045)
(3 0 3.21689)
(0.779558 0 3.37869)
(0.863266 0 3.37775)
(0.948924 0 3.37671)
(1.03657 0 3.37559)
(1.12624 0 3.37438)
(1.21798 0 3.37308)
(1.31181 0 3.3717)
(1.4078 0 3.37024)
(1.50597 0 3.36869)
(1.60637 0 3.36707)
(1.70904 0 3.36537)
(1.81401 0 3.3636)
(1.92133 0 3.36174)
(2.03104 0 3.35979)
(2.14318 0 3.35776)
(2.25779 0 3.35562)
(2.37492 0 3.35337)
(2.4946 0 3.35099)
(2.61689 0 3.34845)
(2.74184 0 3.34575)
(2.86949 0 3.34283)
(3 0 3.33974)
(0.779061 0 3.49816)
(0.862766 0 3.49737)
(0.948419 0 3.49651)
(1.03606 0 3.49557)
(1.12573 0 3.49456)
(1.21746 0 3.49347)
(1.31129 0 3.49232)
(1.40728 0 3.49109)
(1.50545 0 3.48979)
(1.60585 0 3.48843)
(1.70852 0 3.48701)
(1.8135 0 3.48552)
(1.92084 0 3.48396)
(2.03056 0 3.48232)
(2.14273 0 3.48062)
(2.25737 0 3.47882)
(2.37453 0 3.47694)
(2.49427 0 3.47494)
(2.61662 0 3.47283)
(2.74164 0 3.47057)
(2.86938 0 3.46813)
(3 0 3.46555)
(0.77864 0 3.62001)
(0.862341 0 3.61939)
(0.947991 0 3.61871)
(1.03563 0 3.61798)
(1.12529 0 3.61718)
(1.21702 0 3.61633)
(1.31086 0 3.61541)
(1.40684 0 3.61445)
(1.50501 0 3.61343)
(1.60541 0 3.61236)
(1.70808 0 3.61123)
(1.81307 0 3.61006)
(1.92042 0 3.60883)
(2.03016 0 3.60755)
(2.14234 0 3.6062)
(2.25701 0 3.6048)
(2.37421 0 3.60331)
(2.49398 0 3.60175)
(2.61639 0 3.60009)
(2.74147 0 3.59833)
(2.86929 0 3.59643)
(3 0 3.59441)
(0.778313 0 3.74424)
(0.862012 0 3.7438)
(0.947659 0 3.74333)
(1.03529 0 3.74281)
(1.12496 0 3.74226)
(1.21668 0 3.74166)
(1.31051 0 3.74102)
(1.40649 0 3.74034)
(1.50466 0 3.73963)
(1.60507 0 3.73888)
(1.70774 0 3.73809)
(1.81274 0 3.73727)
(1.92009 0 3.73641)
(2.02984 0 3.73551)
(2.14204 0 3.73458)
(2.25673 0 3.73359)
(2.37395 0 3.73256)
(2.49376 0 3.73148)
(2.6162 0 3.73033)
(2.74133 0 3.7291)
(2.86921 0 3.72778)
(3 0 3.72639)
(0.778101 0 3.87083)
(0.861798 0 3.8706)
(0.947444 0 3.87035)
(1.03508 0 3.87008)
(1.12474 0 3.86979)
(1.21646 0 3.86948)
(1.31029 0 3.86915)
(1.40627 0 3.86879)
(1.50444 0 3.86842)
(1.60484 0 3.86803)
(1.70752 0 3.86762)
(1.81252 0 3.86719)
(1.91988 0 3.86674)
(2.02964 0 3.86628)
(2.14185 0 3.86579)
(2.25655 0 3.86528)
(2.37378 0 3.86475)
(2.49361 0 3.86419)
(2.61608 0 3.86359)
(2.74124 0 3.86296)
(2.86916 0 3.86228)
(3 0 3.86156)
(0.778027 0 4)
(0.861723 0 4)
(0.947368 0 4)
(1.035 0 4)
(1.12466 0 4)
(1.21639 0 4)
(1.31021 0 4)
(1.40619 0 4)
(1.50436 0 4)
(1.60477 0 4)
(1.70745 0 4)
(1.81244 0 4)
(1.9198 0 4)
(2.02956 0 4)
(2.14178 0 4)
(2.25648 0 4)
(2.37372 0 4)
(2.49356 0 4)
(2.61604 0 4)
(2.74121 0 4)
(2.86915 0 4)
(3 0 4)
)


// ************************************************************************* //
