/*--------------------------------*- C++ -*----------------------------------*\
| =========                 |                                                 |
| \\      /  F ield         | OpenFOAM: The Open Source CFD Toolbox           |
|  \\    /   O peration     | Version:  dev                                   |
|   \\  /    A nd           | Web:      www.OpenFOAM.org                      |
|    \\/     M anipulation  |                                                 |
\*---------------------------------------------------------------------------*/
FoamFile
{
    version     2.0;
    format      ascii;
    class       vectorField;
    location    "1.45/polyMesh";
    object      points;
}
// * * * * * * * * * * * * * * * * * * * * * * * * * * * * * * * * * * * * * //


1030
(
(1.17099 0.3 0.990016)
(1.24727 0.3 0.995323)
(1.32515 0.3 1.00088)
(1.17239 0.3 1.06289)
(1.24857 0.3 1.0678)
(1.3263 0.3 1.07302)
(1.40551 0.3 1.07849)
(1.48615 0.3 1.08417)
(1.17266 0.3 1.13814)
(1.24887 0.3 1.14264)
(1.32656 0.3 1.14749)
(1.40569 0.3 1.15265)
(1.48622 0.3 1.15807)
(1.56808 0.3 1.16371)
(1.17183 0.3 1.21571)
(1.24818 0.3 1.2198)
(1.32594 0.3 1.22429)
(1.40508 0.3 1.22913)
(1.48558 0.3 1.23426)
(1.56738 0.3 1.23967)
(1.65043 0.3 1.24531)
(1.73467 0.3 1.25117)
(1.16998 0.3 1.29557)
(1.24654 0.3 1.29928)
(1.32444 0.3 1.30342)
(1.40367 0.3 1.30793)
(1.48421 0.3 1.31278)
(1.56602 0.3 1.31793)
(1.64905 0.3 1.32336)
(1.73327 0.3 1.32904)
(1.8186 0.3 1.33496)
(1.905 0.3 1.34111)
(1.16718 0.3 1.37771)
(1.24401 0.3 1.38106)
(1.32211 0.3 1.38486)
(1.40148 0.3 1.38906)
(1.48211 0.3 1.39362)
(1.56399 0.3 1.39852)
(1.64707 0.3 1.40372)
(1.73131 0.3 1.4092)
(1.81666 0.3 1.41496)
(1.90307 0.3 1.42099)
(1.99048 0.3 1.42728)
(1.16352 0.3 1.46211)
(1.24064 0.3 1.46514)
(1.31897 0.3 1.46862)
(1.39853 0.3 1.47252)
(1.47932 0.3 1.47681)
(1.5613 0.3 1.48145)
(1.64447 0.3 1.48642)
(1.72879 0.3 1.49171)
(1.8142 0.3 1.49729)
(1.90067 0.3 1.50317)
(1.98814 0.3 1.50933)
(2.07655 0.3 1.5158)
(2.16585 0.3 1.52257)
(1.15907 0.3 1.54878)
(1.2365 0.3 1.55152)
(1.31509 0.3 1.55471)
(1.39487 0.3 1.55834)
(1.47584 0.3 1.56236)
(1.55798 0.3 1.56675)
(1.64127 0.3 1.57149)
(1.7257 0.3 1.57657)
(1.81121 0.3 1.58197)
(1.89778 0.3 1.58769)
(1.98535 0.3 1.59372)
(2.07387 0.3 1.60006)
(2.16329 0.3 1.60674)
(2.25356 0.3 1.61377)
(1.15392 0.3 1.63774)
(1.23166 0.3 1.64022)
(1.31053 0.3 1.64316)
(1.39054 0.3 1.64652)
(1.47171 0.3 1.65029)
(1.55403 0.3 1.65444)
(1.63749 0.3 1.65896)
(1.72206 0.3 1.66383)
(1.80771 0.3 1.66904)
(1.89441 0.3 1.67459)
(1.98212 0.3 1.68047)
(2.07079 0.3 1.68668)
(2.16037 0.3 1.69325)
(2.25082 0.3 1.70018)
(2.34208 0.3 1.70749)
(2.4341 0.3 1.71522)
(1.14816 0.3 1.72901)
(1.2262 0.3 1.73127)
(1.30533 0.3 1.73397)
(1.38559 0.3 1.7371)
(1.46699 0.3 1.74063)
(1.54951 0.3 1.74456)
(1.63315 0.3 1.74886)
(1.71789 0.3 1.75352)
(1.80371 0.3 1.75854)
(1.89058 0.3 1.76391)
(1.97846 0.3 1.76963)
(2.06731 0.3 1.7757)
(2.15709 0.3 1.78213)
(2.24775 0.3 1.78894)
(2.33924 0.3 1.79614)
(2.43153 0.3 1.80377)
(2.52456 0.3 1.81186)
(1.14185 0.3 1.82264)
(1.22017 0.3 1.8247)
(1.29958 0.3 1.8272)
(1.38009 0.3 1.83011)
(1.46171 0.3 1.83342)
(1.54445 0.3 1.83713)
(1.62829 0.3 1.84122)
(1.71323 0.3 1.84568)
(1.79924 0.3 1.8505)
(1.8863 0.3 1.85569)
(1.97438 0.3 1.86123)
(2.06344 0.3 1.86714)
(2.15345 0.3 1.87343)
(2.24436 0.3 1.8801)
(2.33613 0.3 1.88717)
(2.42872 0.3 1.89467)
(2.52209 0.3 1.90264)
(2.61621 0.3 1.91109)
(2.71104 0.3 1.92008)
(1.13508 0.3 1.91866)
(1.21367 0.3 1.92055)
(1.29334 0.3 1.92286)
(1.37409 0.3 1.92558)
(1.45595 0.3 1.92869)
(1.5389 0.3 1.93219)
(1.62296 0.3 1.93608)
(1.70811 0.3 1.94034)
(1.79433 0.3 1.94497)
(1.88161 0.3 1.94997)
(1.96991 0.3 1.95533)
(2.05921 0.3 1.96107)
(2.14947 0.3 1.96719)
(2.24066 0.3 1.9737)
(2.33274 0.3 1.98062)
(2.42567 0.3 1.98797)
(2.51942 0.3 1.99578)
(2.61396 0.3 2.00407)
(2.70926 0.3 2.0129)
(2.80529 0.3 2.02228)
(1.12794 0.3 2.01712)
(1.20676 0.3 2.01887)
(1.28667 0.3 2.02102)
(1.36766 0.3 2.02355)
(1.44974 0.3 2.02648)
(1.53292 0.3 2.02979)
(1.6172 0.3 2.03348)
(1.70257 0.3 2.03755)
(1.78902 0.3 2.04199)
(1.87653 0.3 2.04679)
(1.96508 0.3 2.05197)
(2.05464 0.3 2.05753)
(2.14518 0.3 2.06346)
(2.23668 0.3 2.06979)
(2.32909 0.3 2.07654)
(2.4224 0.3 2.08371)
(2.51656 0.3 2.09133)
(2.61156 0.3 2.09944)
(2.70736 0.3 2.10806)
(2.80397 0.3 2.11723)
(2.90131 0.3 2.12699)
(1.12049 0.3 2.1181)
(1.19951 0.3 2.11972)
(1.27963 0.3 2.12172)
(1.36084 0.3 2.12409)
(1.44316 0.3 2.12685)
(1.52657 0.3 2.12997)
(1.61107 0.3 2.13348)
(1.69667 0.3 2.13736)
(1.78336 0.3 2.1416)
(1.87112 0.3 2.14621)
(1.95993 0.3 2.1512)
(2.04977 0.3 2.15655)
(2.14062 0.3 2.1623)
(2.23244 0.3 2.16843)
(2.32522 0.3 2.17498)
(2.41892 0.3 2.18194)
(2.51353 0.3 2.18936)
(2.60901 0.3 2.19724)
(2.70536 0.3 2.20563)
(2.80257 0.3 2.21454)
(2.90058 0.3 2.22402)
(3 0.3 2.23395)
(1.11279 0.3 2.22165)
(1.192 0.3 2.22316)
(1.27231 0.3 2.22502)
(1.35372 0.3 2.22725)
(1.43625 0.3 2.22984)
(1.5199 0.3 2.2328)
(1.60463 0.3 2.23612)
(1.69046 0.3 2.23981)
(1.77739 0.3 2.24386)
(1.86541 0.3 2.24827)
(1.9545 0.3 2.25306)
(2.04464 0.3 2.25821)
(2.13581 0.3 2.26374)
(2.22798 0.3 2.26966)
(2.32115 0.3 2.27599)
(2.41527 0.3 2.28273)
(2.51035 0.3 2.2899)
(2.60635 0.3 2.29754)
(2.70327 0.3 2.30565)
(2.8011 0.3 2.31427)
(2.89982 0.3 2.32344)
(3 0.3 2.33302)
(1.10493 0.3 2.32785)
(1.18428 0.3 2.32926)
(1.26476 0.3 2.33101)
(1.34636 0.3 2.3331)
(1.4291 0.3 2.33554)
(1.51296 0.3 2.33833)
(1.59792 0.3 2.34147)
(1.68399 0.3 2.34497)
(1.77117 0.3 2.34883)
(1.85946 0.3 2.35304)
(1.94884 0.3 2.35761)
(2.03929 0.3 2.36255)
(2.13079 0.3 2.36786)
(2.22334 0.3 2.37355)
(2.31691 0.3 2.37963)
(2.41148 0.3 2.38611)
(2.50704 0.3 2.39302)
(2.60358 0.3 2.40037)
(2.7011 0.3 2.40818)
(2.79959 0.3 2.41648)
(2.89903 0.3 2.42528)
(3 0.3 2.43448)
(1.09696 0.3 2.43678)
(1.17644 0.3 2.4381)
(1.25707 0.3 2.43974)
(1.33884 0.3 2.4417)
(1.42176 0.3 2.44399)
(1.50583 0.3 2.44662)
(1.59103 0.3 2.44959)
(1.67735 0.3 2.4529)
(1.76478 0.3 2.45656)
(1.85333 0.3 2.46057)
(1.943 0.3 2.46492)
(2.03377 0.3 2.46963)
(2.12563 0.3 2.4747)
(2.21856 0.3 2.48014)
(2.31254 0.3 2.48595)
(2.40757 0.3 2.49216)
(2.50364 0.3 2.49878)
(2.60074 0.3 2.50581)
(2.69887 0.3 2.51329)
(2.79804 0.3 2.52121)
(2.89823 0.3 2.52963)
(3 0.3 2.5384)
(1.08898 0.3 2.54853)
(1.16856 0.3 2.54976)
(1.24932 0.3 2.55129)
(1.33124 0.3 2.55313)
(1.41433 0.3 2.55529)
(1.49858 0.3 2.55776)
(1.58401 0.3 2.56056)
(1.67058 0.3 2.56368)
(1.75827 0.3 2.56713)
(1.84709 0.3 2.57092)
(1.93705 0.3 2.57505)
(2.02815 0.3 2.57952)
(2.12036 0.3 2.58433)
(2.21368 0.3 2.5895)
(2.30809 0.3 2.59503)
(2.4036 0.3 2.60094)
(2.50018 0.3 2.60723)
(2.59785 0.3 2.61392)
(2.69661 0.3 2.62102)
(2.79647 0.3 2.62854)
(2.89742 0.3 2.63652)
(3 0.3 2.64484)
(1.08104 0.3 2.66319)
(1.16071 0.3 2.66434)
(1.24157 0.3 2.66578)
(1.32363 0.3 2.6675)
(1.40687 0.3 2.66952)
(1.49131 0.3 2.67183)
(1.57694 0.3 2.67445)
(1.66375 0.3 2.67738)
(1.7517 0.3 2.68062)
(1.8408 0.3 2.68419)
(1.93106 0.3 2.68807)
(2.02248 0.3 2.69229)
(2.11505 0.3 2.69683)
(2.20876 0.3 2.7017)
(2.30361 0.3 2.70693)
(2.39959 0.3 2.7125)
(2.4967 0.3 2.71844)
(2.59494 0.3 2.72474)
(2.69433 0.3 2.73144)
(2.79489 0.3 2.73853)
(2.8966 0.3 2.74603)
(3 0.3 2.75384)
(1.07323 0.3 2.78086)
(1.15297 0.3 2.78194)
(1.23392 0.3 2.78328)
(1.3161 0.3 2.78488)
(1.39949 0.3 2.78676)
(1.4841 0.3 2.78891)
(1.56992 0.3 2.79135)
(1.65695 0.3 2.79409)
(1.74516 0.3 2.79711)
(1.83455 0.3 2.80044)
(1.9251 0.3 2.80407)
(2.01684 0.3 2.80801)
(2.10976 0.3 2.81226)
(2.20386 0.3 2.81682)
(2.29914 0.3 2.82171)
(2.3956 0.3 2.82692)
(2.49323 0.3 2.83247)
(2.59205 0.3 2.83837)
(2.69207 0.3 2.84462)
(2.79331 0.3 2.85123)
(2.89579 0.3 2.85822)
(3 0.3 2.86549)
(1.06565 0.3 2.90166)
(1.14544 0.3 2.90266)
(1.22647 0.3 2.9039)
(1.30875 0.3 2.90539)
(1.39227 0.3 2.90712)
(1.47704 0.3 2.90911)
(1.56304 0.3 2.91137)
(1.65027 0.3 2.9139)
(1.73873 0.3 2.91669)
(1.8284 0.3 2.91977)
(1.91925 0.3 2.92313)
(2.0113 0.3 2.92678)
(2.10456 0.3 2.93071)
(2.19905 0.3 2.93494)
(2.29475 0.3 2.93946)
(2.39168 0.3 2.94428)
(2.48982 0.3 2.94941)
(2.58921 0.3 2.95486)
(2.68985 0.3 2.96062)
(2.79177 0.3 2.96672)
(2.89499 0.3 2.97315)
(3 0.3 2.97983)
(1.05838 0.3 3.02573)
(1.13821 0.3 3.02665)
(1.21931 0.3 3.02778)
(1.30168 0.3 3.02914)
(1.38532 0.3 3.03073)
(1.47023 0.3 3.03255)
(1.5564 0.3 3.03461)
(1.64382 0.3 3.03692)
(1.73251 0.3 3.03947)
(1.82244 0.3 3.04228)
(1.91358 0.3 3.04535)
(2.00594 0.3 3.04868)
(2.09954 0.3 3.05228)
(2.19439 0.3 3.05613)
(2.29051 0.3 3.06026)
(2.38788 0.3 3.06466)
(2.48653 0.3 3.06933)
(2.58646 0.3 3.07429)
(2.6877 0.3 3.07953)
(2.79028 0.3 3.08506)
(2.89422 0.3 3.09089)
(3 0.3 3.09695)
(1.05153 0.3 3.1532)
(1.1314 0.3 3.15403)
(1.21256 0.3 3.15505)
(1.29501 0.3 3.15628)
(1.37875 0.3 3.15771)
(1.46378 0.3 3.15935)
(1.5501 0.3 3.1612)
(1.63771 0.3 3.16327)
(1.7266 0.3 3.16557)
(1.81677 0.3 3.16809)
(1.90819 0.3 3.17084)
(2.00085 0.3 3.17383)
(2.09477 0.3 3.17705)
(2.18997 0.3 3.18051)
(2.28648 0.3 3.1842)
(2.38428 0.3 3.18814)
(2.4834 0.3 3.19232)
(2.58385 0.3 3.19674)
(2.68566 0.3 3.20141)
(2.78887 0.3 3.20634)
(2.8935 0.3 3.21152)
(3 0.3 3.21689)
(1.04524 0.3 3.28423)
(1.12513 0.3 3.28497)
(1.20633 0.3 3.28587)
(1.28885 0.3 3.28695)
(1.37268 0.3 3.28821)
(1.45782 0.3 3.28965)
(1.54428 0.3 3.29128)
(1.63205 0.3 3.29309)
(1.72112 0.3 3.29511)
(1.81151 0.3 3.29732)
(1.90318 0.3 3.29973)
(1.99613 0.3 3.30234)
(2.09035 0.3 3.30515)
(2.18588 0.3 3.30817)
(2.28274 0.3 3.31139)
(2.38094 0.3 3.31482)
(2.4805 0.3 3.31845)
(2.58143 0.3 3.3223)
(2.68378 0.3 3.32635)
(2.78756 0.3 3.33062)
(2.89282 0.3 3.3351)
(3 0.3 3.33974)
(1.03963 0.3 3.41902)
(1.11954 0.3 3.41965)
(1.20078 0.3 3.42042)
(1.28335 0.3 3.42133)
(1.36726 0.3 3.4224)
(1.4525 0.3 3.42362)
(1.53907 0.3 3.425)
(1.62698 0.3 3.42654)
(1.71622 0.3 3.42824)
(1.80679 0.3 3.4301)
(1.89869 0.3 3.43213)
(1.9919 0.3 3.43433)
(2.0864 0.3 3.4367)
(2.18222 0.3 3.43923)
(2.2794 0.3 3.44194)
(2.37795 0.3 3.44481)
(2.4779 0.3 3.44785)
(2.57927 0.3 3.45105)
(2.68208 0.3 3.45443)
(2.78638 0.3 3.45798)
(2.89221 0.3 3.46171)
(3 0.3 3.46555)
(1.03488 0.3 3.55777)
(1.11479 0.3 3.55827)
(1.19606 0.3 3.55889)
(1.27868 0.3 3.55962)
(1.36265 0.3 3.56047)
(1.44797 0.3 3.56145)
(1.53464 0.3 3.56255)
(1.62267 0.3 3.56377)
(1.71205 0.3 3.56512)
(1.80278 0.3 3.5666)
(1.89486 0.3 3.56821)
(1.98828 0.3 3.56996)
(2.08303 0.3 3.57183)
(2.1791 0.3 3.57382)
(2.27655 0.3 3.57595)
(2.37541 0.3 3.57821)
(2.47568 0.3 3.58059)
(2.57741 0.3 3.58311)
(2.68063 0.3 3.58575)
(2.78537 0.3 3.58852)
(2.89169 0.3 3.59142)
(3 0.3 3.59441)
(1.03117 0.3 3.70072)
(1.1111 0.3 3.70108)
(1.19238 0.3 3.70152)
(1.27504 0.3 3.70205)
(1.35905 0.3 3.70266)
(1.44443 0.3 3.70335)
(1.53118 0.3 3.70413)
(1.6193 0.3 3.705)
(1.70878 0.3 3.70595)
(1.79963 0.3 3.707)
(1.89185 0.3 3.70814)
(1.98544 0.3 3.70936)
(2.08039 0.3 3.71068)
(2.17667 0.3 3.71208)
(2.27433 0.3 3.71357)
(2.37341 0.3 3.71514)
(2.47395 0.3 3.71681)
(2.57596 0.3 3.71856)
(2.67949 0.3 3.72039)
(2.78458 0.3 3.72232)
(2.89128 0.3 3.72432)
(3 0.3 3.72639)
(1.02875 0.3 3.84817)
(1.10868 0.3 3.84836)
(1.18998 0.3 3.84859)
(1.27265 0.3 3.84887)
(1.35669 0.3 3.84919)
(1.44212 0.3 3.84956)
(1.52891 0.3 3.84997)
(1.61709 0.3 3.85043)
(1.70664 0.3 3.85094)
(1.79757 0.3 3.85149)
(1.88988 0.3 3.85208)
(1.98357 0.3 3.85273)
(2.07865 0.3 3.85342)
(2.17507 0.3 3.85415)
(2.27287 0.3 3.85492)
(2.3721 0.3 3.85574)
(2.4728 0.3 3.85661)
(2.575 0.3 3.85751)
(2.67873 0.3 3.85847)
(2.78405 0.3 3.85946)
(2.891 0.3 3.8605)
(3 0.3 3.86156)
(1.02788 0.3 4)
(1.10782 0.3 4)
(1.18912 0.3 4)
(1.2718 0.3 4)
(1.35586 0.3 4)
(1.44129 0.3 4)
(1.5281 0.3 4)
(1.6163 0.3 4)
(1.70587 0.3 4)
(1.79683 0.3 4)
(1.88917 0.3 4)
(1.9829 0.3 4)
(2.07802 0.3 4)
(2.17451 0.3 4)
(2.27236 0.3 4)
(2.37164 0.3 4)
(2.4724 0.3 4)
(2.57466 0.3 4)
(2.67846 0.3 4)
(2.78386 0.3 4)
(2.89091 0.3 4)
(3 0.3 4)
(1.17099 0 0.990016)
(1.24727 0 0.995323)
(1.32515 0 1.00088)
(1.17239 0 1.06289)
(1.24857 0 1.0678)
(1.3263 0 1.07302)
(1.40551 0 1.07849)
(1.48615 0 1.08417)
(1.17266 0 1.13814)
(1.24887 0 1.14264)
(1.32656 0 1.14749)
(1.40569 0 1.15265)
(1.48622 0 1.15807)
(1.56808 0 1.16371)
(1.17183 0 1.21571)
(1.24818 0 1.2198)
(1.32594 0 1.22429)
(1.40508 0 1.22913)
(1.48558 0 1.23426)
(1.56738 0 1.23967)
(1.65043 0 1.24531)
(1.73467 0 1.25117)
(1.16998 0 1.29557)
(1.24654 0 1.29928)
(1.32444 0 1.30342)
(1.40367 0 1.30793)
(1.48421 0 1.31278)
(1.56602 0 1.31793)
(1.64905 0 1.32336)
(1.73327 0 1.32904)
(1.8186 0 1.33496)
(1.905 0 1.34111)
(1.16718 0 1.37771)
(1.24401 0 1.38106)
(1.32211 0 1.38486)
(1.40148 0 1.38906)
(1.48211 0 1.39362)
(1.56399 0 1.39852)
(1.64707 0 1.40372)
(1.73131 0 1.4092)
(1.81666 0 1.41496)
(1.90307 0 1.42099)
(1.99048 0 1.42728)
(1.16352 0 1.46211)
(1.24064 0 1.46514)
(1.31897 0 1.46862)
(1.39853 0 1.47252)
(1.47932 0 1.47681)
(1.5613 0 1.48145)
(1.64447 0 1.48642)
(1.72879 0 1.49171)
(1.8142 0 1.49729)
(1.90067 0 1.50317)
(1.98814 0 1.50933)
(2.07655 0 1.5158)
(2.16585 0 1.52257)
(1.15907 0 1.54878)
(1.2365 0 1.55152)
(1.31509 0 1.55471)
(1.39487 0 1.55834)
(1.47584 0 1.56236)
(1.55798 0 1.56675)
(1.64127 0 1.57149)
(1.7257 0 1.57657)
(1.81121 0 1.58197)
(1.89778 0 1.58769)
(1.98535 0 1.59372)
(2.07387 0 1.60006)
(2.16329 0 1.60674)
(2.25356 0 1.61377)
(1.15392 0 1.63774)
(1.23166 0 1.64022)
(1.31053 0 1.64316)
(1.39054 0 1.64652)
(1.47171 0 1.65029)
(1.55403 0 1.65444)
(1.63749 0 1.65896)
(1.72206 0 1.66383)
(1.80771 0 1.66904)
(1.89441 0 1.67459)
(1.98212 0 1.68047)
(2.07079 0 1.68668)
(2.16037 0 1.69325)
(2.25082 0 1.70018)
(2.34208 0 1.70749)
(2.4341 0 1.71522)
(1.14816 0 1.72901)
(1.2262 0 1.73127)
(1.30533 0 1.73397)
(1.38559 0 1.7371)
(1.46699 0 1.74063)
(1.54951 0 1.74456)
(1.63315 0 1.74886)
(1.71789 0 1.75352)
(1.80371 0 1.75854)
(1.89058 0 1.76391)
(1.97846 0 1.76963)
(2.06731 0 1.7757)
(2.15709 0 1.78213)
(2.24775 0 1.78894)
(2.33924 0 1.79614)
(2.43153 0 1.80377)
(2.52456 0 1.81186)
(1.14185 0 1.82264)
(1.22017 0 1.8247)
(1.29958 0 1.8272)
(1.38009 0 1.83011)
(1.46171 0 1.83342)
(1.54445 0 1.83713)
(1.62829 0 1.84122)
(1.71323 0 1.84568)
(1.79924 0 1.8505)
(1.8863 0 1.85569)
(1.97438 0 1.86123)
(2.06344 0 1.86714)
(2.15345 0 1.87343)
(2.24436 0 1.8801)
(2.33613 0 1.88717)
(2.42872 0 1.89467)
(2.52209 0 1.90264)
(2.61621 0 1.91109)
(2.71104 0 1.92008)
(1.13508 0 1.91866)
(1.21367 0 1.92055)
(1.29334 0 1.92286)
(1.37409 0 1.92558)
(1.45595 0 1.92869)
(1.5389 0 1.93219)
(1.62296 0 1.93608)
(1.70811 0 1.94034)
(1.79433 0 1.94497)
(1.88161 0 1.94997)
(1.96991 0 1.95533)
(2.05921 0 1.96107)
(2.14947 0 1.96719)
(2.24066 0 1.9737)
(2.33274 0 1.98062)
(2.42567 0 1.98797)
(2.51942 0 1.99578)
(2.61396 0 2.00407)
(2.70926 0 2.0129)
(2.80529 0 2.02228)
(1.12794 0 2.01712)
(1.20676 0 2.01887)
(1.28667 0 2.02102)
(1.36766 0 2.02355)
(1.44974 0 2.02648)
(1.53292 0 2.02979)
(1.6172 0 2.03348)
(1.70257 0 2.03755)
(1.78902 0 2.04199)
(1.87653 0 2.04679)
(1.96508 0 2.05197)
(2.05464 0 2.05753)
(2.14518 0 2.06346)
(2.23668 0 2.06979)
(2.32909 0 2.07654)
(2.4224 0 2.08371)
(2.51656 0 2.09133)
(2.61156 0 2.09944)
(2.70736 0 2.10806)
(2.80397 0 2.11723)
(2.90131 0 2.12699)
(1.12049 0 2.1181)
(1.19951 0 2.11972)
(1.27963 0 2.12172)
(1.36084 0 2.12409)
(1.44316 0 2.12685)
(1.52657 0 2.12997)
(1.61107 0 2.13348)
(1.69667 0 2.13736)
(1.78336 0 2.1416)
(1.87112 0 2.14621)
(1.95993 0 2.1512)
(2.04977 0 2.15655)
(2.14062 0 2.1623)
(2.23244 0 2.16843)
(2.32522 0 2.17498)
(2.41892 0 2.18194)
(2.51353 0 2.18936)
(2.60901 0 2.19724)
(2.70536 0 2.20563)
(2.80257 0 2.21454)
(2.90058 0 2.22402)
(3 0 2.23395)
(1.11279 0 2.22165)
(1.192 0 2.22316)
(1.27231 0 2.22502)
(1.35372 0 2.22725)
(1.43625 0 2.22984)
(1.5199 0 2.2328)
(1.60463 0 2.23612)
(1.69046 0 2.23981)
(1.77739 0 2.24386)
(1.86541 0 2.24827)
(1.9545 0 2.25306)
(2.04464 0 2.25821)
(2.13581 0 2.26374)
(2.22798 0 2.26966)
(2.32115 0 2.27599)
(2.41527 0 2.28273)
(2.51035 0 2.2899)
(2.60635 0 2.29754)
(2.70327 0 2.30565)
(2.8011 0 2.31427)
(2.89982 0 2.32344)
(3 0 2.33302)
(1.10493 0 2.32785)
(1.18428 0 2.32926)
(1.26476 0 2.33101)
(1.34636 0 2.3331)
(1.4291 0 2.33554)
(1.51296 0 2.33833)
(1.59792 0 2.34147)
(1.68399 0 2.34497)
(1.77117 0 2.34883)
(1.85946 0 2.35304)
(1.94884 0 2.35761)
(2.03929 0 2.36255)
(2.13079 0 2.36786)
(2.22334 0 2.37355)
(2.31691 0 2.37963)
(2.41148 0 2.38611)
(2.50704 0 2.39302)
(2.60358 0 2.40037)
(2.7011 0 2.40818)
(2.79959 0 2.41648)
(2.89903 0 2.42528)
(3 0 2.43448)
(1.09696 0 2.43678)
(1.17644 0 2.4381)
(1.25707 0 2.43974)
(1.33884 0 2.4417)
(1.42176 0 2.44399)
(1.50583 0 2.44662)
(1.59103 0 2.44959)
(1.67735 0 2.4529)
(1.76478 0 2.45656)
(1.85333 0 2.46057)
(1.943 0 2.46492)
(2.03377 0 2.46963)
(2.12563 0 2.4747)
(2.21856 0 2.48014)
(2.31254 0 2.48595)
(2.40757 0 2.49216)
(2.50364 0 2.49878)
(2.60074 0 2.50581)
(2.69887 0 2.51329)
(2.79804 0 2.52121)
(2.89823 0 2.52963)
(3 0 2.5384)
(1.08898 0 2.54853)
(1.16856 0 2.54976)
(1.24932 0 2.55129)
(1.33124 0 2.55313)
(1.41433 0 2.55529)
(1.49858 0 2.55776)
(1.58401 0 2.56056)
(1.67058 0 2.56368)
(1.75827 0 2.56713)
(1.84709 0 2.57092)
(1.93705 0 2.57505)
(2.02815 0 2.57952)
(2.12036 0 2.58433)
(2.21368 0 2.5895)
(2.30809 0 2.59503)
(2.4036 0 2.60094)
(2.50018 0 2.60723)
(2.59785 0 2.61392)
(2.69661 0 2.62102)
(2.79647 0 2.62854)
(2.89742 0 2.63652)
(3 0 2.64484)
(1.08104 0 2.66319)
(1.16071 0 2.66434)
(1.24157 0 2.66578)
(1.32363 0 2.6675)
(1.40687 0 2.66952)
(1.49131 0 2.67183)
(1.57694 0 2.67445)
(1.66375 0 2.67738)
(1.7517 0 2.68062)
(1.8408 0 2.68419)
(1.93106 0 2.68807)
(2.02248 0 2.69229)
(2.11505 0 2.69683)
(2.20876 0 2.7017)
(2.30361 0 2.70693)
(2.39959 0 2.7125)
(2.4967 0 2.71844)
(2.59494 0 2.72474)
(2.69433 0 2.73144)
(2.79489 0 2.73853)
(2.8966 0 2.74603)
(3 0 2.75384)
(1.07323 0 2.78086)
(1.15297 0 2.78194)
(1.23392 0 2.78328)
(1.3161 0 2.78488)
(1.39949 0 2.78676)
(1.4841 0 2.78891)
(1.56992 0 2.79135)
(1.65695 0 2.79409)
(1.74516 0 2.79711)
(1.83455 0 2.80044)
(1.9251 0 2.80407)
(2.01684 0 2.80801)
(2.10976 0 2.81226)
(2.20386 0 2.81682)
(2.29914 0 2.82171)
(2.3956 0 2.82692)
(2.49323 0 2.83247)
(2.59205 0 2.83837)
(2.69207 0 2.84462)
(2.79331 0 2.85123)
(2.89579 0 2.85822)
(3 0 2.86549)
(1.06565 0 2.90166)
(1.14544 0 2.90266)
(1.22647 0 2.9039)
(1.30875 0 2.90539)
(1.39227 0 2.90712)
(1.47704 0 2.90911)
(1.56304 0 2.91137)
(1.65027 0 2.9139)
(1.73873 0 2.91669)
(1.8284 0 2.91977)
(1.91925 0 2.92313)
(2.0113 0 2.92678)
(2.10456 0 2.93071)
(2.19905 0 2.93494)
(2.29475 0 2.93946)
(2.39168 0 2.94428)
(2.48982 0 2.94941)
(2.58921 0 2.95486)
(2.68985 0 2.96062)
(2.79177 0 2.96672)
(2.89499 0 2.97315)
(3 0 2.97983)
(1.05838 0 3.02573)
(1.13821 0 3.02665)
(1.21931 0 3.02778)
(1.30168 0 3.02914)
(1.38532 0 3.03073)
(1.47023 0 3.03255)
(1.5564 0 3.03461)
(1.64382 0 3.03692)
(1.73251 0 3.03947)
(1.82244 0 3.04228)
(1.91358 0 3.04535)
(2.00594 0 3.04868)
(2.09954 0 3.05228)
(2.19439 0 3.05613)
(2.29051 0 3.06026)
(2.38788 0 3.06466)
(2.48653 0 3.06933)
(2.58646 0 3.07429)
(2.6877 0 3.07953)
(2.79028 0 3.08506)
(2.89422 0 3.09089)
(3 0 3.09695)
(1.05153 0 3.1532)
(1.1314 0 3.15403)
(1.21256 0 3.15505)
(1.29501 0 3.15628)
(1.37875 0 3.15771)
(1.46378 0 3.15935)
(1.5501 0 3.1612)
(1.63771 0 3.16327)
(1.7266 0 3.16557)
(1.81677 0 3.16809)
(1.90819 0 3.17084)
(2.00085 0 3.17383)
(2.09477 0 3.17705)
(2.18997 0 3.18051)
(2.28648 0 3.1842)
(2.38428 0 3.18814)
(2.4834 0 3.19232)
(2.58385 0 3.19674)
(2.68566 0 3.20141)
(2.78887 0 3.20634)
(2.8935 0 3.21152)
(3 0 3.21689)
(1.04524 0 3.28423)
(1.12513 0 3.28497)
(1.20633 0 3.28587)
(1.28885 0 3.28695)
(1.37268 0 3.28821)
(1.45782 0 3.28965)
(1.54428 0 3.29128)
(1.63205 0 3.29309)
(1.72112 0 3.29511)
(1.81151 0 3.29732)
(1.90318 0 3.29973)
(1.99613 0 3.30234)
(2.09035 0 3.30515)
(2.18588 0 3.30817)
(2.28274 0 3.31139)
(2.38094 0 3.31482)
(2.4805 0 3.31845)
(2.58143 0 3.3223)
(2.68378 0 3.32635)
(2.78756 0 3.33062)
(2.89282 0 3.3351)
(3 0 3.33974)
(1.03963 0 3.41902)
(1.11954 0 3.41965)
(1.20078 0 3.42042)
(1.28335 0 3.42133)
(1.36726 0 3.4224)
(1.4525 0 3.42362)
(1.53907 0 3.425)
(1.62698 0 3.42654)
(1.71622 0 3.42824)
(1.80679 0 3.4301)
(1.89869 0 3.43213)
(1.9919 0 3.43433)
(2.0864 0 3.4367)
(2.18222 0 3.43923)
(2.2794 0 3.44194)
(2.37795 0 3.44481)
(2.4779 0 3.44785)
(2.57927 0 3.45105)
(2.68208 0 3.45443)
(2.78638 0 3.45798)
(2.89221 0 3.46171)
(3 0 3.46555)
(1.03488 0 3.55777)
(1.11479 0 3.55827)
(1.19606 0 3.55889)
(1.27868 0 3.55962)
(1.36265 0 3.56047)
(1.44797 0 3.56145)
(1.53464 0 3.56255)
(1.62267 0 3.56377)
(1.71205 0 3.56512)
(1.80278 0 3.5666)
(1.89486 0 3.56821)
(1.98828 0 3.56996)
(2.08303 0 3.57183)
(2.1791 0 3.57382)
(2.27655 0 3.57595)
(2.37541 0 3.57821)
(2.47568 0 3.58059)
(2.57741 0 3.58311)
(2.68063 0 3.58575)
(2.78537 0 3.58852)
(2.89169 0 3.59142)
(3 0 3.59441)
(1.03117 0 3.70072)
(1.1111 0 3.70108)
(1.19238 0 3.70152)
(1.27504 0 3.70205)
(1.35905 0 3.70266)
(1.44443 0 3.70335)
(1.53118 0 3.70413)
(1.6193 0 3.705)
(1.70878 0 3.70595)
(1.79963 0 3.707)
(1.89185 0 3.70814)
(1.98544 0 3.70936)
(2.08039 0 3.71068)
(2.17667 0 3.71208)
(2.27433 0 3.71357)
(2.37341 0 3.71514)
(2.47395 0 3.71681)
(2.57596 0 3.71856)
(2.67949 0 3.72039)
(2.78458 0 3.72232)
(2.89128 0 3.72432)
(3 0 3.72639)
(1.02875 0 3.84817)
(1.10868 0 3.84836)
(1.18998 0 3.84859)
(1.27265 0 3.84887)
(1.35669 0 3.84919)
(1.44212 0 3.84956)
(1.52891 0 3.84997)
(1.61709 0 3.85043)
(1.70664 0 3.85094)
(1.79757 0 3.85149)
(1.88988 0 3.85208)
(1.98357 0 3.85273)
(2.07865 0 3.85342)
(2.17507 0 3.85415)
(2.27287 0 3.85492)
(2.3721 0 3.85574)
(2.4728 0 3.85661)
(2.575 0 3.85751)
(2.67873 0 3.85847)
(2.78405 0 3.85946)
(2.891 0 3.8605)
(3 0 3.86156)
(1.02788 0 4)
(1.10782 0 4)
(1.18912 0 4)
(1.2718 0 4)
(1.35586 0 4)
(1.44129 0 4)
(1.5281 0 4)
(1.6163 0 4)
(1.70587 0 4)
(1.79683 0 4)
(1.88917 0 4)
(1.9829 0 4)
(2.07802 0 4)
(2.17451 0 4)
(2.27236 0 4)
(2.37164 0 4)
(2.4724 0 4)
(2.57466 0 4)
(2.67846 0 4)
(2.78386 0 4)
(2.89091 0 4)
(3 0 4)
)


// ************************************************************************* //
