/*--------------------------------*- C++ -*----------------------------------*\
| =========                 |                                                 |
| \\      /  F ield         | OpenFOAM: The Open Source CFD Toolbox           |
|  \\    /   O peration     | Version:  dev                                   |
|   \\  /    A nd           | Web:      www.OpenFOAM.org                      |
|    \\/     M anipulation  |                                                 |
\*---------------------------------------------------------------------------*/
FoamFile
{
    version     2.0;
    format      ascii;
    class       vectorField;
    location    "2.79/polyMesh";
    object      points;
}
// * * * * * * * * * * * * * * * * * * * * * * * * * * * * * * * * * * * * * //


1028
(
(-0.496407 0.3 1.25777)
(-0.403267 0.3 1.2555)
(-0.490707 0.3 1.33219)
(-0.398084 0.3 1.32993)
(-0.307182 0.3 1.32748)
(-0.218162 0.3 1.32488)
(-0.486313 0.3 1.40875)
(-0.394309 0.3 1.40653)
(-0.304232 0.3 1.40417)
(-0.216223 0.3 1.4017)
(-0.13047 0.3 1.39915)
(-0.0472105 0.3 1.39656)
(-0.48307 0.3 1.48748)
(-0.391722 0.3 1.48532)
(-0.302448 0.3 1.48307)
(-0.215366 0.3 1.48075)
(-0.130634 0.3 1.4784)
(-0.0484348 0.3 1.47604)
(0.031072 0.3 1.47374)
(0.107773 0.3 1.47153)
(-0.480823 0.3 1.56839)
(-0.390122 0.3 1.56632)
(-0.301599 0.3 1.56419)
(-0.215357 0.3 1.56203)
(-0.131522 0.3 1.55986)
(-0.0502111 0.3 1.55774)
(0.0284856 0.3 1.55568)
(0.10451 0.3 1.55372)
(0.177846 0.3 1.5519)
(0.248281 0.3 1.55044)
(-0.479427 0.3 1.65153)
(-0.389339 0.3 1.64955)
(-0.301511 0.3 1.64755)
(-0.216027 0.3 1.64554)
(-0.132965 0.3 1.64356)
(-0.0523931 0.3 1.64163)
(0.0256429 0.3 1.63979)
(0.101123 0.3 1.63805)
(0.174056 0.3 1.63645)
(0.244264 0.3 1.63516)
(-0.478754 0.3 1.73691)
(-0.389245 0.3 1.73504)
(-0.302055 0.3 1.73316)
(-0.217239 0.3 1.73131)
(-0.134838 0.3 1.7295)
(-0.054884 0.3 1.72775)
(0.0226058 0.3 1.72609)
(0.0976366 0.3 1.72454)
(0.170235 0.3 1.72312)
(0.240246 0.3 1.72198)
(-0.478704 0.3 1.82459)
(-0.389735 0.3 1.82282)
(-0.303121 0.3 1.82107)
(-0.218887 0.3 1.81936)
(-0.137051 0.3 1.8177)
(-0.0576189 0.3 1.81611)
(0.0194133 0.3 1.81462)
(0.0940676 0.3 1.81322)
(0.166381 0.3 1.81196)
(0.236217 0.3 1.81094)
(-0.47919 0.3 1.91459)
(-0.390716 0.3 1.91293)
(-0.304615 0.3 1.9113)
(-0.22089 0.3 1.90972)
(-0.139539 0.3 1.9082)
(-0.060552 0.3 1.90675)
(0.0160916 0.3 1.9054)
(0.0904248 0.3 1.90415)
(0.162491 0.3 1.90301)
(0.232171 0.3 1.90211)
(-0.480138 0.3 2.00697)
(-0.392112 0.3 2.00541)
(-0.306465 0.3 2.00389)
(-0.223185 0.3 2.00243)
(-0.142254 0.3 2.00104)
(-0.0636497 0.3 1.99972)
(0.01266 0.3 1.99849)
(0.0867154 0.3 1.99736)
(0.158564 0.3 1.99634)
(0.228101 0.3 1.99553)
(-0.481483 0.3 2.10176)
(-0.393859 0.3 2.1003)
(-0.308615 0.3 2.09889)
(-0.225724 0.3 2.09754)
(-0.145158 0.3 2.09626)
(-0.0668854 0.3 2.09506)
(0.00913424 0.3 2.09394)
(0.0829463 0.3 2.09292)
(0.154601 0.3 2.092)
(0.224007 0.3 2.09127)
(-0.572838 0.3 2.20042)
(-0.483166 0.3 2.19901)
(-0.395902 0.3 2.19765)
(-0.311014 0.3 2.19634)
(-0.228465 0.3 2.1951)
(-0.148219 0.3 2.19392)
(-0.070236 0.3 2.19282)
(0.00552935 0.3 2.1918)
(0.0791262 0.3 2.19087)
(0.150606 0.3 2.19004)
(0.219892 0.3 2.18938)
(-0.574486 0.3 2.30011)
(-0.485134 0.3 2.29879)
(-0.398193 0.3 2.29752)
(-0.31362 0.3 2.2963)
(-0.231373 0.3 2.29515)
(-0.151408 0.3 2.29407)
(-0.0736798 0.3 2.29306)
(0.00186088 0.3 2.29213)
(0.0752657 0.3 2.29129)
(0.146588 0.3 2.29054)
(0.215761 0.3 2.28994)
(-0.576401 0.3 2.40238)
(-0.487339 0.3 2.40114)
(-0.400686 0.3 2.39996)
(-0.316393 0.3 2.39883)
(-0.234413 0.3 2.39777)
(-0.154697 0.3 2.39677)
(-0.0771945 0.3 2.39585)
(-0.00185376 0.3 2.395)
(0.0713787 0.3 2.39424)
(0.142557 0.3 2.39355)
(0.211626 0.3 2.39302)
(-0.578536 0.3 2.50729)
(-0.489734 0.3 2.50613)
(-0.403339 0.3 2.50503)
(-0.319297 0.3 2.50399)
(-0.237554 0.3 2.503)
(-0.158058 0.3 2.50209)
(-0.0807564 0.3 2.50125)
(-0.00559438 0.3 2.50048)
(0.0674825 0.3 2.49978)
(0.138529 0.3 2.49916)
(0.207501 0.3 2.49868)
(-0.580844 0.3 2.6149)
(-0.492277 0.3 2.61383)
(-0.406113 0.3 2.6128)
(-0.322293 0.3 2.61184)
(-0.240761 0.3 2.61093)
(-0.161462 0.3 2.6101)
(-0.084339 0.3 2.60932)
(-0.0093373 0.3 2.60862)
(0.0635989 0.3 2.60799)
(0.134525 0.3 2.60743)
(0.203407 0.3 2.60699)
(-0.583277 0.3 2.72529)
(-0.494922 0.3 2.72429)
(-0.408964 0.3 2.72334)
(-0.325343 0.3 2.72246)
(-0.243999 0.3 2.72163)
(-0.164875 0.3 2.72086)
(-0.0879121 0.3 2.72016)
(-0.0130546 0.3 2.71952)
(0.0597542 0.3 2.71895)
(0.130569 0.3 2.71844)
(0.199368 0.3 2.71805)
(-0.58579 0.3 2.83852)
(-0.497623 0.3 2.8376)
(-0.41185 0.3 2.83673)
(-0.328406 0.3 2.83592)
(-0.247229 0.3 2.83516)
(-0.168261 0.3 2.83446)
(-0.0914414 0.3 2.83382)
(-0.0167134 0.3 2.83324)
(0.05598 0.3 2.83273)
(0.126694 0.3 2.83227)
(0.195415 0.3 2.83192)
(-0.588331 0.3 2.95468)
(-0.500333 0.3 2.95383)
(-0.414723 0.3 2.95304)
(-0.331436 0.3 2.9523)
(-0.250408 0.3 2.95161)
(-0.171579 0.3 2.95098)
(-0.0948871 0.3 2.9504)
(-0.0202753 0.3 2.94988)
(0.052314 0.3 2.94942)
(0.122936 0.3 2.94901)
(0.191586 0.3 2.9487)
(-0.590847 0.3 3.07383)
(-0.502998 0.3 3.07307)
(-0.417533 0.3 3.07236)
(-0.334385 0.3 3.07169)
(-0.253489 0.3 3.07107)
(-0.174782 0.3 3.07051)
(-0.0982036 0.3 3.06999)
(-0.0236953 0.3 3.06953)
(0.0488006 0.3 3.06911)
(0.11934 0.3 3.06875)
(0.187925 0.3 3.06848)
(-0.59328 0.3 3.19608)
(-0.505562 0.3 3.19541)
(-0.420224 0.3 3.19477)
(-0.337198 0.3 3.19418)
(-0.256416 0.3 3.19363)
(-0.177817 0.3 3.19313)
(-0.101338 0.3 3.19268)
(-0.0269214 0.3 3.19227)
(0.0454916 0.3 3.19191)
(0.115957 0.3 3.19159)
(0.184483 0.3 3.19135)
(-0.595568 0.3 3.32152)
(-0.507962 0.3 3.32093)
(-0.422734 0.3 3.32037)
(-0.339811 0.3 3.31986)
(-0.259129 0.3 3.31939)
(-0.180622 0.3 3.31895)
(-0.10423 0.3 3.31856)
(-0.0298931 0.3 3.31821)
(0.0424475 0.3 3.3179)
(0.112847 0.3 3.31763)
(0.181322 0.3 3.31742)
(-0.597639 0.3 3.45023)
(-0.510128 0.3 3.44974)
(-0.424991 0.3 3.44927)
(-0.342156 0.3 3.44884)
(-0.261557 0.3 3.44844)
(-0.183129 0.3 3.44808)
(-0.10681 0.3 3.44776)
(-0.0325404 0.3 3.44746)
(0.0397386 0.3 3.44721)
(0.110083 0.3 3.44698)
(0.178513 0.3 3.44681)
(-0.599415 0.3 3.58233)
(-0.51198 0.3 3.58194)
(-0.426917 0.3 3.58157)
(-0.344154 0.3 3.58123)
(-0.263622 0.3 3.58092)
(-0.185257 0.3 3.58064)
(-0.108998 0.3 3.58038)
(-0.0347824 0.3 3.58015)
(0.0374463 0.3 3.57995)
(0.107745 0.3 3.57977)
(0.176138 0.3 3.57964)
(-0.60081 0.3 3.71793)
(-0.513432 0.3 3.71766)
(-0.428424 0.3 3.7174)
(-0.345713 0.3 3.71716)
(-0.265232 0.3 3.71694)
(-0.186915 0.3 3.71674)
(-0.1107 0.3 3.71656)
(-0.0365256 0.3 3.7164)
(0.035665 0.3 3.71625)
(0.105929 0.3 3.71613)
(0.174294 0.3 3.71604)
(-0.601725 0.3 3.85715)
(-0.514383 0.3 3.85701)
(-0.42941 0.3 3.85687)
(-0.346732 0.3 3.85675)
(-0.266283 0.3 3.85663)
(-0.187996 0.3 3.85653)
(-0.111809 0.3 3.85643)
(-0.0376613 0.3 3.85635)
(0.0345049 0.3 3.85627)
(0.104746 0.3 3.85621)
(0.173093 0.3 3.85616)
(-0.602049 0.3 4)
(-0.514719 0.3 4)
(-0.429759 0.3 4)
(-0.347093 0.3 4)
(-0.266655 0.3 4)
(-0.188378 0.3 4)
(-0.112201 0.3 4)
(-0.038063 0.3 4)
(0.0340947 0.3 4)
(0.104328 0.3 4)
(0.172669 0.3 4)
(-0.496407 0 1.25777)
(-0.403267 0 1.2555)
(-0.490707 0 1.33219)
(-0.398084 0 1.32993)
(-0.307182 0 1.32748)
(-0.218162 0 1.32488)
(-0.486313 0 1.40875)
(-0.394309 0 1.40653)
(-0.304232 0 1.40417)
(-0.216223 0 1.4017)
(-0.13047 0 1.39915)
(-0.0472105 0 1.39656)
(-0.48307 0 1.48748)
(-0.391722 0 1.48532)
(-0.302448 0 1.48307)
(-0.215366 0 1.48075)
(-0.130634 0 1.4784)
(-0.0484348 0 1.47604)
(0.031072 0 1.47374)
(0.107773 0 1.47153)
(-0.480823 0 1.56839)
(-0.390122 0 1.56632)
(-0.301599 0 1.56419)
(-0.215357 0 1.56203)
(-0.131522 0 1.55986)
(-0.0502111 0 1.55774)
(0.0284856 0 1.55568)
(0.10451 0 1.55372)
(0.177846 0 1.5519)
(0.248281 0 1.55044)
(-0.479427 0 1.65153)
(-0.389339 0 1.64955)
(-0.301511 0 1.64755)
(-0.216027 0 1.64554)
(-0.132965 0 1.64356)
(-0.0523931 0 1.64163)
(0.0256429 0 1.63979)
(0.101123 0 1.63805)
(0.174056 0 1.63645)
(0.244264 0 1.63516)
(-0.478754 0 1.73691)
(-0.389245 0 1.73504)
(-0.302055 0 1.73316)
(-0.217239 0 1.73131)
(-0.134838 0 1.7295)
(-0.054884 0 1.72775)
(0.0226058 0 1.72609)
(0.0976366 0 1.72454)
(0.170235 0 1.72312)
(0.240246 0 1.72198)
(-0.478704 0 1.82459)
(-0.389735 0 1.82282)
(-0.303121 0 1.82107)
(-0.218887 0 1.81936)
(-0.137051 0 1.8177)
(-0.0576189 0 1.81611)
(0.0194133 0 1.81462)
(0.0940676 0 1.81322)
(0.166381 0 1.81196)
(0.236217 0 1.81094)
(-0.47919 0 1.91459)
(-0.390716 0 1.91293)
(-0.304615 0 1.9113)
(-0.22089 0 1.90972)
(-0.139539 0 1.9082)
(-0.060552 0 1.90675)
(0.0160916 0 1.9054)
(0.0904248 0 1.90415)
(0.162491 0 1.90301)
(0.232171 0 1.90211)
(-0.480138 0 2.00697)
(-0.392112 0 2.00541)
(-0.306465 0 2.00389)
(-0.223185 0 2.00243)
(-0.142254 0 2.00104)
(-0.0636497 0 1.99972)
(0.01266 0 1.99849)
(0.0867154 0 1.99736)
(0.158564 0 1.99634)
(0.228101 0 1.99553)
(-0.481483 0 2.10176)
(-0.393859 0 2.1003)
(-0.308615 0 2.09889)
(-0.225724 0 2.09754)
(-0.145158 0 2.09626)
(-0.0668854 0 2.09506)
(0.00913424 0 2.09394)
(0.0829463 0 2.09292)
(0.154601 0 2.092)
(0.224007 0 2.09127)
(-0.572838 0 2.20042)
(-0.483166 0 2.19901)
(-0.395902 0 2.19765)
(-0.311014 0 2.19634)
(-0.228465 0 2.1951)
(-0.148219 0 2.19392)
(-0.070236 0 2.19282)
(0.00552935 0 2.1918)
(0.0791262 0 2.19087)
(0.150606 0 2.19004)
(0.219892 0 2.18938)
(-0.574486 0 2.30011)
(-0.485134 0 2.29879)
(-0.398193 0 2.29752)
(-0.31362 0 2.2963)
(-0.231373 0 2.29515)
(-0.151408 0 2.29407)
(-0.0736798 0 2.29306)
(0.00186088 0 2.29213)
(0.0752657 0 2.29129)
(0.146588 0 2.29054)
(0.215761 0 2.28994)
(-0.576401 0 2.40238)
(-0.487339 0 2.40114)
(-0.400686 0 2.39996)
(-0.316393 0 2.39883)
(-0.234413 0 2.39777)
(-0.154697 0 2.39677)
(-0.0771945 0 2.39585)
(-0.00185376 0 2.395)
(0.0713787 0 2.39424)
(0.142557 0 2.39355)
(0.211626 0 2.39302)
(-0.578536 0 2.50729)
(-0.489734 0 2.50613)
(-0.403339 0 2.50503)
(-0.319297 0 2.50399)
(-0.237554 0 2.503)
(-0.158058 0 2.50209)
(-0.0807564 0 2.50125)
(-0.00559438 0 2.50048)
(0.0674825 0 2.49978)
(0.138529 0 2.49916)
(0.207501 0 2.49868)
(-0.580844 0 2.6149)
(-0.492277 0 2.61383)
(-0.406113 0 2.6128)
(-0.322293 0 2.61184)
(-0.240761 0 2.61093)
(-0.161462 0 2.6101)
(-0.084339 0 2.60932)
(-0.0093373 0 2.60862)
(0.0635989 0 2.60799)
(0.134525 0 2.60743)
(0.203407 0 2.60699)
(-0.583277 0 2.72529)
(-0.494922 0 2.72429)
(-0.408964 0 2.72334)
(-0.325343 0 2.72246)
(-0.243999 0 2.72163)
(-0.164875 0 2.72086)
(-0.0879121 0 2.72016)
(-0.0130546 0 2.71952)
(0.0597542 0 2.71895)
(0.130569 0 2.71844)
(0.199368 0 2.71805)
(-0.58579 0 2.83852)
(-0.497623 0 2.8376)
(-0.41185 0 2.83673)
(-0.328406 0 2.83592)
(-0.247229 0 2.83516)
(-0.168261 0 2.83446)
(-0.0914414 0 2.83382)
(-0.0167134 0 2.83324)
(0.05598 0 2.83273)
(0.126694 0 2.83227)
(0.195415 0 2.83192)
(-0.588331 0 2.95468)
(-0.500333 0 2.95383)
(-0.414723 0 2.95304)
(-0.331436 0 2.9523)
(-0.250408 0 2.95161)
(-0.171579 0 2.95098)
(-0.0948871 0 2.9504)
(-0.0202753 0 2.94988)
(0.052314 0 2.94942)
(0.122936 0 2.94901)
(0.191586 0 2.9487)
(-0.590847 0 3.07383)
(-0.502998 0 3.07307)
(-0.417533 0 3.07236)
(-0.334385 0 3.07169)
(-0.253489 0 3.07107)
(-0.174782 0 3.07051)
(-0.0982036 0 3.06999)
(-0.0236953 0 3.06953)
(0.0488006 0 3.06911)
(0.11934 0 3.06875)
(0.187925 0 3.06848)
(-0.59328 0 3.19608)
(-0.505562 0 3.19541)
(-0.420224 0 3.19477)
(-0.337198 0 3.19418)
(-0.256416 0 3.19363)
(-0.177817 0 3.19313)
(-0.101338 0 3.19268)
(-0.0269214 0 3.19227)
(0.0454916 0 3.19191)
(0.115957 0 3.19159)
(0.184483 0 3.19135)
(-0.595568 0 3.32152)
(-0.507962 0 3.32093)
(-0.422734 0 3.32037)
(-0.339811 0 3.31986)
(-0.259129 0 3.31939)
(-0.180622 0 3.31895)
(-0.10423 0 3.31856)
(-0.0298931 0 3.31821)
(0.0424475 0 3.3179)
(0.112847 0 3.31763)
(0.181322 0 3.31742)
(-0.597639 0 3.45023)
(-0.510128 0 3.44974)
(-0.424991 0 3.44927)
(-0.342156 0 3.44884)
(-0.261557 0 3.44844)
(-0.183129 0 3.44808)
(-0.10681 0 3.44776)
(-0.0325404 0 3.44746)
(0.0397386 0 3.44721)
(0.110083 0 3.44698)
(0.178513 0 3.44681)
(-0.599415 0 3.58233)
(-0.51198 0 3.58194)
(-0.426917 0 3.58157)
(-0.344154 0 3.58123)
(-0.263622 0 3.58092)
(-0.185257 0 3.58064)
(-0.108998 0 3.58038)
(-0.0347824 0 3.58015)
(0.0374463 0 3.57995)
(0.107745 0 3.57977)
(0.176138 0 3.57964)
(-0.60081 0 3.71793)
(-0.513432 0 3.71766)
(-0.428424 0 3.7174)
(-0.345713 0 3.71716)
(-0.265232 0 3.71694)
(-0.186915 0 3.71674)
(-0.1107 0 3.71656)
(-0.0365256 0 3.7164)
(0.035665 0 3.71625)
(0.105929 0 3.71613)
(0.174294 0 3.71604)
(-0.601725 0 3.85715)
(-0.514383 0 3.85701)
(-0.42941 0 3.85687)
(-0.346732 0 3.85675)
(-0.266283 0 3.85663)
(-0.187996 0 3.85653)
(-0.111809 0 3.85643)
(-0.0376613 0 3.85635)
(0.0345049 0 3.85627)
(0.104746 0 3.85621)
(0.173093 0 3.85616)
(-0.602049 0 4)
(-0.514719 0 4)
(-0.429759 0 4)
(-0.347093 0 4)
(-0.266655 0 4)
(-0.188378 0 4)
(-0.112201 0 4)
(-0.038063 0 4)
(0.0340947 0 4)
(0.104328 0 4)
(0.172669 0 4)
(0.282833 0.3 1.54948)
(0.278726 0.3 1.63433)
(0.312757 0.3 1.6337)
(0.346709 0.3 1.63298)
(0.274623 0.3 1.72125)
(0.308616 0.3 1.7207)
(0.342554 0.3 1.72006)
(0.270514 0.3 1.81029)
(0.304465 0.3 1.80981)
(0.338377 0.3 1.80924)
(0.26639 0.3 1.90153)
(0.300297 0.3 1.90109)
(0.334176 0.3 1.90059)
(0.262247 0.3 1.99501)
(0.296109 0.3 1.99462)
(0.329949 0.3 1.99417)
(0.258082 0.3 2.0908)
(0.291899 0.3 2.09045)
(0.325698 0.3 2.09005)
(0.2539 0.3 2.18896)
(0.287672 0.3 2.18865)
(0.321426 0.3 2.18829)
(0.249705 0.3 2.28957)
(0.283433 0.3 2.28928)
(0.317142 0.3 2.28896)
(0.245508 0.3 2.39268)
(0.279194 0.3 2.39242)
(0.312857 0.3 2.39213)
(0.241325 0.3 2.49837)
(0.27497 0.3 2.49814)
(0.308588 0.3 2.49788)
(0.237175 0.3 2.60672)
(0.27078 0.3 2.60651)
(0.304354 0.3 2.60628)
(0.233085 0.3 2.7178)
(0.266651 0.3 2.71762)
(0.300182 0.3 2.71741)
(0.229083 0.3 2.8317)
(0.262614 0.3 2.83154)
(0.296104 0.3 2.83135)
(0.225209 0.3 2.9485)
(0.258706 0.3 2.94836)
(0.292157 0.3 2.9482)
(0.221506 0.3 3.0683)
(0.254973 0.3 3.06818)
(0.288388 0.3 3.06803)
(0.218027 0.3 3.1912)
(0.251465 0.3 3.19109)
(0.284847 0.3 3.19097)
(0.214833 0.3 3.31729)
(0.248246 0.3 3.3172)
(0.281598 0.3 3.3171)
(0.211995 0.3 3.4467)
(0.245386 0.3 3.44663)
(0.278712 0.3 3.44654)
(0.209597 0.3 3.57955)
(0.242969 0.3 3.57949)
(0.276274 0.3 3.57943)
(0.207734 0.3 3.71598)
(0.241093 0.3 3.71594)
(0.27438 0.3 3.71589)
(0.206522 0.3 3.85613)
(0.239871 0.3 3.85611)
(0.273147 0.3 3.85609)
(0.206093 0.3 4)
(0.239439 0.3 4)
(0.272712 0.3 4)
(0.282833 0 1.54948)
(0.278726 0 1.63433)
(0.312757 0 1.6337)
(0.346709 0 1.63298)
(0.274623 0 1.72125)
(0.308616 0 1.7207)
(0.342554 0 1.72006)
(0.270514 0 1.81029)
(0.304465 0 1.80981)
(0.338377 0 1.80924)
(0.26639 0 1.90153)
(0.300297 0 1.90109)
(0.334176 0 1.90059)
(0.262247 0 1.99501)
(0.296109 0 1.99462)
(0.329949 0 1.99417)
(0.258082 0 2.0908)
(0.291899 0 2.09045)
(0.325698 0 2.09005)
(0.2539 0 2.18896)
(0.287672 0 2.18865)
(0.321426 0 2.18829)
(0.249705 0 2.28957)
(0.283433 0 2.28928)
(0.317142 0 2.28896)
(0.245508 0 2.39268)
(0.279194 0 2.39242)
(0.312857 0 2.39213)
(0.241325 0 2.49837)
(0.27497 0 2.49814)
(0.308588 0 2.49788)
(0.237175 0 2.60672)
(0.27078 0 2.60651)
(0.304354 0 2.60628)
(0.233085 0 2.7178)
(0.266651 0 2.71762)
(0.300182 0 2.71741)
(0.229083 0 2.8317)
(0.262614 0 2.83154)
(0.296104 0 2.83135)
(0.225209 0 2.9485)
(0.258706 0 2.94836)
(0.292157 0 2.9482)
(0.221506 0 3.0683)
(0.254973 0 3.06818)
(0.288388 0 3.06803)
(0.218027 0 3.1912)
(0.251465 0 3.19109)
(0.284847 0 3.19097)
(0.214833 0 3.31729)
(0.248246 0 3.3172)
(0.281598 0 3.3171)
(0.211995 0 3.4467)
(0.245386 0 3.44663)
(0.278712 0 3.44654)
(0.209597 0 3.57955)
(0.242969 0 3.57949)
(0.276274 0 3.57943)
(0.207734 0 3.71598)
(0.241093 0 3.71594)
(0.27438 0 3.71589)
(0.206522 0 3.85613)
(0.239871 0 3.85611)
(0.273147 0 3.85609)
(0.206093 0 4)
(0.239439 0 4)
(0.272712 0 4)
(0.415172 0.3 1.63207)
(0.41106 0.3 1.71926)
(0.480702 0.3 1.71848)
(0.551422 0.3 1.71789)
(0.623273 0.3 1.71748)
(0.406897 0.3 1.80853)
(0.476616 0.3 1.80784)
(0.54747 0.3 1.8073)
(0.619498 0.3 1.80693)
(0.692748 0.3 1.80674)
(0.767273 0.3 1.80674)
(0.402688 0.3 1.89995)
(0.472451 0.3 1.89934)
(0.543396 0.3 1.89886)
(0.615555 0.3 1.89852)
(0.688963 0.3 1.89834)
(0.763668 0.3 1.89833)
(0.839718 0.3 1.8985)
(0.917151 0.3 1.89884)
(0.39844 0.3 1.9936)
(0.46822 0.3 1.99305)
(0.539224 0.3 1.99262)
(0.611474 0.3 1.99232)
(0.685004 0.3 1.99216)
(0.759855 0.3 1.99214)
(0.836064 0.3 1.99229)
(0.91366 0.3 1.9926)
(0.992681 0.3 1.99309)
(0.394155 0.3 2.08954)
(0.463933 0.3 2.08905)
(0.534971 0.3 2.08866)
(0.607287 0.3 2.08839)
(0.68091 0.3 2.08825)
(0.755876 0.3 2.08824)
(0.832209 0.3 2.08838)
(0.909941 0.3 2.08866)
(0.989104 0.3 2.08911)
(0.389844 0.3 2.18783)
(0.459605 0.3 2.18739)
(0.530657 0.3 2.18705)
(0.603016 0.3 2.18681)
(0.676707 0.3 2.18669)
(0.751757 0.3 2.18669)
(0.82819 0.3 2.18682)
(0.906035 0.3 2.18709)
(0.985319 0.3 2.1875)
(0.385514 0.3 2.28855)
(0.455248 0.3 2.28816)
(0.526298 0.3 2.28785)
(0.59868 0.3 2.28764)
(0.672415 0.3 2.28754)
(0.747528 0.3 2.28755)
(0.824043 0.3 2.28768)
(0.901981 0.3 2.28793)
(0.981365 0.3 2.28832)
(0.38118 0.3 2.39177)
(0.450878 0.3 2.39142)
(0.521915 0.3 2.39115)
(0.594305 0.3 2.39097)
(0.668067 0.3 2.39088)
(0.743227 0.3 2.3909)
(0.819805 0.3 2.39103)
(0.897816 0.3 2.39127)
(0.977282 0.3 2.39164)
(0.376859 0.3 2.49756)
(0.446516 0.3 2.49725)
(0.517531 0.3 2.49701)
(0.589916 0.3 2.49685)
(0.663693 0.3 2.49679)
(0.738885 0.3 2.49681)
(0.815507 0.3 2.49694)
(0.893575 0.3 2.49718)
(0.97311 0.3 2.49753)
(0.372573 0.3 2.60599)
(0.442186 0.3 2.60572)
(0.513171 0.3 2.60551)
(0.585544 0.3 2.60538)
(0.659323 0.3 2.60533)
(0.734532 0.3 2.60536)
(0.811187 0.3 2.6055)
(0.889301 0.3 2.60573)
(0.968893 0.3 2.60606)
(0.368349 0.3 2.71715)
(0.437915 0.3 2.71691)
(0.508867 0.3 2.71673)
(0.58122 0.3 2.71662)
(0.654993 0.3 2.71659)
(0.73021 0.3 2.71663)
(0.806888 0.3 2.71676)
(0.885039 0.3 2.71699)
(0.964673 0.3 2.71731)
(0.36422 0.3 2.83113)
(0.433738 0.3 2.83092)
(0.504654 0.3 2.83076)
(0.576982 0.3 2.83067)
(0.650744 0.3 2.83065)
(0.725963 0.3 2.8307)
(0.802654 0.3 2.83083)
(0.880828 0.3 2.83105)
(0.960496 0.3 2.83135)
(0.360224 0.3 2.948)
(0.429695 0.3 2.94782)
(0.500573 0.3 2.94769)
(0.572874 0.3 2.94761)
(0.646621 0.3 2.9476)
(0.721835 0.3 2.94766)
(0.798531 0.3 2.94779)
(0.876721 0.3 2.948)
(0.956417 0.3 2.94828)
(0.356408 0.3 3.06786)
(0.425834 0.3 3.06771)
(0.496675 0.3 3.0676)
(0.568949 0.3 3.06754)
(0.642678 0.3 3.06754)
(0.717881 0.3 3.0676)
(0.794575 0.3 3.06772)
(0.872777 0.3 3.06792)
(0.952496 0.3 3.06819)
(0.352825 0.3 3.19082)
(0.422208 0.3 3.19069)
(0.493014 0.3 3.1906)
(0.56526 0.3 3.19055)
(0.638968 0.3 3.19056)
(0.714159 0.3 3.19062)
(0.79085 0.3 3.19074)
(0.869057 0.3 3.19092)
(0.94879 0.3 3.19117)
(0.349536 0.3 3.31697)
(0.418879 0.3 3.31686)
(0.48965 0.3 3.31679)
(0.561869 0.3 3.31676)
(0.635559 0.3 3.31677)
(0.710737 0.3 3.31683)
(0.787421 0.3 3.31694)
(0.86563 0.3 3.3171)
(0.945372 0.3 3.31733)
(0.346616 0.3 3.44644)
(0.415924 0.3 3.44635)
(0.486664 0.3 3.4463)
(0.558859 0.3 3.44628)
(0.632529 0.3 3.44629)
(0.707693 0.3 3.44635)
(0.78437 0.3 3.44644)
(0.862578 0.3 3.44659)
(0.942325 0.3 3.44678)
(0.344149 0.3 3.57935)
(0.413427 0.3 3.57929)
(0.484142 0.3 3.57925)
(0.556315 0.3 3.57923)
(0.629968 0.3 3.57925)
(0.705118 0.3 3.57929)
(0.781787 0.3 3.57937)
(0.859993 0.3 3.57949)
(0.939743 0.3 3.57965)
(0.342232 0.3 3.71584)
(0.411487 0.3 3.7158)
(0.482183 0.3 3.71577)
(0.55434 0.3 3.71576)
(0.627978 0.3 3.71577)
(0.703118 0.3 3.71581)
(0.77978 0.3 3.71587)
(0.857982 0.3 3.71595)
(0.937734 0.3 3.71607)
(0.340985 0.3 3.85606)
(0.410226 0.3 3.85604)
(0.480909 0.3 3.85602)
(0.553054 0.3 3.85602)
(0.626683 0.3 3.85603)
(0.701815 0.3 3.85605)
(0.778472 0.3 3.85608)
(0.856672 0.3 3.85612)
(0.936424 0.3 3.85618)
(0.340545 0.3 4)
(0.40978 0.3 4)
(0.480458 0.3 4)
(0.552599 0.3 4)
(0.626224 0.3 4)
(0.701354 0.3 4)
(0.778009 0.3 4)
(0.856208 0.3 4)
(0.935959 0.3 4)
(0.415172 0 1.63207)
(0.41106 0 1.71926)
(0.480702 0 1.71848)
(0.551422 0 1.71789)
(0.623273 0 1.71748)
(0.406897 0 1.80853)
(0.476616 0 1.80784)
(0.54747 0 1.8073)
(0.619498 0 1.80693)
(0.692748 0 1.80674)
(0.767273 0 1.80674)
(0.402688 0 1.89995)
(0.472451 0 1.89934)
(0.543396 0 1.89886)
(0.615555 0 1.89852)
(0.688963 0 1.89834)
(0.763668 0 1.89833)
(0.839718 0 1.8985)
(0.917151 0 1.89884)
(0.39844 0 1.9936)
(0.46822 0 1.99305)
(0.539224 0 1.99262)
(0.611474 0 1.99232)
(0.685004 0 1.99216)
(0.759855 0 1.99214)
(0.836064 0 1.99229)
(0.91366 0 1.9926)
(0.992681 0 1.99309)
(0.394155 0 2.08954)
(0.463933 0 2.08905)
(0.534971 0 2.08866)
(0.607287 0 2.08839)
(0.68091 0 2.08825)
(0.755876 0 2.08824)
(0.832209 0 2.08838)
(0.909941 0 2.08866)
(0.989104 0 2.08911)
(0.389844 0 2.18783)
(0.459605 0 2.18739)
(0.530657 0 2.18705)
(0.603016 0 2.18681)
(0.676707 0 2.18669)
(0.751757 0 2.18669)
(0.82819 0 2.18682)
(0.906035 0 2.18709)
(0.985319 0 2.1875)
(0.385514 0 2.28855)
(0.455248 0 2.28816)
(0.526298 0 2.28785)
(0.59868 0 2.28764)
(0.672415 0 2.28754)
(0.747528 0 2.28755)
(0.824043 0 2.28768)
(0.901981 0 2.28793)
(0.981365 0 2.28832)
(0.38118 0 2.39177)
(0.450878 0 2.39142)
(0.521915 0 2.39115)
(0.594305 0 2.39097)
(0.668067 0 2.39088)
(0.743227 0 2.3909)
(0.819805 0 2.39103)
(0.897816 0 2.39127)
(0.977282 0 2.39164)
(0.376859 0 2.49756)
(0.446516 0 2.49725)
(0.517531 0 2.49701)
(0.589916 0 2.49685)
(0.663693 0 2.49679)
(0.738885 0 2.49681)
(0.815507 0 2.49694)
(0.893575 0 2.49718)
(0.97311 0 2.49753)
(0.372573 0 2.60599)
(0.442186 0 2.60572)
(0.513171 0 2.60551)
(0.585544 0 2.60538)
(0.659323 0 2.60533)
(0.734532 0 2.60536)
(0.811187 0 2.6055)
(0.889301 0 2.60573)
(0.968893 0 2.60606)
(0.368349 0 2.71715)
(0.437915 0 2.71691)
(0.508867 0 2.71673)
(0.58122 0 2.71662)
(0.654993 0 2.71659)
(0.73021 0 2.71663)
(0.806888 0 2.71676)
(0.885039 0 2.71699)
(0.964673 0 2.71731)
(0.36422 0 2.83113)
(0.433738 0 2.83092)
(0.504654 0 2.83076)
(0.576982 0 2.83067)
(0.650744 0 2.83065)
(0.725963 0 2.8307)
(0.802654 0 2.83083)
(0.880828 0 2.83105)
(0.960496 0 2.83135)
(0.360224 0 2.948)
(0.429695 0 2.94782)
(0.500573 0 2.94769)
(0.572874 0 2.94761)
(0.646621 0 2.9476)
(0.721835 0 2.94766)
(0.798531 0 2.94779)
(0.876721 0 2.948)
(0.956417 0 2.94828)
(0.356408 0 3.06786)
(0.425834 0 3.06771)
(0.496675 0 3.0676)
(0.568949 0 3.06754)
(0.642678 0 3.06754)
(0.717881 0 3.0676)
(0.794575 0 3.06772)
(0.872777 0 3.06792)
(0.952496 0 3.06819)
(0.352825 0 3.19082)
(0.422208 0 3.19069)
(0.493014 0 3.1906)
(0.56526 0 3.19055)
(0.638968 0 3.19056)
(0.714159 0 3.19062)
(0.79085 0 3.19074)
(0.869057 0 3.19092)
(0.94879 0 3.19117)
(0.349536 0 3.31697)
(0.418879 0 3.31686)
(0.48965 0 3.31679)
(0.561869 0 3.31676)
(0.635559 0 3.31677)
(0.710737 0 3.31683)
(0.787421 0 3.31694)
(0.86563 0 3.3171)
(0.945372 0 3.31733)
(0.346616 0 3.44644)
(0.415924 0 3.44635)
(0.486664 0 3.4463)
(0.558859 0 3.44628)
(0.632529 0 3.44629)
(0.707693 0 3.44635)
(0.78437 0 3.44644)
(0.862578 0 3.44659)
(0.942325 0 3.44678)
(0.344149 0 3.57935)
(0.413427 0 3.57929)
(0.484142 0 3.57925)
(0.556315 0 3.57923)
(0.629968 0 3.57925)
(0.705118 0 3.57929)
(0.781787 0 3.57937)
(0.859993 0 3.57949)
(0.939743 0 3.57965)
(0.342232 0 3.71584)
(0.411487 0 3.7158)
(0.482183 0 3.71577)
(0.55434 0 3.71576)
(0.627978 0 3.71577)
(0.703118 0 3.71581)
(0.77978 0 3.71587)
(0.857982 0 3.71595)
(0.937734 0 3.71607)
(0.340985 0 3.85606)
(0.410226 0 3.85604)
(0.480909 0 3.85602)
(0.553054 0 3.85602)
(0.626683 0 3.85603)
(0.701815 0 3.85605)
(0.778472 0 3.85608)
(0.856672 0 3.85612)
(0.936424 0 3.85618)
(0.340545 0 4)
(0.40978 0 4)
(0.480458 0 4)
(0.552599 0 4)
(0.626224 0 4)
(0.701354 0 4)
(0.778009 0 4)
(0.856208 0 4)
(0.935959 0 4)
)


// ************************************************************************* //
