/*--------------------------------*- C++ -*----------------------------------*\
| =========                 |                                                 |
| \\      /  F ield         | OpenFOAM: The Open Source CFD Toolbox           |
|  \\    /   O peration     | Version:  dev                                   |
|   \\  /    A nd           | Web:      www.OpenFOAM.org                      |
|    \\/     M anipulation  |                                                 |
\*---------------------------------------------------------------------------*/
FoamFile
{
    version     2.0;
    format      ascii;
    class       vectorField;
    location    "0.97/polyMesh";
    object      points;
}
// * * * * * * * * * * * * * * * * * * * * * * * * * * * * * * * * * * * * * //


1030
(
(-3 0.3 0)
(-2.84178 0.3 0)
(-2.68924 0.3 0)
(-2.54285 0.3 0)
(-2.40221 0.3 0)
(-2.26698 0.3 0)
(-2.13685 0.3 0)
(-2.01151 0.3 0)
(-1.89071 0.3 0)
(-1.77421 0.3 0)
(-1.66181 0.3 0)
(-1.55333 0.3 0)
(-1.44859 0.3 0)
(-1.34744 0.3 0)
(-1.24973 0.3 0)
(-1.15533 0.3 0)
(-1.06412 0.3 0)
(-0.975969 0.3 0)
(-0.890775 0.3 0)
(-0.808418 0.3 0)
(-0.728782 0.3 0)
(-0.651744 0.3 0)
(-3 0.3 0.0666667)
(-2.84177 0.3 0.0665419)
(-2.68922 0.3 0.0664293)
(-2.54281 0.3 0.0663307)
(-2.40216 0.3 0.0662435)
(-2.26691 0.3 0.0661659)
(-2.13676 0.3 0.0660967)
(-2.01141 0.3 0.0660352)
(-1.89058 0.3 0.0659809)
(-1.77406 0.3 0.0659338)
(-1.66163 0.3 0.0658942)
(-1.55312 0.3 0.0658624)
(-1.44834 0.3 0.0658399)
(-1.34715 0.3 0.0658286)
(-1.24939 0.3 0.0658299)
(-1.15494 0.3 0.0658459)
(-1.06367 0.3 0.0658794)
(-0.975447 0.3 0.0659338)
(-0.890171 0.3 0.0660138)
(-0.807719 0.3 0.0661243)
(-0.727972 0.3 0.0662713)
(-0.650803 0.3 0.0664633)
(-3 0.3 0.133333)
(-2.84173 0.3 0.133083)
(-2.68914 0.3 0.132858)
(-2.54269 0.3 0.13266)
(-2.402 0.3 0.132485)
(-2.26671 0.3 0.13233)
(-2.13651 0.3 0.132192)
(-2.01109 0.3 0.132069)
(-1.8902 0.3 0.131959)
(-1.77361 0.3 0.131864)
(-1.6611 0.3 0.131784)
(-1.55249 0.3 0.13172)
(-1.44761 0.3 0.131674)
(-1.34629 0.3 0.13165)
(-1.24839 0.3 0.131649)
(-1.15378 0.3 0.131678)
(-1.06232 0.3 0.13174)
(-0.97389 0.3 0.131842)
(-0.888365 0.3 0.131993)
(-0.80563 0.3 0.132203)
(-0.725553 0.3 0.132483)
(-0.647995 0.3 0.132848)
(-3 0.3 0.2)
(-2.84166 0.3 0.199625)
(-2.689 0.3 0.199287)
(-2.54249 0.3 0.19899)
(-2.40173 0.3 0.198727)
(-2.26637 0.3 0.198494)
(-2.13608 0.3 0.198285)
(-2.01057 0.3 0.198098)
(-1.88957 0.3 0.197933)
(-1.77286 0.3 0.197788)
(-1.66021 0.3 0.197666)
(-1.55145 0.3 0.197567)
(-1.44639 0.3 0.197495)
(-1.34487 0.3 0.197453)
(-1.24674 0.3 0.197446)
(-1.15186 0.3 0.197479)
(-1.0601 0.3 0.197561)
(-0.971318 0.3 0.197699)
(-0.885385 0.3 0.197905)
(-0.802178 0.3 0.198192)
(-0.721557 0.3 0.198578)
(-0.643362 0.3 0.199081)
(-3 0.3 0.266667)
(-2.84157 0.3 0.266167)
(-2.68882 0.3 0.265716)
(-2.54222 0.3 0.26532)
(-2.40137 0.3 0.26497)
(-2.2659 0.3 0.264657)
(-2.13549 0.3 0.264377)
(-2.00985 0.3 0.264126)
(-1.8887 0.3 0.263902)
(-1.77182 0.3 0.263706)
(-1.65898 0.3 0.263538)
(-1.55 0.3 0.263401)
(-1.4447 0.3 0.263297)
(-1.3429 0.3 0.263231)
(-1.24445 0.3 0.263209)
(-1.14921 0.3 0.263237)
(-1.05703 0.3 0.263325)
(-0.967767 0.3 0.263482)
(-0.881279 0.3 0.263721)
(-0.797424 0.3 0.264058)
(-0.716052 0.3 0.26451)
(-0.636984 0.3 0.265098)
(-3 0.3 0.333333)
(-2.84145 0.3 0.33271)
(-2.68859 0.3 0.332147)
(-2.54187 0.3 0.331652)
(-2.4009 0.3 0.331214)
(-2.26531 0.3 0.330821)
(-2.13475 0.3 0.330469)
(-2.00894 0.3 0.330152)
(-1.8876 0.3 0.329869)
(-1.77051 0.3 0.329618)
(-1.65743 0.3 0.329401)
(-1.54818 0.3 0.32922)
(-1.44257 0.3 0.329078)
(-1.34041 0.3 0.32898)
(-1.24156 0.3 0.328931)
(-1.14586 0.3 0.328941)
(-1.05315 0.3 0.329018)
(-0.963281 0.3 0.329172)
(-0.876098 0.3 0.329417)
(-0.791437 0.3 0.329767)
(-0.709127 0.3 0.33024)
(-0.628968 0.3 0.330851)
(-3 0.3 0.4)
(-2.84131 0.3 0.399253)
(-2.68831 0.3 0.398578)
(-2.54146 0.3 0.397985)
(-2.40035 0.3 0.397458)
(-2.26459 0.3 0.396986)
(-2.13385 0.3 0.39656)
(-2.00784 0.3 0.396176)
(-1.88628 0.3 0.39583)
(-1.76894 0.3 0.395522)
(-1.65557 0.3 0.395251)
(-1.546 0.3 0.395021)
(-1.44001 0.3 0.394833)
(-1.33744 0.3 0.394694)
(-1.2381 0.3 0.394608)
(-1.14185 0.3 0.394582)
(-1.0485 0.3 0.394627)
(-0.957919 0.3 0.394755)
(-0.869913 0.3 0.394974)
(-0.784301 0.3 0.395298)
(-0.700889 0.3 0.395738)
(-0.619454 0.3 0.396307)
(-3 0.3 0.466667)
(-2.84116 0.3 0.465797)
(-2.688 0.3 0.46501)
(-2.54099 0.3 0.464318)
(-2.3997 0.3 0.463702)
(-2.26375 0.3 0.463149)
(-2.13281 0.3 0.462648)
(-2.00657 0.3 0.462195)
(-1.88475 0.3 0.461784)
(-1.76711 0.3 0.461415)
(-1.65342 0.3 0.461086)
(-1.54347 0.3 0.4608)
(-1.43706 0.3 0.460559)
(-1.334 0.3 0.460368)
(-1.23412 0.3 0.460232)
(-1.13723 0.3 0.460156)
(-1.04317 0.3 0.460149)
(-0.951762 0.3 0.460222)
(-0.862815 0.3 0.460381)
(-0.776125 0.3 0.460636)
(-0.691468 0.3 0.460991)
(-0.608596 0.3 0.461449)
(-3 0.3 0.533333)
(-2.84098 0.3 0.532342)
(-2.68765 0.3 0.531444)
(-2.54045 0.3 0.530653)
(-2.39897 0.3 0.529948)
(-2.26281 0.3 0.529313)
(-2.13164 0.3 0.528736)
(-2.00514 0.3 0.528211)
(-1.88303 0.3 0.527733)
(-1.76507 0.3 0.527299)
(-1.65101 0.3 0.526907)
(-1.54063 0.3 0.526559)
(-1.43375 0.3 0.526256)
(-1.33015 0.3 0.526003)
(-1.22966 0.3 0.525802)
(-1.13208 0.3 0.525659)
(-1.03722 0.3 0.52558)
(-0.944902 0.3 0.52557)
(-0.854909 0.3 0.525634)
(-0.767031 0.3 0.525776)
(-0.681017 0.3 0.525993)
(-0.596583 0.3 0.526276)
(-3 0.3 0.6)
(-2.84079 0.3 0.598888)
(-2.68726 0.3 0.597881)
(-2.53986 0.3 0.596992)
(-2.39817 0.3 0.596197)
(-2.26178 0.3 0.595479)
(-2.13035 0.3 0.594826)
(-2.00357 0.3 0.594228)
(-1.88114 0.3 0.593679)
(-1.76282 0.3 0.593176)
(-1.64835 0.3 0.592716)
(-1.53752 0.3 0.592299)
(-1.43012 0.3 0.591925)
(-1.32594 0.3 0.591597)
(-1.22478 0.3 0.591318)
(-1.12644 0.3 0.591091)
(-1.03073 0.3 0.590918)
(-0.937426 0.3 0.590798)
(-0.846319 0.3 0.590735)
(-0.757164 0.3 0.590724)
(-0.669701 0.3 0.590755)
(-0.583623 0.3 0.590807)
(-3 0.3 0.666667)
(-2.84058 0.3 0.665436)
(-2.68684 0.3 0.66432)
(-2.53922 0.3 0.663333)
(-2.3973 0.3 0.662449)
(-2.26066 0.3 0.661649)
(-2.12896 0.3 0.660917)
(-2.00187 0.3 0.660244)
(-1.8791 0.3 0.659621)
(-1.76038 0.3 0.659044)
(-1.64549 0.3 0.658511)
(-1.53417 0.3 0.658019)
(-1.42622 0.3 0.657567)
(-1.32141 0.3 0.657155)
(-1.21954 0.3 0.656785)
(-1.12041 0.3 0.656457)
(-1.02378 0.3 0.656167)
(-0.929448 0.3 0.655915)
(-0.837178 0.3 0.655696)
(-0.746697 0.3 0.655496)
(-0.657724 0.3 0.655298)
(-0.569949 0.3 0.655071)
(-3 0.3 0.733333)
(-2.84035 0.3 0.731985)
(-2.68638 0.3 0.730761)
(-2.53853 0.3 0.729677)
(-2.39637 0.3 0.728704)
(-2.25947 0.3 0.727821)
(-2.12747 0.3 0.72701)
(-2.00005 0.3 0.726259)
(-1.87691 0.3 0.72556)
(-1.7578 0.3 0.724907)
(-1.64245 0.3 0.724296)
(-1.53062 0.3 0.723723)
(-1.42208 0.3 0.723185)
(-1.31663 0.3 0.722681)
(-1.21403 0.3 0.722207)
(-1.11406 0.3 0.721762)
(-1.01649 0.3 0.72134)
(-0.9211 0.3 0.720933)
(-0.82763 0.3 0.720532)
(-0.7358 0.3 0.720115)
(-0.645311 0.3 0.719656)
(-0.55585 0.3 0.719117)
(-3 0.3 0.8)
(-2.84011 0.3 0.798536)
(-2.68591 0.3 0.797206)
(-2.53781 0.3 0.796025)
(-2.39539 0.3 0.794964)
(-2.25821 0.3 0.793998)
(-2.1259 0.3 0.793106)
(-1.99813 0.3 0.792277)
(-1.87462 0.3 0.791499)
(-1.75508 0.3 0.790768)
(-1.63926 0.3 0.790075)
(-1.52689 0.3 0.789414)
(-1.41777 0.3 0.788783)
(-1.31165 0.3 0.788178)
(-1.20829 0.3 0.787592)
(-1.10747 0.3 0.787017)
(-1.00896 0.3 0.786448)
(-0.912506 0.3 0.785871)
(-0.817838 0.3 0.785267)
(-0.724675 0.3 0.784613)
(-0.632715 0.3 0.783873)
(-0.54165 0.3 0.783006)
(-3 0.3 0.866667)
(-2.83986 0.3 0.865089)
(-2.68541 0.3 0.863654)
(-2.53706 0.3 0.862379)
(-2.39437 0.3 0.86123)
(-2.2569 0.3 0.86018)
(-2.12426 0.3 0.859208)
(-1.99614 0.3 0.858298)
(-1.87224 0.3 0.857441)
(-1.75227 0.3 0.856627)
(-1.63596 0.3 0.855849)
(-1.52305 0.3 0.855097)
(-1.41332 0.3 0.854368)
(-1.30652 0.3 0.853655)
(-1.20241 0.3 0.852947)
(-1.10075 0.3 0.852235)
(-1.0013 0.3 0.851508)
(-0.9038 0.3 0.850748)
(-0.807977 0.3 0.849933)
(-0.713551 0.3 0.849032)
(-0.620224 0.3 0.848007)
(-0.527696 0.3 0.84681)
(-3 0.3 0.933333)
(-2.8396 0.3 0.931645)
(-2.68489 0.3 0.930108)
(-2.53628 0.3 0.928739)
(-2.39331 0.3 0.927503)
(-2.25554 0.3 0.926369)
(-2.12258 0.3 0.925316)
(-1.99409 0.3 0.924326)
(-1.86979 0.3 0.923387)
(-1.74937 0.3 0.922489)
(-1.63257 0.3 0.921622)
(-1.51912 0.3 0.920777)
(-1.40879 0.3 0.919946)
(-1.30131 0.3 0.919118)
(-1.19645 0.3 0.918283)
(-1.09398 0.3 0.91743)
(-0.993628 0.3 0.916541)
(-0.895136 0.3 0.915595)
(-0.798242 0.3 0.914566)
(-0.702668 0.3 0.913422)
(-0.608126 0.3 0.91212)
(-0.514337 0.3 0.910611)
(-3 0.3 1)
(-2.83934 0.3 0.998202)
(-2.68436 0.3 0.996564)
(-2.53548 0.3 0.995103)
(-2.39222 0.3 0.993779)
(-2.25414 0.3 0.992563)
(-2.12084 0.3 0.991428)
(-1.99198 0.3 0.990356)
(-1.86727 0.3 0.989334)
(-1.7464 0.3 0.98835)
(-1.62911 0.3 0.987391)
(-1.51511 0.3 0.986449)
(-1.40417 0.3 0.985511)
(-1.29603 0.3 0.984566)
(-1.19045 0.3 0.983602)
(-1.08719 0.3 0.982605)
(-0.985989 0.3 0.981554)
(-0.886589 0.3 0.980424)
(-0.788726 0.3 0.979188)
(-0.692147 0.3 0.977812)
(-0.596581 0.3 0.976252)
(-0.501789 0.3 0.974462)
(-3 0 0)
(-2.84178 0 0)
(-2.68924 0 0)
(-2.54285 0 0)
(-2.40221 0 0)
(-2.26698 0 0)
(-2.13685 0 0)
(-2.01151 0 0)
(-1.89071 0 0)
(-1.77421 0 0)
(-1.66181 0 0)
(-1.55333 0 0)
(-1.44859 0 0)
(-1.34744 0 0)
(-1.24973 0 0)
(-1.15533 0 0)
(-1.06412 0 0)
(-0.975969 0 0)
(-0.890775 0 0)
(-0.808418 0 0)
(-0.728782 0 0)
(-0.651744 0 0)
(-3 0 0.0666667)
(-2.84177 0 0.0665419)
(-2.68922 0 0.0664293)
(-2.54281 0 0.0663307)
(-2.40216 0 0.0662435)
(-2.26691 0 0.0661659)
(-2.13676 0 0.0660967)
(-2.01141 0 0.0660352)
(-1.89058 0 0.0659809)
(-1.77406 0 0.0659338)
(-1.66163 0 0.0658942)
(-1.55312 0 0.0658624)
(-1.44834 0 0.0658399)
(-1.34715 0 0.0658286)
(-1.24939 0 0.0658299)
(-1.15494 0 0.0658459)
(-1.06367 0 0.0658794)
(-0.975447 0 0.0659338)
(-0.890171 0 0.0660138)
(-0.807719 0 0.0661243)
(-0.727972 0 0.0662713)
(-0.650803 0 0.0664633)
(-3 0 0.133333)
(-2.84173 0 0.133083)
(-2.68914 0 0.132858)
(-2.54269 0 0.13266)
(-2.402 0 0.132485)
(-2.26671 0 0.13233)
(-2.13651 0 0.132192)
(-2.01109 0 0.132069)
(-1.8902 0 0.131959)
(-1.77361 0 0.131864)
(-1.6611 0 0.131784)
(-1.55249 0 0.13172)
(-1.44761 0 0.131674)
(-1.34629 0 0.13165)
(-1.24839 0 0.131649)
(-1.15378 0 0.131678)
(-1.06232 0 0.13174)
(-0.97389 0 0.131842)
(-0.888365 0 0.131993)
(-0.80563 0 0.132203)
(-0.725553 0 0.132483)
(-0.647995 0 0.132848)
(-3 0 0.2)
(-2.84166 0 0.199625)
(-2.689 0 0.199287)
(-2.54249 0 0.19899)
(-2.40173 0 0.198727)
(-2.26637 0 0.198494)
(-2.13608 0 0.198285)
(-2.01057 0 0.198098)
(-1.88957 0 0.197933)
(-1.77286 0 0.197788)
(-1.66021 0 0.197666)
(-1.55145 0 0.197567)
(-1.44639 0 0.197495)
(-1.34487 0 0.197453)
(-1.24674 0 0.197446)
(-1.15186 0 0.197479)
(-1.0601 0 0.197561)
(-0.971318 0 0.197699)
(-0.885385 0 0.197905)
(-0.802178 0 0.198192)
(-0.721557 0 0.198578)
(-0.643362 0 0.199081)
(-3 0 0.266667)
(-2.84157 0 0.266167)
(-2.68882 0 0.265716)
(-2.54222 0 0.26532)
(-2.40137 0 0.26497)
(-2.2659 0 0.264657)
(-2.13549 0 0.264377)
(-2.00985 0 0.264126)
(-1.8887 0 0.263902)
(-1.77182 0 0.263706)
(-1.65898 0 0.263538)
(-1.55 0 0.263401)
(-1.4447 0 0.263297)
(-1.3429 0 0.263231)
(-1.24445 0 0.263209)
(-1.14921 0 0.263237)
(-1.05703 0 0.263325)
(-0.967767 0 0.263482)
(-0.881279 0 0.263721)
(-0.797424 0 0.264058)
(-0.716052 0 0.26451)
(-0.636984 0 0.265098)
(-3 0 0.333333)
(-2.84145 0 0.33271)
(-2.68859 0 0.332147)
(-2.54187 0 0.331652)
(-2.4009 0 0.331214)
(-2.26531 0 0.330821)
(-2.13475 0 0.330469)
(-2.00894 0 0.330152)
(-1.8876 0 0.329869)
(-1.77051 0 0.329618)
(-1.65743 0 0.329401)
(-1.54818 0 0.32922)
(-1.44257 0 0.329078)
(-1.34041 0 0.32898)
(-1.24156 0 0.328931)
(-1.14586 0 0.328941)
(-1.05315 0 0.329018)
(-0.963281 0 0.329172)
(-0.876098 0 0.329417)
(-0.791437 0 0.329767)
(-0.709127 0 0.33024)
(-0.628968 0 0.330851)
(-3 0 0.4)
(-2.84131 0 0.399253)
(-2.68831 0 0.398578)
(-2.54146 0 0.397985)
(-2.40035 0 0.397458)
(-2.26459 0 0.396986)
(-2.13385 0 0.39656)
(-2.00784 0 0.396176)
(-1.88628 0 0.39583)
(-1.76894 0 0.395522)
(-1.65557 0 0.395251)
(-1.546 0 0.395021)
(-1.44001 0 0.394833)
(-1.33744 0 0.394694)
(-1.2381 0 0.394608)
(-1.14185 0 0.394582)
(-1.0485 0 0.394627)
(-0.957919 0 0.394755)
(-0.869913 0 0.394974)
(-0.784301 0 0.395298)
(-0.700889 0 0.395738)
(-0.619454 0 0.396307)
(-3 0 0.466667)
(-2.84116 0 0.465797)
(-2.688 0 0.46501)
(-2.54099 0 0.464318)
(-2.3997 0 0.463702)
(-2.26375 0 0.463149)
(-2.13281 0 0.462648)
(-2.00657 0 0.462195)
(-1.88475 0 0.461784)
(-1.76711 0 0.461415)
(-1.65342 0 0.461086)
(-1.54347 0 0.4608)
(-1.43706 0 0.460559)
(-1.334 0 0.460368)
(-1.23412 0 0.460232)
(-1.13723 0 0.460156)
(-1.04317 0 0.460149)
(-0.951762 0 0.460222)
(-0.862815 0 0.460381)
(-0.776125 0 0.460636)
(-0.691468 0 0.460991)
(-0.608596 0 0.461449)
(-3 0 0.533333)
(-2.84098 0 0.532342)
(-2.68765 0 0.531444)
(-2.54045 0 0.530653)
(-2.39897 0 0.529948)
(-2.26281 0 0.529313)
(-2.13164 0 0.528736)
(-2.00514 0 0.528211)
(-1.88303 0 0.527733)
(-1.76507 0 0.527299)
(-1.65101 0 0.526907)
(-1.54063 0 0.526559)
(-1.43375 0 0.526256)
(-1.33015 0 0.526003)
(-1.22966 0 0.525802)
(-1.13208 0 0.525659)
(-1.03722 0 0.52558)
(-0.944902 0 0.52557)
(-0.854909 0 0.525634)
(-0.767031 0 0.525776)
(-0.681017 0 0.525993)
(-0.596583 0 0.526276)
(-3 0 0.6)
(-2.84079 0 0.598888)
(-2.68726 0 0.597881)
(-2.53986 0 0.596992)
(-2.39817 0 0.596197)
(-2.26178 0 0.595479)
(-2.13035 0 0.594826)
(-2.00357 0 0.594228)
(-1.88114 0 0.593679)
(-1.76282 0 0.593176)
(-1.64835 0 0.592716)
(-1.53752 0 0.592299)
(-1.43012 0 0.591925)
(-1.32594 0 0.591597)
(-1.22478 0 0.591318)
(-1.12644 0 0.591091)
(-1.03073 0 0.590918)
(-0.937426 0 0.590798)
(-0.846319 0 0.590735)
(-0.757164 0 0.590724)
(-0.669701 0 0.590755)
(-0.583623 0 0.590807)
(-3 0 0.666667)
(-2.84058 0 0.665436)
(-2.68684 0 0.66432)
(-2.53922 0 0.663333)
(-2.3973 0 0.662449)
(-2.26066 0 0.661649)
(-2.12896 0 0.660917)
(-2.00187 0 0.660244)
(-1.8791 0 0.659621)
(-1.76038 0 0.659044)
(-1.64549 0 0.658511)
(-1.53417 0 0.658019)
(-1.42622 0 0.657567)
(-1.32141 0 0.657155)
(-1.21954 0 0.656785)
(-1.12041 0 0.656457)
(-1.02378 0 0.656167)
(-0.929448 0 0.655915)
(-0.837178 0 0.655696)
(-0.746697 0 0.655496)
(-0.657724 0 0.655298)
(-0.569949 0 0.655071)
(-3 0 0.733333)
(-2.84035 0 0.731985)
(-2.68638 0 0.730761)
(-2.53853 0 0.729677)
(-2.39637 0 0.728704)
(-2.25947 0 0.727821)
(-2.12747 0 0.72701)
(-2.00005 0 0.726259)
(-1.87691 0 0.72556)
(-1.7578 0 0.724907)
(-1.64245 0 0.724296)
(-1.53062 0 0.723723)
(-1.42208 0 0.723185)
(-1.31663 0 0.722681)
(-1.21403 0 0.722207)
(-1.11406 0 0.721762)
(-1.01649 0 0.72134)
(-0.9211 0 0.720933)
(-0.82763 0 0.720532)
(-0.7358 0 0.720115)
(-0.645311 0 0.719656)
(-0.55585 0 0.719117)
(-3 0 0.8)
(-2.84011 0 0.798536)
(-2.68591 0 0.797206)
(-2.53781 0 0.796025)
(-2.39539 0 0.794964)
(-2.25821 0 0.793998)
(-2.1259 0 0.793106)
(-1.99813 0 0.792277)
(-1.87462 0 0.791499)
(-1.75508 0 0.790768)
(-1.63926 0 0.790075)
(-1.52689 0 0.789414)
(-1.41777 0 0.788783)
(-1.31165 0 0.788178)
(-1.20829 0 0.787592)
(-1.10747 0 0.787017)
(-1.00896 0 0.786448)
(-0.912506 0 0.785871)
(-0.817838 0 0.785267)
(-0.724675 0 0.784613)
(-0.632715 0 0.783873)
(-0.54165 0 0.783006)
(-3 0 0.866667)
(-2.83986 0 0.865089)
(-2.68541 0 0.863654)
(-2.53706 0 0.862379)
(-2.39437 0 0.86123)
(-2.2569 0 0.86018)
(-2.12426 0 0.859208)
(-1.99614 0 0.858298)
(-1.87224 0 0.857441)
(-1.75227 0 0.856627)
(-1.63596 0 0.855849)
(-1.52305 0 0.855097)
(-1.41332 0 0.854368)
(-1.30652 0 0.853655)
(-1.20241 0 0.852947)
(-1.10075 0 0.852235)
(-1.0013 0 0.851508)
(-0.9038 0 0.850748)
(-0.807977 0 0.849933)
(-0.713551 0 0.849032)
(-0.620224 0 0.848007)
(-0.527696 0 0.84681)
(-3 0 0.933333)
(-2.8396 0 0.931645)
(-2.68489 0 0.930108)
(-2.53628 0 0.928739)
(-2.39331 0 0.927503)
(-2.25554 0 0.926369)
(-2.12258 0 0.925316)
(-1.99409 0 0.924326)
(-1.86979 0 0.923387)
(-1.74937 0 0.922489)
(-1.63257 0 0.921622)
(-1.51912 0 0.920777)
(-1.40879 0 0.919946)
(-1.30131 0 0.919118)
(-1.19645 0 0.918283)
(-1.09398 0 0.91743)
(-0.993628 0 0.916541)
(-0.895136 0 0.915595)
(-0.798242 0 0.914566)
(-0.702668 0 0.913422)
(-0.608126 0 0.91212)
(-0.514337 0 0.910611)
(-3 0 1)
(-2.83934 0 0.998202)
(-2.68436 0 0.996564)
(-2.53548 0 0.995103)
(-2.39222 0 0.993779)
(-2.25414 0 0.992563)
(-2.12084 0 0.991428)
(-1.99198 0 0.990356)
(-1.86727 0 0.989334)
(-1.7464 0 0.98835)
(-1.62911 0 0.987391)
(-1.51511 0 0.986449)
(-1.40417 0 0.985511)
(-1.29603 0 0.984566)
(-1.19045 0 0.983602)
(-1.08719 0 0.982605)
(-0.985989 0 0.981554)
(-0.886589 0 0.980424)
(-0.788726 0 0.979188)
(-0.692147 0 0.977812)
(-0.596581 0 0.976252)
(-0.501789 0 0.974462)
(-2.68381 0.3 1.06557)
(-2.53464 0.3 1.06402)
(-2.39108 0.3 1.06261)
(-2.25268 0.3 1.06131)
(-2.11903 0.3 1.06009)
(-1.98979 0.3 1.05893)
(-1.86466 0.3 1.05783)
(-1.74333 0.3 1.05675)
(-1.62553 0.3 1.0557)
(-1.51099 0.3 1.05466)
(-1.39944 0.3 1.05361)
(-1.29065 0.3 1.05254)
(-1.18439 0.3 1.05145)
(-1.08039 0.3 1.05031)
(-0.978398 0.3 1.0491)
(-0.878172 0.3 1.04779)
(-0.779467 0.3 1.04636)
(-0.68205 0.3 1.04477)
(-0.585682 0.3 1.04298)
(-0.490189 0.3 1.04096)
(-2.53377 0.3 1.13461)
(-2.38989 0.3 1.13311)
(-2.25116 0.3 1.13172)
(-2.11715 0.3 1.13042)
(-1.98752 0.3 1.12918)
(-1.86196 0.3 1.12798)
(-1.74018 0.3 1.12682)
(-1.62188 0.3 1.12567)
(-1.5068 0.3 1.12453)
(-1.39467 0.3 1.12337)
(-1.28527 0.3 1.12219)
(-1.17836 0.3 1.12097)
(-1.07369 0.3 1.11969)
(-0.970988 0.3 1.11833)
(-0.870044 0.3 1.11685)
(-0.770656 0.3 1.11525)
(-0.672599 0.3 1.11347)
(-0.575692 0.3 1.1115)
(-0.479819 0.3 1.10929)
(-2.38868 0.3 1.20533)
(-2.2496 0.3 1.20386)
(-2.11522 0.3 1.20247)
(-1.9852 0.3 1.20114)
(-1.85923 0.3 1.19986)
(-1.737 0.3 1.19861)
(-1.61822 0.3 1.19737)
(-1.50262 0.3 1.19613)
(-1.38996 0.3 1.19486)
(-1.28001 0.3 1.19357)
(-1.17252 0.3 1.19223)
(-1.06723 0.3 1.19082)
(-0.963922 0.3 1.18931)
(-0.862405 0.3 1.18769)
(-0.762507 0.3 1.18594)
(-0.664033 0.3 1.18402)
(-0.566865 0.3 1.18191)
(-0.470925 0.3 1.1796)
(-2.24804 0.3 1.27776)
(-2.1133 0.3 1.27629)
(-1.98291 0.3 1.27488)
(-1.85653 0.3 1.27352)
(-1.73387 0.3 1.27218)
(-1.61464 0.3 1.27085)
(-1.49857 0.3 1.26951)
(-1.38542 0.3 1.26815)
(-1.27496 0.3 1.26675)
(-1.16694 0.3 1.2653)
(-1.06113 0.3 1.26377)
(-0.957331 0.3 1.26214)
(-0.855405 0.3 1.2604)
(-0.755183 0.3 1.25853)
(-0.656524 0.3 1.25651)
(-0.559352 0.3 1.25432)
(-0.463628 0.3 1.25196)
(-2.11143 0.3 1.35193)
(-1.98067 0.3 1.35044)
(-1.85391 0.3 1.349)
(-1.73085 0.3 1.34758)
(-1.61119 0.3 1.34616)
(-1.49468 0.3 1.34473)
(-1.38108 0.3 1.34328)
(-1.27016 0.3 1.34178)
(-1.16169 0.3 1.34023)
(-1.05547 0.3 1.33859)
(-0.951344 0.3 1.33687)
(-0.849172 0.3 1.33504)
(-0.748815 0.3 1.3331)
(-0.650174 0.3 1.33102)
(-0.553202 0.3 1.32881)
(-0.457898 0.3 1.32645)
(-1.97853 0.3 1.42788)
(-1.8514 0.3 1.42636)
(-1.72795 0.3 1.42486)
(-1.6079 0.3 1.42336)
(-1.49099 0.3 1.42185)
(-1.37699 0.3 1.42031)
(-1.26569 0.3 1.41873)
(-1.15688 0.3 1.41709)
(-1.05038 0.3 1.41538)
(-0.946062 0.3 1.41359)
(-0.843787 0.3 1.4117)
(-0.743448 0.3 1.40972)
(-0.644975 0.3 1.40762)
(-0.548343 0.3 1.40541)
(-0.453573 0.3 1.40309)
(-1.72521 0.3 1.50408)
(-1.6048 0.3 1.5025)
(-1.48755 0.3 1.50092)
(-1.37322 0.3 1.49931)
(-1.26163 0.3 1.49765)
(-1.15258 0.3 1.49595)
(-1.04593 0.3 1.49419)
(-0.941524 0.3 1.49235)
(-0.839261 0.3 1.49043)
(-0.739055 0.3 1.48843)
(-0.640854 0.3 1.48634)
(-0.544651 0.3 1.48417)
(-0.450475 0.3 1.48192)
(-1.60195 0.3 1.58365)
(-1.48441 0.3 1.582)
(-1.36985 0.3 1.58033)
(-1.25805 0.3 1.57863)
(-1.14886 0.3 1.57688)
(-1.04213 0.3 1.57507)
(-0.937729 0.3 1.57321)
(-0.835568 0.3 1.57129)
(-0.735577 0.3 1.56929)
(-0.637721 0.3 1.56723)
(-0.541996 0.3 1.56511)
(-0.448427 0.3 1.56294)
(-1.36691 0.3 1.66344)
(-1.25498 0.3 1.6617)
(-1.14571 0.3 1.65992)
(-1.03898 0.3 1.6581)
(-0.934655 0.3 1.65623)
(-0.832665 0.3 1.65431)
(-0.73295 0.3 1.65234)
(-0.635477 0.3 1.65033)
(-0.540247 0.3 1.64828)
(-0.44727 0.3 1.6462)
(-1.14314 0.3 1.74514)
(-1.03646 0.3 1.74331)
(-0.932272 0.3 1.74145)
(-0.830503 0.3 1.73955)
(-0.7311 0.3 1.73762)
(-0.634031 0.3 1.73567)
(-0.53929 0.3 1.7337)
(-0.446884 0.3 1.73172)
(-1.03456 0.3 1.83077)
(-0.930544 0.3 1.82893)
(-0.829028 0.3 1.82706)
(-0.729956 0.3 1.82518)
(-0.633296 0.3 1.8233)
(-0.539031 0.3 1.82141)
(-0.447163 0.3 1.81953)
(-0.828183 0.3 1.91689)
(-0.729451 0.3 1.91507)
(-0.633193 0.3 1.91326)
(-0.539385 0.3 1.91145)
(-0.448018 0.3 1.90968)
(-0.633649 0.3 2.00559)
(-0.540272 0.3 2.00388)
(-0.44937 0.3 2.00221)
(-2.68381 0 1.06557)
(-2.53464 0 1.06402)
(-2.39108 0 1.06261)
(-2.25268 0 1.06131)
(-2.11903 0 1.06009)
(-1.98979 0 1.05893)
(-1.86466 0 1.05783)
(-1.74333 0 1.05675)
(-1.62553 0 1.0557)
(-1.51099 0 1.05466)
(-1.39944 0 1.05361)
(-1.29065 0 1.05254)
(-1.18439 0 1.05145)
(-1.08039 0 1.05031)
(-0.978398 0 1.0491)
(-0.878172 0 1.04779)
(-0.779467 0 1.04636)
(-0.68205 0 1.04477)
(-0.585682 0 1.04298)
(-0.490189 0 1.04096)
(-2.53377 0 1.13461)
(-2.38989 0 1.13311)
(-2.25116 0 1.13172)
(-2.11715 0 1.13042)
(-1.98752 0 1.12918)
(-1.86196 0 1.12798)
(-1.74018 0 1.12682)
(-1.62188 0 1.12567)
(-1.5068 0 1.12453)
(-1.39467 0 1.12337)
(-1.28527 0 1.12219)
(-1.17836 0 1.12097)
(-1.07369 0 1.11969)
(-0.970988 0 1.11833)
(-0.870044 0 1.11685)
(-0.770656 0 1.11525)
(-0.672599 0 1.11347)
(-0.575692 0 1.1115)
(-0.479819 0 1.10929)
(-2.38868 0 1.20533)
(-2.2496 0 1.20386)
(-2.11522 0 1.20247)
(-1.9852 0 1.20114)
(-1.85923 0 1.19986)
(-1.737 0 1.19861)
(-1.61822 0 1.19737)
(-1.50262 0 1.19613)
(-1.38996 0 1.19486)
(-1.28001 0 1.19357)
(-1.17252 0 1.19223)
(-1.06723 0 1.19082)
(-0.963922 0 1.18931)
(-0.862405 0 1.18769)
(-0.762507 0 1.18594)
(-0.664033 0 1.18402)
(-0.566865 0 1.18191)
(-0.470925 0 1.1796)
(-2.24804 0 1.27776)
(-2.1133 0 1.27629)
(-1.98291 0 1.27488)
(-1.85653 0 1.27352)
(-1.73387 0 1.27218)
(-1.61464 0 1.27085)
(-1.49857 0 1.26951)
(-1.38542 0 1.26815)
(-1.27496 0 1.26675)
(-1.16694 0 1.2653)
(-1.06113 0 1.26377)
(-0.957331 0 1.26214)
(-0.855405 0 1.2604)
(-0.755183 0 1.25853)
(-0.656524 0 1.25651)
(-0.559352 0 1.25432)
(-0.463628 0 1.25196)
(-2.11143 0 1.35193)
(-1.98067 0 1.35044)
(-1.85391 0 1.349)
(-1.73085 0 1.34758)
(-1.61119 0 1.34616)
(-1.49468 0 1.34473)
(-1.38108 0 1.34328)
(-1.27016 0 1.34178)
(-1.16169 0 1.34023)
(-1.05547 0 1.33859)
(-0.951344 0 1.33687)
(-0.849172 0 1.33504)
(-0.748815 0 1.3331)
(-0.650174 0 1.33102)
(-0.553202 0 1.32881)
(-0.457898 0 1.32645)
(-1.97853 0 1.42788)
(-1.8514 0 1.42636)
(-1.72795 0 1.42486)
(-1.6079 0 1.42336)
(-1.49099 0 1.42185)
(-1.37699 0 1.42031)
(-1.26569 0 1.41873)
(-1.15688 0 1.41709)
(-1.05038 0 1.41538)
(-0.946062 0 1.41359)
(-0.843787 0 1.4117)
(-0.743448 0 1.40972)
(-0.644975 0 1.40762)
(-0.548343 0 1.40541)
(-0.453573 0 1.40309)
(-1.72521 0 1.50408)
(-1.6048 0 1.5025)
(-1.48755 0 1.50092)
(-1.37322 0 1.49931)
(-1.26163 0 1.49765)
(-1.15258 0 1.49595)
(-1.04593 0 1.49419)
(-0.941524 0 1.49235)
(-0.839261 0 1.49043)
(-0.739055 0 1.48843)
(-0.640854 0 1.48634)
(-0.544651 0 1.48417)
(-0.450475 0 1.48192)
(-1.60195 0 1.58365)
(-1.48441 0 1.582)
(-1.36985 0 1.58033)
(-1.25805 0 1.57863)
(-1.14886 0 1.57688)
(-1.04213 0 1.57507)
(-0.937729 0 1.57321)
(-0.835568 0 1.57129)
(-0.735577 0 1.56929)
(-0.637721 0 1.56723)
(-0.541996 0 1.56511)
(-0.448427 0 1.56294)
(-1.36691 0 1.66344)
(-1.25498 0 1.6617)
(-1.14571 0 1.65992)
(-1.03898 0 1.6581)
(-0.934655 0 1.65623)
(-0.832665 0 1.65431)
(-0.73295 0 1.65234)
(-0.635477 0 1.65033)
(-0.540247 0 1.64828)
(-0.44727 0 1.6462)
(-1.14314 0 1.74514)
(-1.03646 0 1.74331)
(-0.932272 0 1.74145)
(-0.830503 0 1.73955)
(-0.7311 0 1.73762)
(-0.634031 0 1.73567)
(-0.53929 0 1.7337)
(-0.446884 0 1.73172)
(-1.03456 0 1.83077)
(-0.930544 0 1.82893)
(-0.829028 0 1.82706)
(-0.729956 0 1.82518)
(-0.633296 0 1.8233)
(-0.539031 0 1.82141)
(-0.447163 0 1.81953)
(-0.828183 0 1.91689)
(-0.729451 0 1.91507)
(-0.633193 0 1.91326)
(-0.539385 0 1.91145)
(-0.448018 0 1.90968)
(-0.633649 0 2.00559)
(-0.540272 0 2.00388)
(-0.44937 0 2.00221)
)


// ************************************************************************* //
