/*--------------------------------*- C++ -*----------------------------------*\
| =========                 |                                                 |
| \\      /  F ield         | OpenFOAM: The Open Source CFD Toolbox           |
|  \\    /   O peration     | Version:  dev                                   |
|   \\  /    A nd           | Web:      www.OpenFOAM.org                      |
|    \\/     M anipulation  |                                                 |
\*---------------------------------------------------------------------------*/
FoamFile
{
    version     2.0;
    format      ascii;
    class       vectorField;
    location    "0.65/polyMesh";
    object      points;
}
// * * * * * * * * * * * * * * * * * * * * * * * * * * * * * * * * * * * * * //


1028
(
(-0.586533 0.3 1.27975)
(-0.498919 0.3 1.27914)
(-0.584152 0.3 1.35528)
(-0.496813 0.3 1.35465)
(-0.411422 0.3 1.35395)
(-0.328019 0.3 1.35317)
(-0.582419 0.3 1.43273)
(-0.495385 0.3 1.43209)
(-0.410383 0.3 1.43139)
(-0.327451 0.3 1.43062)
(-0.246643 0.3 1.4298)
(-0.168028 0.3 1.42892)
(-0.581247 0.3 1.51215)
(-0.494529 0.3 1.51151)
(-0.409908 0.3 1.51082)
(-0.327413 0.3 1.51009)
(-0.247074 0.3 1.50931)
(-0.16893 0.3 1.5085)
(-0.0930122 0.3 1.50765)
(-0.0193411 0.3 1.50678)
(-0.58056 0.3 1.59359)
(-0.494156 0.3 1.59296)
(-0.409895 0.3 1.5923)
(-0.32779 0.3 1.5916)
(-0.247853 0.3 1.59087)
(-0.1701 0.3 1.59012)
(-0.0945388 0.3 1.58935)
(-0.0211669 0.3 1.58858)
(0.0500325 0.3 1.58781)
(0.119006 0.3 1.58716)
(-0.580294 0.3 1.67709)
(-0.494188 0.3 1.67647)
(-0.410256 0.3 1.67584)
(-0.328494 0.3 1.67518)
(-0.2489 0.3 1.6745)
(-0.171472 0.3 1.67381)
(-0.0962008 0.3 1.67312)
(-0.0230682 0.3 1.67243)
(0.047955 0.3 1.67176)
(0.116832 0.3 1.67119)
(-0.580392 0.3 1.76268)
(-0.494562 0.3 1.7621)
(-0.410924 0.3 1.76149)
(-0.329461 0.3 1.76087)
(-0.250159 0.3 1.76024)
(-0.173002 0.3 1.75961)
(-0.0979695 0.3 1.75899)
(-0.0250321 0.3 1.75838)
(0.0458475 0.3 1.75778)
(0.114643 0.3 1.75729)
(-0.580805 0.3 1.85043)
(-0.495226 0.3 1.84987)
(-0.411847 0.3 1.8493)
(-0.330642 0.3 1.84872)
(-0.251589 0.3 1.84814)
(-0.174661 0.3 1.84756)
(-0.0998268 0.3 1.847)
(-0.0270511 0.3 1.84645)
(0.0437086 0.3 1.84592)
(0.112434 0.3 1.84549)
(-0.581486 0.3 1.94037)
(-0.496133 0.3 1.93984)
(-0.412982 0.3 1.9393)
(-0.332002 0.3 1.93876)
(-0.253162 0.3 1.93823)
(-0.176427 0.3 1.9377)
(-0.10176 0.3 1.93719)
(-0.0291206 0.3 1.9367)
(0.0415371 0.3 1.93623)
(0.110201 0.3 1.93584)
(-0.582396 0.3 2.03256)
(-0.497245 0.3 2.03205)
(-0.414296 0.3 2.03155)
(-0.333511 0.3 2.03105)
(-0.254854 0.3 2.03055)
(-0.178284 0.3 2.03007)
(-0.10376 0.3 2.02961)
(-0.0312365 0.3 2.02917)
(0.039333 0.3 2.02875)
(0.107943 0.3 2.02841)
(-0.583502 0.3 2.12704)
(-0.498532 0.3 2.12656)
(-0.41576 0.3 2.12609)
(-0.335147 0.3 2.12562)
(-0.256648 0.3 2.12517)
(-0.18022 0.3 2.12473)
(-0.105818 0.3 2.12431)
(-0.0333948 0.3 2.12391)
(0.0370975 0.3 2.12354)
(0.105659 0.3 2.12323)
(-0.671827 0.3 2.22432)
(-0.584776 0.3 2.22387)
(-0.499967 0.3 2.22342)
(-0.417353 0.3 2.22298)
(-0.336888 0.3 2.22255)
(-0.258526 0.3 2.22213)
(-0.182221 0.3 2.22173)
(-0.107926 0.3 2.22134)
(-0.0355901 0.3 2.22098)
(0.0348339 0.3 2.22065)
(0.103351 0.3 2.22038)
(-0.673099 0.3 2.32352)
(-0.586192 0.3 2.32309)
(-0.501526 0.3 2.32267)
(-0.41905 0.3 2.32226)
(-0.338716 0.3 2.32186)
(-0.260475 0.3 2.32148)
(-0.184277 0.3 2.32111)
(-0.110074 0.3 2.32077)
(-0.0378159 0.3 2.32044)
(0.0325473 0.3 2.32014)
(0.101023 0.3 2.31989)
(-0.674502 0.3 2.42518)
(-0.587725 0.3 2.42478)
(-0.503187 0.3 2.42439)
(-0.420834 0.3 2.424)
(-0.340615 0.3 2.42364)
(-0.262479 0.3 2.42328)
(-0.186375 0.3 2.42295)
(-0.112253 0.3 2.42263)
(-0.0400634 0.3 2.42234)
(0.0302451 0.3 2.42207)
(0.098684 0.3 2.42185)
(-0.676013 0.3 2.52936)
(-0.589352 0.3 2.52898)
(-0.504927 0.3 2.52861)
(-0.422682 0.3 2.52826)
(-0.342564 0.3 2.52792)
(-0.264521 0.3 2.5276)
(-0.188501 0.3 2.52729)
(-0.114451 0.3 2.52701)
(-0.0423218 0.3 2.52674)
(0.0279373 0.3 2.5265)
(0.0963421 0.3 2.5263)
(-0.677604 0.3 2.63611)
(-0.591048 0.3 2.63576)
(-0.506724 0.3 2.63542)
(-0.424575 0.3 2.63509)
(-0.344547 0.3 2.63478)
(-0.266586 0.3 2.63448)
(-0.190638 0.3 2.6342)
(-0.116653 0.3 2.63394)
(-0.0445777 0.3 2.6337)
(0.0256368 0.3 2.63349)
(0.0940101 0.3 2.63331)
(-0.679252 0.3 2.7455)
(-0.592789 0.3 2.74517)
(-0.508554 0.3 2.74486)
(-0.42649 0.3 2.74456)
(-0.346541 0.3 2.74427)
(-0.268652 0.3 2.744)
(-0.19277 0.3 2.74375)
(-0.118841 0.3 2.74352)
(-0.046815 0.3 2.7433)
(0.023359 0.3 2.7431)
(0.0917033 0.3 2.74294)
(-0.680927 0.3 2.85759)
(-0.594547 0.3 2.85729)
(-0.510392 0.3 2.857)
(-0.428404 0.3 2.85673)
(-0.348525 0.3 2.85647)
(-0.2707 0.3 2.85622)
(-0.194875 0.3 2.85599)
(-0.120997 0.3 2.85578)
(-0.049014 0.3 2.85559)
(0.0211233 0.3 2.85541)
(0.0894409 0.3 2.85527)
(-0.682602 0.3 2.97245)
(-0.596295 0.3 2.97218)
(-0.51221 0.3 2.97192)
(-0.430288 0.3 2.97167)
(-0.350471 0.3 2.97143)
(-0.272703 0.3 2.97121)
(-0.196928 0.3 2.97101)
(-0.123095 0.3 2.97082)
(-0.0511518 0.3 2.97065)
(0.0189526 0.3 2.97049)
(0.0872459 0.3 2.97037)
(-0.684244 0.3 3.09016)
(-0.598002 0.3 3.08991)
(-0.513979 0.3 3.08967)
(-0.432115 0.3 3.08945)
(-0.352352 0.3 3.08924)
(-0.274633 0.3 3.08904)
(-0.198903 0.3 3.08886)
(-0.12511 0.3 3.0887)
(-0.0532012 0.3 3.08854)
(0.0168736 0.3 3.08841)
(0.0851449 0.3 3.0883)
(-0.685818 0.3 3.21077)
(-0.599633 0.3 3.21055)
(-0.515664 0.3 3.21034)
(-0.43385 0.3 3.21015)
(-0.354134 0.3 3.20996)
(-0.276458 0.3 3.20979)
(-0.200768 0.3 3.20963)
(-0.127009 0.3 3.20948)
(-0.055131 0.3 3.20935)
(0.0149176 0.3 3.20923)
(0.0831692 0.3 3.20914)
(-0.687287 0.3 3.33438)
(-0.601151 0.3 3.33419)
(-0.517227 0.3 3.334)
(-0.435457 0.3 3.33383)
(-0.355781 0.3 3.33368)
(-0.278142 0.3 3.33353)
(-0.202485 0.3 3.33339)
(-0.128757 0.3 3.33327)
(-0.0569049 0.3 3.33315)
(0.0131207 0.3 3.33305)
(0.0813549 0.3 3.33297)
(-0.688609 0.3 3.46105)
(-0.602513 0.3 3.46089)
(-0.518628 0.3 3.46073)
(-0.436894 0.3 3.46059)
(-0.357251 0.3 3.46046)
(-0.279643 0.3 3.46034)
(-0.204014 0.3 3.46022)
(-0.130311 0.3 3.46012)
(-0.0584814 0.3 3.46003)
(0.0115247 0.3 3.45994)
(0.079744 0.3 3.45988)
(-0.689735 0.3 3.59086)
(-0.603672 0.3 3.59073)
(-0.519817 0.3 3.59061)
(-0.438112 0.3 3.5905)
(-0.358496 0.3 3.5904)
(-0.280913 0.3 3.5903)
(-0.205307 0.3 3.59021)
(-0.131624 0.3 3.59013)
(-0.0598125 0.3 3.59006)
(0.0101778 0.3 3.59)
(0.0783848 0.3 3.58995)
(-0.690615 0.3 3.7239)
(-0.604575 0.3 3.72381)
(-0.520743 0.3 3.72373)
(-0.439059 0.3 3.72365)
(-0.359464 0.3 3.72358)
(-0.281899 0.3 3.72351)
(-0.206309 0.3 3.72345)
(-0.132641 0.3 3.72339)
(-0.0608435 0.3 3.72334)
(0.00913482 0.3 3.7233)
(0.0773326 0.3 3.72326)
(-0.691188 0.3 3.86026)
(-0.605163 0.3 3.86022)
(-0.521346 0.3 3.86017)
(-0.439675 0.3 3.86013)
(-0.360092 0.3 3.8601)
(-0.282538 0.3 3.86006)
(-0.206959 0.3 3.86003)
(-0.133301 0.3 3.86)
(-0.0615119 0.3 3.85997)
(0.00845883 0.3 3.85995)
(0.0766506 0.3 3.85993)
(-0.69139 0.3 4)
(-0.605371 0.3 4)
(-0.521558 0.3 4)
(-0.439892 0.3 4)
(-0.360313 0.3 4)
(-0.282764 0.3 4)
(-0.207189 0.3 4)
(-0.133534 0.3 4)
(-0.0617473 0.3 4)
(0.00822074 0.3 4)
(0.0764105 0.3 4)
(-0.586533 0 1.27975)
(-0.498919 0 1.27914)
(-0.584152 0 1.35528)
(-0.496813 0 1.35465)
(-0.411422 0 1.35395)
(-0.328019 0 1.35317)
(-0.582419 0 1.43273)
(-0.495385 0 1.43209)
(-0.410383 0 1.43139)
(-0.327451 0 1.43062)
(-0.246643 0 1.4298)
(-0.168028 0 1.42892)
(-0.581247 0 1.51215)
(-0.494529 0 1.51151)
(-0.409908 0 1.51082)
(-0.327413 0 1.51009)
(-0.247074 0 1.50931)
(-0.16893 0 1.5085)
(-0.0930122 0 1.50765)
(-0.0193411 0 1.50678)
(-0.58056 0 1.59359)
(-0.494156 0 1.59296)
(-0.409895 0 1.5923)
(-0.32779 0 1.5916)
(-0.247853 0 1.59087)
(-0.1701 0 1.59012)
(-0.0945388 0 1.58935)
(-0.0211669 0 1.58858)
(0.0500325 0 1.58781)
(0.119006 0 1.58716)
(-0.580294 0 1.67709)
(-0.494188 0 1.67647)
(-0.410256 0 1.67584)
(-0.328494 0 1.67518)
(-0.2489 0 1.6745)
(-0.171472 0 1.67381)
(-0.0962008 0 1.67312)
(-0.0230682 0 1.67243)
(0.047955 0 1.67176)
(0.116832 0 1.67119)
(-0.580392 0 1.76268)
(-0.494562 0 1.7621)
(-0.410924 0 1.76149)
(-0.329461 0 1.76087)
(-0.250159 0 1.76024)
(-0.173002 0 1.75961)
(-0.0979695 0 1.75899)
(-0.0250321 0 1.75838)
(0.0458475 0 1.75778)
(0.114643 0 1.75729)
(-0.580805 0 1.85043)
(-0.495226 0 1.84987)
(-0.411847 0 1.8493)
(-0.330642 0 1.84872)
(-0.251589 0 1.84814)
(-0.174661 0 1.84756)
(-0.0998268 0 1.847)
(-0.0270511 0 1.84645)
(0.0437086 0 1.84592)
(0.112434 0 1.84549)
(-0.581486 0 1.94037)
(-0.496133 0 1.93984)
(-0.412982 0 1.9393)
(-0.332002 0 1.93876)
(-0.253162 0 1.93823)
(-0.176427 0 1.9377)
(-0.10176 0 1.93719)
(-0.0291206 0 1.9367)
(0.0415371 0 1.93623)
(0.110201 0 1.93584)
(-0.582396 0 2.03256)
(-0.497245 0 2.03205)
(-0.414296 0 2.03155)
(-0.333511 0 2.03105)
(-0.254854 0 2.03055)
(-0.178284 0 2.03007)
(-0.10376 0 2.02961)
(-0.0312365 0 2.02917)
(0.039333 0 2.02875)
(0.107943 0 2.02841)
(-0.583502 0 2.12704)
(-0.498532 0 2.12656)
(-0.41576 0 2.12609)
(-0.335147 0 2.12562)
(-0.256648 0 2.12517)
(-0.18022 0 2.12473)
(-0.105818 0 2.12431)
(-0.0333948 0 2.12391)
(0.0370975 0 2.12354)
(0.105659 0 2.12323)
(-0.671827 0 2.22432)
(-0.584776 0 2.22387)
(-0.499967 0 2.22342)
(-0.417353 0 2.22298)
(-0.336888 0 2.22255)
(-0.258526 0 2.22213)
(-0.182221 0 2.22173)
(-0.107926 0 2.22134)
(-0.0355901 0 2.22098)
(0.0348339 0 2.22065)
(0.103351 0 2.22038)
(-0.673099 0 2.32352)
(-0.586192 0 2.32309)
(-0.501526 0 2.32267)
(-0.41905 0 2.32226)
(-0.338716 0 2.32186)
(-0.260475 0 2.32148)
(-0.184277 0 2.32111)
(-0.110074 0 2.32077)
(-0.0378159 0 2.32044)
(0.0325473 0 2.32014)
(0.101023 0 2.31989)
(-0.674502 0 2.42518)
(-0.587725 0 2.42478)
(-0.503187 0 2.42439)
(-0.420834 0 2.424)
(-0.340615 0 2.42364)
(-0.262479 0 2.42328)
(-0.186375 0 2.42295)
(-0.112253 0 2.42263)
(-0.0400634 0 2.42234)
(0.0302451 0 2.42207)
(0.098684 0 2.42185)
(-0.676013 0 2.52936)
(-0.589352 0 2.52898)
(-0.504927 0 2.52861)
(-0.422682 0 2.52826)
(-0.342564 0 2.52792)
(-0.264521 0 2.5276)
(-0.188501 0 2.52729)
(-0.114451 0 2.52701)
(-0.0423218 0 2.52674)
(0.0279373 0 2.5265)
(0.0963421 0 2.5263)
(-0.677604 0 2.63611)
(-0.591048 0 2.63576)
(-0.506724 0 2.63542)
(-0.424575 0 2.63509)
(-0.344547 0 2.63478)
(-0.266586 0 2.63448)
(-0.190638 0 2.6342)
(-0.116653 0 2.63394)
(-0.0445777 0 2.6337)
(0.0256368 0 2.63349)
(0.0940101 0 2.63331)
(-0.679252 0 2.7455)
(-0.592789 0 2.74517)
(-0.508554 0 2.74486)
(-0.42649 0 2.74456)
(-0.346541 0 2.74427)
(-0.268652 0 2.744)
(-0.19277 0 2.74375)
(-0.118841 0 2.74352)
(-0.046815 0 2.7433)
(0.023359 0 2.7431)
(0.0917033 0 2.74294)
(-0.680927 0 2.85759)
(-0.594547 0 2.85729)
(-0.510392 0 2.857)
(-0.428404 0 2.85673)
(-0.348525 0 2.85647)
(-0.2707 0 2.85622)
(-0.194875 0 2.85599)
(-0.120997 0 2.85578)
(-0.049014 0 2.85559)
(0.0211233 0 2.85541)
(0.0894409 0 2.85527)
(-0.682602 0 2.97245)
(-0.596295 0 2.97218)
(-0.51221 0 2.97192)
(-0.430288 0 2.97167)
(-0.350471 0 2.97143)
(-0.272703 0 2.97121)
(-0.196928 0 2.97101)
(-0.123095 0 2.97082)
(-0.0511518 0 2.97065)
(0.0189526 0 2.97049)
(0.0872459 0 2.97037)
(-0.684244 0 3.09016)
(-0.598002 0 3.08991)
(-0.513979 0 3.08967)
(-0.432115 0 3.08945)
(-0.352352 0 3.08924)
(-0.274633 0 3.08904)
(-0.198903 0 3.08886)
(-0.12511 0 3.0887)
(-0.0532012 0 3.08854)
(0.0168736 0 3.08841)
(0.0851449 0 3.0883)
(-0.685818 0 3.21077)
(-0.599633 0 3.21055)
(-0.515664 0 3.21034)
(-0.43385 0 3.21015)
(-0.354134 0 3.20996)
(-0.276458 0 3.20979)
(-0.200768 0 3.20963)
(-0.127009 0 3.20948)
(-0.055131 0 3.20935)
(0.0149176 0 3.20923)
(0.0831692 0 3.20914)
(-0.687287 0 3.33438)
(-0.601151 0 3.33419)
(-0.517227 0 3.334)
(-0.435457 0 3.33383)
(-0.355781 0 3.33368)
(-0.278142 0 3.33353)
(-0.202485 0 3.33339)
(-0.128757 0 3.33327)
(-0.0569049 0 3.33315)
(0.0131207 0 3.33305)
(0.0813549 0 3.33297)
(-0.688609 0 3.46105)
(-0.602513 0 3.46089)
(-0.518628 0 3.46073)
(-0.436894 0 3.46059)
(-0.357251 0 3.46046)
(-0.279643 0 3.46034)
(-0.204014 0 3.46022)
(-0.130311 0 3.46012)
(-0.0584814 0 3.46003)
(0.0115247 0 3.45994)
(0.079744 0 3.45988)
(-0.689735 0 3.59086)
(-0.603672 0 3.59073)
(-0.519817 0 3.59061)
(-0.438112 0 3.5905)
(-0.358496 0 3.5904)
(-0.280913 0 3.5903)
(-0.205307 0 3.59021)
(-0.131624 0 3.59013)
(-0.0598125 0 3.59006)
(0.0101778 0 3.59)
(0.0783848 0 3.58995)
(-0.690615 0 3.7239)
(-0.604575 0 3.72381)
(-0.520743 0 3.72373)
(-0.439059 0 3.72365)
(-0.359464 0 3.72358)
(-0.281899 0 3.72351)
(-0.206309 0 3.72345)
(-0.132641 0 3.72339)
(-0.0608435 0 3.72334)
(0.00913482 0 3.7233)
(0.0773326 0 3.72326)
(-0.691188 0 3.86026)
(-0.605163 0 3.86022)
(-0.521346 0 3.86017)
(-0.439675 0 3.86013)
(-0.360092 0 3.8601)
(-0.282538 0 3.86006)
(-0.206959 0 3.86003)
(-0.133301 0 3.86)
(-0.0615119 0 3.85997)
(0.00845883 0 3.85995)
(0.0766506 0 3.85993)
(-0.69139 0 4)
(-0.605371 0 4)
(-0.521558 0 4)
(-0.439892 0 4)
(-0.360313 0 4)
(-0.282764 0 4)
(-0.207189 0 4)
(-0.133534 0 4)
(-0.0617473 0 4)
(0.00822074 0 4)
(0.0764105 0 4)
(0.152755 0.3 1.58671)
(0.150545 0.3 1.67081)
(0.184079 0.3 1.67052)
(0.217536 0.3 1.67016)
(0.148325 0.3 1.75695)
(0.181848 0.3 1.7567)
(0.215308 0.3 1.75639)
(0.146087 0.3 1.8452)
(0.179598 0.3 1.84497)
(0.213057 0.3 1.8447)
(0.143828 0.3 1.93559)
(0.177326 0.3 1.93539)
(0.210779 0.3 1.93515)
(0.141544 0.3 2.02818)
(0.175029 0.3 2.028)
(0.208474 0.3 2.02779)
(0.139235 0.3 2.12303)
(0.172707 0.3 2.12287)
(0.206143 0.3 2.12269)
(0.136905 0.3 2.22019)
(0.170364 0.3 2.22006)
(0.203789 0.3 2.21989)
(0.134556 0.3 2.31973)
(0.168002 0.3 2.31961)
(0.201416 0.3 2.31946)
(0.132197 0.3 2.4217)
(0.16563 0.3 2.42159)
(0.199032 0.3 2.42146)
(0.129836 0.3 2.52617)
(0.163257 0.3 2.52607)
(0.196647 0.3 2.52595)
(0.127486 0.3 2.63319)
(0.160895 0.3 2.63311)
(0.194274 0.3 2.633)
(0.125163 0.3 2.74284)
(0.15856 0.3 2.74276)
(0.191928 0.3 2.74267)
(0.122884 0.3 2.85518)
(0.156271 0.3 2.85511)
(0.189629 0.3 2.85503)
(0.120675 0.3 2.97029)
(0.154052 0.3 2.97023)
(0.187399 0.3 2.97015)
(0.118561 0.3 3.08823)
(0.151929 0.3 3.08817)
(0.185266 0.3 3.08811)
(0.116573 0.3 3.20908)
(0.149933 0.3 3.20903)
(0.183261 0.3 3.20898)
(0.114748 0.3 3.33292)
(0.1481 0.3 3.33288)
(0.18142 0.3 3.33284)
(0.113128 0.3 3.45984)
(0.146473 0.3 3.45981)
(0.179786 0.3 3.45977)
(0.111761 0.3 3.58991)
(0.145101 0.3 3.58989)
(0.178408 0.3 3.58986)
(0.110703 0.3 3.72324)
(0.144039 0.3 3.72323)
(0.177341 0.3 3.72321)
(0.110018 0.3 3.85992)
(0.143351 0.3 3.85991)
(0.17665 0.3 3.8599)
(0.109776 0.3 4)
(0.143108 0.3 4)
(0.176406 0.3 4)
(0.152755 0 1.58671)
(0.150545 0 1.67081)
(0.184079 0 1.67052)
(0.217536 0 1.67016)
(0.148325 0 1.75695)
(0.181848 0 1.7567)
(0.215308 0 1.75639)
(0.146087 0 1.8452)
(0.179598 0 1.84497)
(0.213057 0 1.8447)
(0.143828 0 1.93559)
(0.177326 0 1.93539)
(0.210779 0 1.93515)
(0.141544 0 2.02818)
(0.175029 0 2.028)
(0.208474 0 2.02779)
(0.139235 0 2.12303)
(0.172707 0 2.12287)
(0.206143 0 2.12269)
(0.136905 0 2.22019)
(0.170364 0 2.22006)
(0.203789 0 2.21989)
(0.134556 0 2.31973)
(0.168002 0 2.31961)
(0.201416 0 2.31946)
(0.132197 0 2.4217)
(0.16563 0 2.42159)
(0.199032 0 2.42146)
(0.129836 0 2.52617)
(0.163257 0 2.52607)
(0.196647 0 2.52595)
(0.127486 0 2.63319)
(0.160895 0 2.63311)
(0.194274 0 2.633)
(0.125163 0 2.74284)
(0.15856 0 2.74276)
(0.191928 0 2.74267)
(0.122884 0 2.85518)
(0.156271 0 2.85511)
(0.189629 0 2.85503)
(0.120675 0 2.97029)
(0.154052 0 2.97023)
(0.187399 0 2.97015)
(0.118561 0 3.08823)
(0.151929 0 3.08817)
(0.185266 0 3.08811)
(0.116573 0 3.20908)
(0.149933 0 3.20903)
(0.183261 0 3.20898)
(0.114748 0 3.33292)
(0.1481 0 3.33288)
(0.18142 0 3.33284)
(0.113128 0 3.45984)
(0.146473 0 3.45981)
(0.179786 0 3.45977)
(0.111761 0 3.58991)
(0.145101 0 3.58989)
(0.178408 0 3.58986)
(0.110703 0 3.72324)
(0.144039 0 3.72323)
(0.177341 0 3.72321)
(0.110018 0 3.85992)
(0.143351 0 3.85991)
(0.17665 0 3.8599)
(0.109776 0 4)
(0.143108 0 4)
(0.176406 0 4)
(0.285526 0.3 1.66969)
(0.283334 0.3 1.75598)
(0.352696 0.3 1.75556)
(0.423415 0.3 1.7552)
(0.495536 0.3 1.75492)
(0.281106 0.3 1.84434)
(0.350527 0.3 1.84397)
(0.421334 0.3 1.84365)
(0.493568 0.3 1.8434)
(0.567275 0.3 1.84321)
(0.642503 0.3 1.8431)
(0.278842 0.3 1.93484)
(0.348304 0.3 1.93451)
(0.419179 0.3 1.93423)
(0.491503 0.3 1.934)
(0.565318 0.3 1.93382)
(0.640665 0.3 1.93372)
(0.717588 0.3 1.93368)
(0.796134 0.3 1.93371)
(0.276543 0.3 2.02752)
(0.346034 0.3 2.02723)
(0.41696 0.3 2.02698)
(0.489355 0.3 2.02677)
(0.563257 0.3 2.02661)
(0.638703 0.3 2.02652)
(0.715734 0.3 2.02648)
(0.794393 0.3 2.0265)
(0.874722 0.3 2.02659)
(0.274212 0.3 2.12244)
(0.343721 0.3 2.12219)
(0.414685 0.3 2.12196)
(0.487136 0.3 2.12178)
(0.561108 0.3 2.12164)
(0.636636 0.3 2.12155)
(0.713759 0.3 2.12151)
(0.792515 0.3 2.12153)
(0.872944 0.3 2.12161)
(0.271855 0.3 2.21967)
(0.341374 0.3 2.21945)
(0.412366 0.3 2.21925)
(0.48486 0.3 2.21909)
(0.558887 0.3 2.21896)
(0.634483 0.3 2.21888)
(0.711682 0.3 2.21885)
(0.79052 0.3 2.21887)
(0.871037 0.3 2.21894)
(0.269475 0.3 2.31927)
(0.339001 0.3 2.31907)
(0.410013 0.3 2.31889)
(0.482539 0.3 2.31875)
(0.55661 0.3 2.31864)
(0.63226 0.3 2.31857)
(0.709522 0.3 2.31854)
(0.78843 0.3 2.31856)
(0.869022 0.3 2.31862)
(0.267082 0.3 2.42129)
(0.336611 0.3 2.42111)
(0.407636 0.3 2.42096)
(0.480185 0.3 2.42083)
(0.55429 0.3 2.42073)
(0.629984 0.3 2.42067)
(0.707298 0.3 2.42065)
(0.786266 0.3 2.42067)
(0.866923 0.3 2.42073)
(0.264688 0.3 2.5258)
(0.334215 0.3 2.52564)
(0.405248 0.3 2.52551)
(0.477814 0.3 2.5254)
(0.551946 0.3 2.52531)
(0.627674 0.3 2.52526)
(0.705031 0.3 2.52524)
(0.784049 0.3 2.52527)
(0.864761 0.3 2.52533)
(0.262305 0.3 2.63286)
(0.331827 0.3 2.63273)
(0.402864 0.3 2.63261)
(0.475442 0.3 2.63251)
(0.549593 0.3 2.63244)
(0.62535 0.3 2.6324)
(0.702741 0.3 2.63239)
(0.7818 0.3 2.63241)
(0.86256 0.3 2.63247)
(0.259947 0.3 2.74255)
(0.329464 0.3 2.74243)
(0.400501 0.3 2.74232)
(0.473087 0.3 2.74224)
(0.547254 0.3 2.74218)
(0.623032 0.3 2.74215)
(0.700452 0.3 2.74214)
(0.779545 0.3 2.74216)
(0.860345 0.3 2.74222)
(0.257637 0.3 2.85493)
(0.327145 0.3 2.85482)
(0.398181 0.3 2.85473)
(0.470772 0.3 2.85466)
(0.544949 0.3 2.85461)
(0.620744 0.3 2.85458)
(0.698187 0.3 2.85458)
(0.777309 0.3 2.8546)
(0.858142 0.3 2.85466)
(0.255396 0.3 2.97006)
(0.324896 0.3 2.96997)
(0.395929 0.3 2.96989)
(0.468522 0.3 2.96983)
(0.542706 0.3 2.96979)
(0.618514 0.3 2.96977)
(0.695975 0.3 2.96977)
(0.77512 0.3 2.9698)
(0.855982 0.3 2.96985)
(0.253252 0.3 3.08803)
(0.322744 0.3 3.08795)
(0.393772 0.3 3.08788)
(0.466365 0.3 3.08783)
(0.540554 0.3 3.0878)
(0.616372 0.3 3.08778)
(0.693847 0.3 3.08779)
(0.773011 0.3 3.08782)
(0.853896 0.3 3.08787)
(0.251237 0.3 3.20891)
(0.32072 0.3 3.20884)
(0.391743 0.3 3.20878)
(0.464334 0.3 3.20874)
(0.538527 0.3 3.20872)
(0.614351 0.3 3.20871)
(0.691838 0.3 3.20872)
(0.771017 0.3 3.20874)
(0.851922 0.3 3.20879)
(0.249386 0.3 3.33278)
(0.318861 0.3 3.33272)
(0.389878 0.3 3.33268)
(0.462467 0.3 3.33264)
(0.536662 0.3 3.33262)
(0.612492 0.3 3.33262)
(0.689987 0.3 3.33263)
(0.769178 0.3 3.33265)
(0.850099 0.3 3.3327)
(0.247743 0.3 3.45972)
(0.31721 0.3 3.45968)
(0.388221 0.3 3.45964)
(0.460809 0.3 3.45961)
(0.535005 0.3 3.4596)
(0.610838 0.3 3.4596)
(0.688339 0.3 3.45961)
(0.76754 0.3 3.45963)
(0.848473 0.3 3.45967)
(0.246358 0.3 3.58982)
(0.315818 0.3 3.58979)
(0.386824 0.3 3.58976)
(0.45941 0.3 3.58974)
(0.533605 0.3 3.58973)
(0.60944 0.3 3.58973)
(0.686946 0.3 3.58974)
(0.766153 0.3 3.58976)
(0.847096 0.3 3.5898)
(0.245285 0.3 3.72318)
(0.314739 0.3 3.72316)
(0.385743 0.3 3.72314)
(0.458326 0.3 3.72313)
(0.532521 0.3 3.72312)
(0.608357 0.3 3.72312)
(0.685866 0.3 3.72313)
(0.765078 0.3 3.72315)
(0.846027 0.3 3.72317)
(0.24459 0.3 3.85989)
(0.31404 0.3 3.85988)
(0.385041 0.3 3.85987)
(0.457623 0.3 3.85986)
(0.531817 0.3 3.85986)
(0.607654 0.3 3.85986)
(0.685164 0.3 3.85986)
(0.764379 0.3 3.85987)
(0.845332 0.3 3.85989)
(0.244344 0.3 4)
(0.313794 0.3 4)
(0.384794 0.3 4)
(0.457375 0.3 4)
(0.531569 0.3 4)
(0.607406 0.3 4)
(0.684917 0.3 4)
(0.764132 0.3 4)
(0.845086 0.3 4)
(0.285526 0 1.66969)
(0.283334 0 1.75598)
(0.352696 0 1.75556)
(0.423415 0 1.7552)
(0.495536 0 1.75492)
(0.281106 0 1.84434)
(0.350527 0 1.84397)
(0.421334 0 1.84365)
(0.493568 0 1.8434)
(0.567275 0 1.84321)
(0.642503 0 1.8431)
(0.278842 0 1.93484)
(0.348304 0 1.93451)
(0.419179 0 1.93423)
(0.491503 0 1.934)
(0.565318 0 1.93382)
(0.640665 0 1.93372)
(0.717588 0 1.93368)
(0.796134 0 1.93371)
(0.276543 0 2.02752)
(0.346034 0 2.02723)
(0.41696 0 2.02698)
(0.489355 0 2.02677)
(0.563257 0 2.02661)
(0.638703 0 2.02652)
(0.715734 0 2.02648)
(0.794393 0 2.0265)
(0.874722 0 2.02659)
(0.274212 0 2.12244)
(0.343721 0 2.12219)
(0.414685 0 2.12196)
(0.487136 0 2.12178)
(0.561108 0 2.12164)
(0.636636 0 2.12155)
(0.713759 0 2.12151)
(0.792515 0 2.12153)
(0.872944 0 2.12161)
(0.271855 0 2.21967)
(0.341374 0 2.21945)
(0.412366 0 2.21925)
(0.48486 0 2.21909)
(0.558887 0 2.21896)
(0.634483 0 2.21888)
(0.711682 0 2.21885)
(0.79052 0 2.21887)
(0.871037 0 2.21894)
(0.269475 0 2.31927)
(0.339001 0 2.31907)
(0.410013 0 2.31889)
(0.482539 0 2.31875)
(0.55661 0 2.31864)
(0.63226 0 2.31857)
(0.709522 0 2.31854)
(0.78843 0 2.31856)
(0.869022 0 2.31862)
(0.267082 0 2.42129)
(0.336611 0 2.42111)
(0.407636 0 2.42096)
(0.480185 0 2.42083)
(0.55429 0 2.42073)
(0.629984 0 2.42067)
(0.707298 0 2.42065)
(0.786266 0 2.42067)
(0.866923 0 2.42073)
(0.264688 0 2.5258)
(0.334215 0 2.52564)
(0.405248 0 2.52551)
(0.477814 0 2.5254)
(0.551946 0 2.52531)
(0.627674 0 2.52526)
(0.705031 0 2.52524)
(0.784049 0 2.52527)
(0.864761 0 2.52533)
(0.262305 0 2.63286)
(0.331827 0 2.63273)
(0.402864 0 2.63261)
(0.475442 0 2.63251)
(0.549593 0 2.63244)
(0.62535 0 2.6324)
(0.702741 0 2.63239)
(0.7818 0 2.63241)
(0.86256 0 2.63247)
(0.259947 0 2.74255)
(0.329464 0 2.74243)
(0.400501 0 2.74232)
(0.473087 0 2.74224)
(0.547254 0 2.74218)
(0.623032 0 2.74215)
(0.700452 0 2.74214)
(0.779545 0 2.74216)
(0.860345 0 2.74222)
(0.257637 0 2.85493)
(0.327145 0 2.85482)
(0.398181 0 2.85473)
(0.470772 0 2.85466)
(0.544949 0 2.85461)
(0.620744 0 2.85458)
(0.698187 0 2.85458)
(0.777309 0 2.8546)
(0.858142 0 2.85466)
(0.255396 0 2.97006)
(0.324896 0 2.96997)
(0.395929 0 2.96989)
(0.468522 0 2.96983)
(0.542706 0 2.96979)
(0.618514 0 2.96977)
(0.695975 0 2.96977)
(0.77512 0 2.9698)
(0.855982 0 2.96985)
(0.253252 0 3.08803)
(0.322744 0 3.08795)
(0.393772 0 3.08788)
(0.466365 0 3.08783)
(0.540554 0 3.0878)
(0.616372 0 3.08778)
(0.693847 0 3.08779)
(0.773011 0 3.08782)
(0.853896 0 3.08787)
(0.251237 0 3.20891)
(0.32072 0 3.20884)
(0.391743 0 3.20878)
(0.464334 0 3.20874)
(0.538527 0 3.20872)
(0.614351 0 3.20871)
(0.691838 0 3.20872)
(0.771017 0 3.20874)
(0.851922 0 3.20879)
(0.249386 0 3.33278)
(0.318861 0 3.33272)
(0.389878 0 3.33268)
(0.462467 0 3.33264)
(0.536662 0 3.33262)
(0.612492 0 3.33262)
(0.689987 0 3.33263)
(0.769178 0 3.33265)
(0.850099 0 3.3327)
(0.247743 0 3.45972)
(0.31721 0 3.45968)
(0.388221 0 3.45964)
(0.460809 0 3.45961)
(0.535005 0 3.4596)
(0.610838 0 3.4596)
(0.688339 0 3.45961)
(0.76754 0 3.45963)
(0.848473 0 3.45967)
(0.246358 0 3.58982)
(0.315818 0 3.58979)
(0.386824 0 3.58976)
(0.45941 0 3.58974)
(0.533605 0 3.58973)
(0.60944 0 3.58973)
(0.686946 0 3.58974)
(0.766153 0 3.58976)
(0.847096 0 3.5898)
(0.245285 0 3.72318)
(0.314739 0 3.72316)
(0.385743 0 3.72314)
(0.458326 0 3.72313)
(0.532521 0 3.72312)
(0.608357 0 3.72312)
(0.685866 0 3.72313)
(0.765078 0 3.72315)
(0.846027 0 3.72317)
(0.24459 0 3.85989)
(0.31404 0 3.85988)
(0.385041 0 3.85987)
(0.457623 0 3.85986)
(0.531817 0 3.85986)
(0.607654 0 3.85986)
(0.685164 0 3.85986)
(0.764379 0 3.85987)
(0.845332 0 3.85989)
(0.244344 0 4)
(0.313794 0 4)
(0.384794 0 4)
(0.457375 0 4)
(0.531569 0 4)
(0.607406 0 4)
(0.684917 0 4)
(0.764132 0 4)
(0.845086 0 4)
)


// ************************************************************************* //
