/*--------------------------------*- C++ -*----------------------------------*\
| =========                 |                                                 |
| \\      /  F ield         | OpenFOAM: The Open Source CFD Toolbox           |
|  \\    /   O peration     | Version:  dev                                   |
|   \\  /    A nd           | Web:      www.OpenFOAM.org                      |
|    \\/     M anipulation  |                                                 |
\*---------------------------------------------------------------------------*/
FoamFile
{
    version     2.0;
    format      ascii;
    class       surfaceScalarField;
    location    "3.53";
    object      meshPhi;
}
// * * * * * * * * * * * * * * * * * * * * * * * * * * * * * * * * * * * * * //

dimensions      [0 3 -1 0 0 0 0];

internalField   nonuniform List<scalar> 
5457
(
1.6752e-07
4.15101e-08
6.02684e-07
1.16397e-07
1.4912e-06
1.75774e-07
2.90233e-06
2.18592e-07
4.79884e-06
2.45619e-07
7.06576e-06
2.58046e-07
9.53668e-06
2.57384e-07
1.20191e-05
2.45438e-07
1.43178e-05
2.24289e-07
1.62554e-05
1.96262e-07
1.76888e-05
1.63855e-07
1.8522e-05
1.29626e-07
1.87122e-05
9.60326e-08
1.82717e-05
6.52526e-08
1.72632e-05
3.8999e-08
1.57902e-05
1.83728e-08
1.39838e-05
3.78251e-09
1.19874e-05
-5.04612e-09
9.94148e-06
-8.9621e-09
7.9711e-06
-9.20054e-09
6.11413e-06
-7.38797e-09
4.4189e-06
-5.01074e-09
3.00204e-06
-2.75595e-09
1.90641e-06
-9.68566e-10
1.10981e-06
1.0776e-10
5.73159e-07
5.21033e-10
2.47482e-07
4.99624e-10
7.95001e-08
3.10064e-10
1.55796e-08
1.43175e-10
2.40446e-11
1.22617e-07
8.32438e-08
5.24343e-07
2.33411e-07
1.39168e-06
3.52475e-07
2.79234e-06
4.38367e-07
4.68845e-06
4.92641e-07
6.96398e-06
5.17671e-07
9.45104e-06
5.16464e-07
1.19554e-05
4.92611e-07
1.42797e-05
4.50256e-07
1.62443e-05
3.94036e-07
1.77041e-05
3.28946e-07
1.85606e-05
2.60109e-07
1.87696e-05
1.92469e-07
1.83421e-05
1.30418e-07
1.73404e-05
7.74273e-08
1.58681e-05
3.57472e-08
1.40573e-05
6.23454e-09
1.20524e-05
-1.1633e-08
9.99505e-06
-1.95468e-08
8.01017e-06
-1.99924e-08
6.14491e-06
-1.62183e-08
4.44403e-06
-1.12141e-08
3.01797e-06
-6.43515e-09
1.9161e-06
-2.61767e-09
1.11521e-06
-2.54128e-10
5.75784e-07
7.44214e-10
2.48514e-07
8.31445e-10
7.98047e-08
5.3885e-10
1.56522e-08
2.48954e-10
4.86211e-11
6.48524e-08
1.25189e-07
4.20302e-07
3.51009e-07
1.25374e-06
5.30067e-07
2.63169e-06
6.59308e-07
4.51572e-06
7.41086e-07
6.78905e-06
7.78953e-07
9.2829e-06
7.77389e-07
1.18018e-05
7.41742e-07
1.41471e-05
6.78185e-07
1.61374e-05
5.93637e-07
1.76254e-05
4.95567e-07
1.85107e-05
3.91663e-07
1.87469e-05
2.89368e-07
1.83435e-05
1.95327e-07
1.7361e-05
1.14831e-07
1.59026e-05
5.13485e-08
1.40999e-05
6.25823e-09
1.20977e-05
-2.11468e-08
1.00381e-05
-3.33572e-08
8.04694e-06
-3.4093e-08
6.17715e-06
-2.81882e-08
4.47162e-06
-2.01418e-08
3.0378e-06
-1.23073e-08
1.9294e-06
-5.91983e-09
1.12324e-06
-1.76551e-09
5.79947e-07
2.44974e-10
2.50232e-07
7.6627e-10
8.03204e-08
5.84309e-10
1.57695e-08
2.82933e-10
5.84748e-11
-2.72615e-09
1.67306e-07
2.94951e-07
4.69097e-07
1.08198e-06
7.08433e-07
2.42428e-06
8.81305e-07
4.28294e-06
9.90883e-07
6.54093e-06
1.04189e-06
9.02922e-06
1.04025e-06
1.15521e-05
9.9302e-07
1.39102e-05
9.08364e-07
1.59212e-05
7.95428e-07
1.74366e-05
6.64112e-07
1.83541e-05
5.24645e-07
1.86251e-05
3.8697e-07
1.82567e-05
2.6002e-07
1.73075e-05
1.50969e-07
1.58782e-05
6.45949e-08
1.40991e-05
2.90583e-09
1.21141e-05
-3.48846e-08
1.00651e-05
-5.19776e-08
8.07889e-06
-5.32698e-08
6.2097e-06
-4.50992e-08
4.50127e-06
-3.34544e-08
3.06195e-06
-2.17558e-08
1.94694e-06
-1.19283e-08
1.13446e-06
-5.15782e-09
5.86036e-07
-1.42953e-09
2.52854e-07
6.30781e-11
8.11353e-08
3.43847e-10
1.5948e-08
2.17516e-10
4.87787e-11
-8.91771e-08
2.09614e-07
1.33142e-07
5.87734e-07
8.58539e-07
8.87688e-07
2.1523e-06
1.10454e-06
3.97497e-06
1.24231e-06
6.20921e-06
1.30686e-06
8.68591e-06
1.30554e-06
1.12092e-05
1.24708e-06
1.35794e-05
1.14155e-06
1.56134e-05
1.00024e-06
1.71613e-05
8.35442e-07
1.81189e-05
6.59867e-07
1.8435e-05
4.85953e-07
1.81137e-05
3.24949e-07
1.72106e-05
1.85982e-07
1.58237e-05
7.52542e-08
1.40808e-05
-4.4601e-09
1.21242e-05
-5.38802e-08
1.00951e-05
-7.67876e-08
8.12021e-06
-7.91618e-08
6.2542e-06
-6.86921e-08
4.5425e-06
-5.27716e-08
3.09606e-06
-3.61212e-08
1.97202e-06
-2.16607e-08
1.15067e-06
-1.11381e-08
5.94941e-07
-4.7174e-09
2.56763e-07
-1.50981e-09
8.23794e-08
-2.78141e-10
1.62144e-08
2.83988e-11
1.60492e-11
-1.95089e-07
2.52131e-07
-6.58943e-08
7.06975e-07
5.82555e-07
1.06793e-06
1.81477e-06
1.32919e-06
3.59061e-06
1.49561e-06
5.79241e-06
1.57423e-06
8.25105e-06
1.57379e-06
1.07708e-05
1.5046e-06
1.31518e-05
1.37856e-06
1.52105e-05
1.20905e-06
1.67955e-05
1.01062e-06
1.78006e-05
7.98419e-07
1.81719e-05
5.87344e-07
1.791e-05
3.90977e-07
1.70667e-05
2.2047e-07
1.57363e-05
8.35717e-08
1.40435e-05
-1.60138e-08
1.21278e-05
-7.87539e-08
1.01291e-05
-1.08834e-07
8.17375e-06
-1.1318e-07
6.31444e-06
-1.00579e-07
4.59839e-06
-7.96481e-08
3.14206e-06
-5.67114e-08
2.0058e-06
-3.6122e-08
1.17251e-06
-2.04129e-08
6.06986e-07
-1.0059e-08
2.62101e-07
-4.18405e-09
8.40988e-08
-1.37573e-09
1.65757e-08
-3.09474e-10
-4.28306e-11
-3.20979e-07
2.94871e-07
-3.02893e-07
8.26868e-07
2.53211e-07
1.24925e-06
1.4108e-06
1.55537e-06
3.12875e-06
1.751e-06
5.28902e-06
1.84436e-06
7.72261e-06
1.8455e-06
1.02341e-05
1.76629e-06
1.26239e-05
1.62034e-06
1.4708e-05
1.42298e-06
1.63341e-05
1.19095e-06
1.73936e-05
9.41724e-07
1.78298e-05
6.92603e-07
1.76394e-05
4.59492e-07
1.68698e-05
2.55631e-07
1.56108e-05
9.04358e-08
1.39828e-05
-3.1275e-08
1.21219e-05
-1.095e-07
1.01657e-05
-1.48606e-07
8.2395e-06
-1.5627e-07
6.39131e-06
-1.42015e-07
4.66965e-06
-1.1538e-07
3.20008e-06
-8.46564e-08
2.04811e-06
-5.62046e-08
1.19974e-06
-3.36251e-08
6.21959e-07
-1.78626e-08
2.68734e-07
-8.17653e-09
8.62347e-08
-3.03775e-09
1.70142e-08
-8.21029e-10
-1.30862e-10
-4.67373e-07
3.37855e-07
-5.78614e-07
9.47463e-07
-1.3028e-07
1.43171e-06
9.39547e-07
1.78321e-06
2.58839e-06
2.0087e-06
4.69766e-06
2.11756e-06
7.09859e-06
2.1212e-06
9.59635e-06
2.03288e-06
1.19919e-05
1.86788e-06
1.41012e-05
1.64333e-06
1.5771e-05
1.37799e-06
1.6891e-05
1.09157e-06
1.74011e-05
8.0367e-07
1.72938e-05
5.32483e-07
1.66116e-05
2.93369e-07
1.5439e-05
9.7527e-08
1.38911e-05
-4.89222e-08
1.20997e-05
-1.45263e-07
1.01991e-05
-1.95774e-07
8.31279e-06
-2.08633e-07
6.48121e-06
-1.93615e-07
4.75324e-06
-1.60764e-07
3.26747e-06
-1.20728e-07
2.09685e-06
-8.25687e-08
1.23083e-06
-5.12845e-08
6.3889e-07
-2.84709e-08
2.76158e-07
-1.36788e-08
8.85928e-08
-5.34668e-09
1.74811e-08
-1.53072e-09
-2.5243e-10
-6.34842e-07
3.81104e-07
-8.93836e-07
1.06881e-06
-5.68611e-07
1.61539e-06
4.00411e-07
2.0128e-06
1.96881e-06
2.26885e-06
4.01724e-06
2.39415e-06
6.37722e-06
2.40137e-06
8.85484e-06
2.30516e-06
1.1252e-05
2.12228e-06
1.33849e-05
1.87153e-06
1.50999e-05
1.57356e-06
1.62847e-05
1.25012e-06
1.68762e-05
9.22987e-07
1.68625e-05
6.1258e-07
1.62806e-05
3.36371e-07
1.52088e-05
1.07434e-07
1.37563e-05
-6.66284e-08
1.20494e-05
-1.84127e-07
1.02181e-05
-2.48941e-07
8.38319e-06
-2.69439e-07
6.57496e-06
-2.55065e-07
4.84162e-06
-2.1584e-07
3.33824e-06
-1.65162e-07
2.14755e-06
-1.15533e-07
1.26275e-06
-7.37127e-08
6.55956e-07
-4.21444e-08
2.83456e-07
-2.08594e-08
9.08286e-08
-8.38506e-09
1.78932e-08
-2.4659e-09
-4.12869e-10
-8.24052e-07
4.24653e-07
-1.24939e-06
1.191e-06
-1.06233e-06
1.80036e-06
-2.069e-07
2.24422e-06
1.26971e-06
2.53161e-06
3.24711e-06
2.67439e-06
5.55719e-06
2.6865e-06
8.0072e-06
2.58389e-06
1.04004e-05
2.38466e-06
1.25538e-05
2.10916e-06
1.43135e-05
1.77968e-06
1.55659e-05
1.41985e-06
1.62446e-05
1.05347e-06
1.63331e-05
7.03045e-07
1.58627e-05
3.88129e-07
1.4905e-05
1.23714e-07
1.35622e-05
-8.09573e-08
1.19543e-05
-2.2296e-07
1.02059e-05
-3.05441e-07
8.4344e-06
-3.36593e-07
6.65778e-06
-3.24878e-07
4.92265e-06
-2.79698e-07
3.40308e-06
-2.17516e-07
2.19352e-06
-1.55002e-07
1.29104e-06
-1.01025e-07
6.70505e-07
-5.90776e-08
2.89298e-07
-2.98919e-08
9.24395e-08
-1.22578e-08
1.81267e-08
-3.66801e-09
-6.21875e-10
-1.03585e-06
4.6855e-07
-1.64619e-06
1.31411e-06
-1.61176e-06
1.98672e-06
-8.82225e-07
2.47754e-06
4.91411e-07
2.79705e-06
2.38732e-06
2.95848e-06
4.63783e-06
2.977e-06
7.05168e-06
2.86978e-06
9.43387e-06
2.65617e-06
1.16029e-05
2.3578e-06
1.34049e-05
1.99848e-06
1.47252e-05
1.60348e-06
1.54944e-05
1.19841e-06
1.56915e-05
8.077e-07
1.53416e-05
4.5288e-07
1.45092e-05
1.50865e-07
1.32889e-05
-8.7348e-08
1.17934e-05
-2.57361e-07
1.01411e-05
-3.61246e-07
8.44512e-06
-4.06612e-07
6.71014e-06
-4.00268e-07
4.98041e-06
-3.50363e-07
3.44994e-06
-2.76615e-07
2.22614e-06
-2.00455e-07
1.31001e-06
-1.33162e-07
6.79138e-07
-7.94577e-08
2.91942e-07
-4.10216e-08
9.27311e-08
-1.71436e-08
1.79924e-08
-5.21897e-09
-8.99848e-10
-1.27138e-06
5.12877e-07
-2.08539e-06
1.43834e-06
-2.21697e-06
2.17457e-06
-1.62481e-06
2.71278e-06
-3.65021e-07
3.06522e-06
1.43877e-06
3.24654e-06
3.61938e-06
3.2732e-06
5.98739e-06
3.16349e-06
8.35007e-06
2.93784e-06
1.05277e-05
2.61905e-06
1.23674e-05
2.23216e-06
1.37534e-05
1.80387e-06
1.46137e-05
1.36136e-06
1.4923e-05
9.30784e-07
1.46998e-05
5.35473e-07
1.40015e-05
1.94205e-07
1.29144e-05
-8.0211e-08
1.15432e-05
-2.81717e-07
9.99937e-06
-4.10991e-07
8.39089e-06
-4.74634e-07
6.70953e-06
-4.77154e-07
4.9966e-06
-4.24802e-07
3.46506e-06
-3.40558e-07
2.23556e-06
-2.5098e-07
1.31302e-06
-1.6995e-07
6.77741e-07
-1.03564e-07
2.89126e-07
-5.46828e-08
9.0693e-08
-2.33967e-08
1.7158e-08
-7.30072e-09
-1.29534e-09
-1.53236e-06
5.5776e-07
-2.56854e-06
1.56393e-06
-2.87764e-06
2.36406e-06
-2.43315e-06
2.94993e-06
-1.29753e-06
3.33603e-06
4.03453e-07
3.53857e-06
2.50322e-06
3.57525e-06
4.81459e-06
3.46545e-06
7.14765e-06
3.23056e-06
9.32513e-06
2.89431e-06
1.11953e-05
2.48278e-06
1.26421e-05
2.02383e-06
1.35913e-05
1.54594e-06
1.4013e-05
1.07674e-06
1.39199e-05
6.41139e-07
1.33616e-05
2.5965e-07
1.24159e-05
-5.31373e-08
1.11792e-05
-2.89394e-07
9.75538e-06
-4.48141e-07
8.24654e-06
-5.34569e-07
6.63287e-06
-5.50283e-07
4.95237e-06
-4.99018e-07
3.43414e-06
-4.06771e-07
2.21131e-06
-3.05305e-07
1.29268e-06
-2.1116e-07
6.61328e-07
-1.31874e-07
2.77716e-07
-7.16691e-08
8.46331e-08
-3.17407e-08
1.49093e-08
-1.03342e-08
-1.93155e-09
-1.8213e-06
6.03399e-07
-3.09791e-06
1.6913e-06
-3.59282e-06
2.55542e-06
-3.30476e-06
3.18889e-06
-2.30288e-06
3.60932e-06
-7.15291e-07
3.83439e-06
1.29221e-06
3.88311e-06
3.5351e-06
3.77589e-06
5.82689e-06
3.53495e-06
7.99338e-06
3.18472e-06
9.88463e-06
2.75211e-06
1.13846e-05
2.26588e-06
1.24173e-05
1.75556e-06
1.29488e-05
1.24991e-06
1.29859e-05
7.75185e-07
1.25705e-05
3.53387e-07
1.17721e-05
7.80498e-10
1.06784e-05
-2.73031e-07
9.38537e-06
-4.65258e-07
7.98873e-06
-5.79341e-07
6.45896e-06
-6.13463e-07
4.83027e-06
-5.68207e-07
3.34359e-06
-4.72066e-07
2.14291e-06
-3.61779e-07
1.24092e-06
-2.56469e-07
6.2362e-07
-1.65101e-07
2.52892e-07
-9.33212e-08
7.12115e-08
-4.36073e-08
9.44277e-09
-1.53117e-08
-3.14359e-09
-2.11675e-06
6.46599e-07
-3.66213e-06
1.8159e-06
-4.36593e-06
2.74841e-06
-4.24023e-06
3.43182e-06
-3.38139e-06
3.8871e-06
-1.91809e-06
4.13617e-06
-1.51292e-08
4.19913e-06
2.14609e-06
4.09745e-06
4.38331e-06
3.85398e-06
6.52609e-06
3.49368e-06
8.42681e-06
3.04403e-06
9.97005e-06
2.53451e-06
1.10784e-05
1.99536e-06
1.17145e-05
1.45617e-06
1.18793e-05
9.44222e-07
1.16076e-05
4.82745e-07
1.09607e-05
8.94571e-08
1.00176e-05
-2.24373e-07
8.86647e-06
-4.54126e-07
7.59609e-06
-6.01294e-07
6.169e-06
-6.6019e-07
4.61465e-06
-6.27459e-07
3.18062e-06
-5.3326e-07
2.01959e-06
-4.18875e-07
1.14828e-06
-3.05907e-07
5.55789e-07
-2.04697e-07
2.05953e-07
-1.22297e-07
4.17617e-08
-6.24545e-08
-7.13501e-09
-2.56432e-08
-6.46085e-09
-3.89229e-08
3.9471e-10
-2.0011e-07
2.48991e-09
-6.36741e-07
9.41258e-09
-1.49806e-06
2.51976e-08
-2.917e-06
5.43164e-08
-4.99445e-06
1.01183e-07
-7.78736e-06
1.69624e-07
-1.13024e-05
2.62357e-07
-1.54961e-05
3.80687e-07
-1.99959e-05
5.14634e-07
-2.44655e-05
6.44701e-07
-2.89207e-05
7.64278e-07
-3.32926e-05
8.75981e-07
-3.7417e-05
9.77612e-07
-4.11353e-05
1.06536e-06
-4.43011e-05
1.1367e-06
-4.67863e-05
1.19045e-06
-4.84853e-05
1.22656e-06
-4.93184e-05
1.24573e-06
-4.92345e-05
1.24881e-06
-4.82103e-05
1.23635e-06
-4.62481e-05
1.20821e-06
-4.33702e-05
1.16332e-06
-3.96116e-05
1.09968e-06
-3.50102e-05
1.01441e-06
-2.95978e-05
9.03981e-07
-2.33899e-05
7.64463e-07
-1.6379e-05
5.91764e-07
-8.52719e-06
3.81792e-07
1.34339e-07
-3.94349e-08
7.76783e-10
-2.02746e-07
5.01406e-09
-6.44137e-07
1.87957e-08
-1.5131e-06
5.01714e-08
-2.94257e-06
1.07959e-07
-5.03303e-06
2.00857e-07
-7.84049e-06
3.36388e-07
-1.13695e-05
5.19835e-07
-1.55691e-05
7.53456e-07
-2.00927e-05
1.0184e-06
-2.45863e-05
1.27672e-06
-2.90428e-05
1.51396e-06
-3.34173e-05
1.73536e-06
-3.7543e-05
1.93741e-06
-4.126e-05
2.11232e-06
-4.44217e-05
2.25496e-06
-4.69e-05
2.36292e-06
-4.85891e-05
2.43607e-06
-4.941e-05
2.47565e-06
-4.9312e-05
2.48327e-06
-4.82729e-05
2.45993e-06
-4.62957e-05
2.40524e-06
-4.34039e-05
2.317e-06
-3.96331e-05
2.19116e-06
-3.50221e-05
2.02195e-06
-2.96027e-05
1.80231e-06
-2.33907e-05
1.52442e-06
-1.63781e-05
1.18015e-06
-8.52638e-06
7.61387e-07
2.67884e-07
-3.99543e-08
1.1658e-09
-2.05348e-07
7.53353e-09
-6.50934e-07
2.79406e-08
-1.52573e-06
7.42493e-08
-2.96202e-06
1.5933e-07
-5.05955e-06
2.95862e-07
-7.87353e-06
4.94799e-07
-1.14075e-05
7.63749e-07
-1.56091e-05
1.10564e-06
-2.01457e-05
1.4942e-06
-2.465e-05
1.87514e-06
-2.91035e-05
2.22565e-06
-3.34773e-05
2.55322e-06
-3.76028e-05
2.8535e-06
-4.13192e-05
3.11475e-06
-4.44792e-05
3.32918e-06
-4.6954e-05
3.493e-06
-4.8638e-05
3.60573e-06
-4.94521e-05
3.6689e-06
-4.93463e-05
3.68461e-06
-4.82989e-05
3.65404e-06
-4.63137e-05
3.57637e-06
-4.34148e-05
3.44817e-06
-3.96383e-05
3.26327e-06
-3.50232e-05
3.01303e-06
-2.96014e-05
2.68694e-06
-2.33885e-05
2.27337e-06
-1.63763e-05
1.76028e-06
-8.52545e-06
1.13571e-06
3.9957e-07
-4.03571e-08
1.54954e-09
-2.07268e-07
9.96782e-09
-6.55361e-07
3.65903e-08
-1.53243e-06
9.67328e-08
-2.96946e-06
2.06886e-07
-5.06525e-06
3.83287e-07
-7.87463e-06
6.39953e-07
-1.14016e-05
9.86564e-07
-1.55969e-05
1.42665e-06
-2.013e-05
1.92795e-06
-2.46299e-05
2.42247e-06
-2.90781e-05
2.87976e-06
-3.34492e-05
3.30879e-06
-3.75748e-05
3.70438e-06
-4.12929e-05
4.05097e-06
-4.44553e-05
4.33807e-06
-4.69323e-05
4.56025e-06
-4.86178e-05
4.71636e-06
-4.94331e-05
4.80782e-06
-4.93279e-05
4.83678e-06
-4.82812e-05
4.80428e-06
-4.6297e-05
4.70881e-06
-4.33996e-05
4.54554e-06
-3.96252e-05
4.30614e-06
-3.50126e-05
3.97914e-06
-2.95936e-05
3.55069e-06
-2.33834e-05
3.0055e-06
-1.63735e-05
2.32781e-06
-8.52432e-06
1.50206e-06
5.28471e-07
-4.07424e-08
1.9134e-09
-2.09009e-07
1.22356e-08
-6.59056e-07
4.45122e-08
-1.53703e-06
1.17071e-07
-2.97224e-06
2.49519e-07
-5.06228e-06
4.61158e-07
-7.86172e-06
7.68663e-07
-1.13754e-05
1.18353e-06
-1.55564e-05
1.70985e-06
-2.0078e-05
2.31088e-06
-2.457e-05
2.90798e-06
-2.90132e-05
3.46418e-06
-3.33832e-05
3.98908e-06
-3.75107e-05
4.47638e-06
-4.12331e-05
4.90697e-06
-4.44007e-05
5.26758e-06
-4.6883e-05
5.55095e-06
-4.85733e-05
5.75481e-06
-4.93926e-05
5.88003e-06
-4.92912e-05
5.92834e-06
-4.82481e-05
5.9002e-06
-4.62677e-05
5.79312e-06
-4.33746e-05
5.60068e-06
-3.96047e-05
5.31233e-06
-3.49969e-05
4.91382e-06
-2.95824e-05
4.38808e-06
-2.33762e-05
3.71638e-06
-1.63695e-05
2.87945e-06
-8.52273e-06
1.85837e-06
6.5387e-07
-4.11172e-08
2.24386e-09
-2.10614e-07
1.42684e-08
-6.62223e-07
5.15104e-08
-1.54016e-06
1.34836e-07
-2.97161e-06
2.86438e-07
-5.0527e-06
5.28166e-07
-7.83763e-06
8.78927e-07
-1.13321e-05
1.35178e-06
-1.54911e-05
1.95133e-06
-1.99943e-05
2.63789e-06
-2.44757e-05
3.32537e-06
-2.89144e-05
3.97163e-06
-3.32845e-05
4.58602e-06
-3.7416e-05
5.16081e-06
-4.11447e-05
5.67355e-06
-4.43197e-05
6.10825e-06
-4.68095e-05
6.45555e-06
-4.85068e-05
6.71168e-06
-4.93326e-05
6.87644e-06
-4.92373e-05
6.95064e-06
-4.82002e-05
6.93371e-06
-4.62262e-05
6.82182e-06
-4.33397e-05
6.60676e-06
-3.95767e-05
6.27569e-06
-3.49757e-05
5.81163e-06
-2.95676e-05
5.19445e-06
-2.33668e-05
4.40217e-06
-1.63644e-05
3.41228e-06
-8.52057e-06
2.20278e-06
7.75124e-07
-4.15056e-08
2.53002e-09
-2.12219e-07
1.60178e-08
-6.65319e-07
5.74539e-08
-1.54289e-06
1.49776e-07
-2.96966e-06
3.17238e-07
-5.03989e-06
5.8373e-07
-7.80714e-06
9.69982e-07
-1.12778e-05
1.49037e-06
-1.54084e-05
2.14995e-06
-1.98874e-05
2.90754e-06
-2.43565e-05
3.67273e-06
-2.87912e-05
4.39965e-06
-3.31624e-05
5.09654e-06
-3.72989e-05
5.75391e-06
-4.1035e-05
6.34636e-06
-4.42185e-05
6.85519e-06
-4.67168e-05
7.26875e-06
-4.84222e-05
7.58141e-06
-4.92557e-05
7.79137e-06
-4.91679e-05
7.89799e-06
-4.81386e-05
7.89921e-06
-4.61729e-05
7.78949e-06
-4.32951e-05
7.55862e-06
-3.95412e-05
7.1914e-06
-3.49489e-05
6.66818e-06
-2.95488e-05
5.96593e-06
-2.33549e-05
5.05963e-06
-1.63577e-05
3.92381e-06
-8.51774e-06
2.53372e-06
8.91679e-07
-4.19713e-08
2.76794e-09
-2.1414e-07
1.74616e-08
-6.69278e-07
6.23005e-08
-1.54725e-06
1.61847e-07
-2.96993e-06
3.41937e-07
-5.0293e-06
6.28033e-07
-7.77788e-06
1.0423e-06
-1.12223e-05
1.60019e-06
-1.53202e-05
2.30719e-06
-1.9771e-05
3.12184e-06
-2.42265e-05
3.95227e-06
-2.86577e-05
4.75023e-06
-3.30301e-05
5.52216e-06
-3.71712e-05
6.25666e-06
-4.09141e-05
6.92568e-06
-4.41053e-05
7.50796e-06
-4.66113e-05
7.98942e-06
-4.83243e-05
8.36221e-06
-4.91653e-05
8.62246e-06
-4.90855e-05
8.76758e-06
-4.80648e-05
8.79354e-06
-4.61087e-05
8.69276e-06
-4.32413e-05
8.4528e-06
-3.94982e-05
8.05603e-06
-3.49165e-05
7.48019e-06
-2.9526e-05
6.69949e-06
-2.33402e-05
5.68616e-06
-1.63494e-05
4.41202e-06
-8.51416e-06
2.84985e-06
1.00307e-06
-4.26421e-08
2.95802e-09
-2.16973e-07
1.86069e-08
-6.75725e-07
6.6107e-08
-1.55646e-06
1.71239e-07
-2.97782e-06
3.60991e-07
-5.02894e-06
6.61995e-07
-7.76076e-06
1.09752e-06
-1.11795e-05
1.68387e-06
-1.52436e-05
2.42687e-06
-1.96641e-05
3.28581e-06
-2.41052e-05
4.1697e-06
-2.85325e-05
5.02919e-06
-3.29045e-05
5.86847e-06
-3.70479e-05
6.6741e-06
-4.07947e-05
7.41586e-06
-4.39904e-05
8.07006e-06
-4.65012e-05
8.62013e-06
-4.82193e-05
9.05569e-06
-4.9066e-05
9.37041e-06
-4.89931e-05
9.55927e-06
-4.79809e-05
9.61586e-06
-4.60349e-05
9.5302e-06
-4.3179e-05
9.28742e-06
-3.94481e-05
8.86741e-06
-3.48785e-05
8.24537e-06
-2.94992e-05
7.39292e-06
-2.33228e-05
6.27974e-06
-1.63395e-05
4.87527e-06
-8.50976e-06
3.15009e-06
1.1089e-06
-4.37482e-08
3.10634e-09
-2.21727e-07
1.94927e-08
-6.87255e-07
6.90309e-08
-1.57542e-06
1.78362e-07
-3.00103e-06
3.75273e-07
-5.04972e-06
6.87227e-07
-7.77018e-06
1.13832e-06
-1.11677e-05
1.74549e-06
-1.52002e-05
2.51479e-06
-1.95905e-05
3.40692e-06
-2.40164e-05
4.33359e-06
-2.84377e-05
5.24546e-06
-3.28054e-05
6.14429e-06
-3.6946e-05
7.01467e-06
-4.06909e-05
7.82465e-06
-4.38854e-05
8.54833e-06
-4.63955e-05
9.16663e-06
-4.81139e-05
9.66643e-06
-4.89627e-05
1.00386e-05
-4.88942e-05
1.02753e-05
-4.78891e-05
1.03673e-05
-4.59529e-05
1.0302e-05
-4.3109e-05
1.0062e-05
-3.93913e-05
9.62453e-06
-3.48351e-05
8.96234e-06
-2.94682e-05
8.04468e-06
-2.33026e-05
6.8389e-06
-1.63277e-05
5.3123e-06
-8.5045e-06
3.4336e-06
1.20887e-06
-4.57067e-08
3.2229e-09
-2.30091e-07
2.01915e-08
-7.07893e-07
7.13356e-08
-1.61118e-06
1.83864e-07
-3.05001e-06
3.86066e-07
-5.10563e-06
7.0597e-07
-7.82384e-06
1.16825e-06
-1.12083e-05
1.79033e-06
-1.52155e-05
2.57834e-06
-1.95778e-05
3.49462e-06
-2.39865e-05
4.45465e-06
-2.83974e-05
5.4102e-06
-3.27543e-05
6.36081e-06
-3.68841e-05
7.2893e-06
-4.06182e-05
8.16237e-06
-4.38025e-05
8.95217e-06
-4.63037e-05
9.63716e-06
-4.80155e-05
1.02014e-05
-4.88608e-05
1.06325e-05
-4.87926e-05
1.09198e-05
-4.77922e-05
1.10508e-05
-4.58645e-05
1.101e-05
-4.30324e-05
1.07773e-05
-3.93285e-05
1.03273e-05
-3.47867e-05
9.63054e-06
-2.94334e-05
8.65387e-06
-2.32795e-05
7.36261e-06
-1.63142e-05
5.72219e-06
-8.49837e-06
3.69972e-06
1.30275e-06
-4.93436e-08
3.32263e-09
-2.4501e-07
2.08198e-08
-7.4398e-07
7.34232e-08
-1.67389e-06
1.88667e-07
-3.13853e-06
3.951e-07
-5.21386e-06
7.21082e-07
-7.94231e-06
1.19169e-06
-1.13257e-05
1.82472e-06
-1.5318e-05
2.62626e-06
-1.96558e-05
3.55986e-06
-2.4043e-05
4.54505e-06
-2.84359e-05
5.536e-06
-3.27724e-05
6.53078e-06
-3.688e-05
7.51061e-06
-4.05914e-05
8.44115e-06
-4.37537e-05
9.29284e-06
-4.62352e-05
1.00418e-05
-4.7931e-05
1.06691e-05
-4.87654e-05
1.11594e-05
-4.86922e-05
1.14983e-05
-4.76927e-05
1.16703e-05
-4.57715e-05
1.16569e-05
-4.29504e-05
1.14348e-05
-3.92604e-05
1.09765e-05
-3.47337e-05
1.025e-05
-2.93949e-05
9.22007e-06
-2.32539e-05
7.85024e-06
-1.62989e-05
6.10429e-06
-8.49139e-06
3.94795e-06
1.39034e-06
-5.65262e-08
3.4312e-09
-2.72068e-07
2.15849e-08
-8.05931e-07
7.59444e-08
-1.77822e-06
1.9412e-07
-3.28453e-06
4.04676e-07
-5.39474e-06
7.36079e-07
-8.14819e-06
1.21367e-06
-1.15458e-05
1.85571e-06
-1.55385e-05
2.66845e-06
-1.98551e-05
3.61504e-06
-2.42114e-05
4.61784e-06
-2.85753e-05
5.63597e-06
-3.28789e-05
6.66769e-06
-3.69503e-05
7.69219e-06
-4.0624e-05
8.67418e-06
-4.37497e-05
9.5827e-06
-4.61983e-05
1.03917e-05
-4.7867e-05
1.10795e-05
-4.86814e-05
1.16273e-05
-4.85963e-05
1.20175e-05
-4.75931e-05
1.2231e-05
-4.56758e-05
1.22462e-05
-4.28643e-05
1.20371e-05
-3.91879e-05
1.15735e-05
-3.46766e-05
1.08212e-05
-2.93532e-05
9.74327e-06
-2.32257e-05
8.30145e-06
-1.6282e-05
6.45813e-06
-8.48358e-06
4.17792e-06
1.4715e-06
-7.22004e-08
3.63869e-09
-3.22991e-07
2.29546e-08
-9.11738e-07
8.00801e-08
-1.94581e-06
2.02313e-07
-3.51106e-06
4.17939e-07
-5.67147e-06
7.55266e-07
-8.46469e-06
1.2398e-06
-1.18942e-05
1.8908e-06
-1.59121e-05
2.7162e-06
-2.02073e-05
3.67442e-06
-2.45114e-05
4.68631e-06
-2.88333e-05
5.72268e-06
-3.30901e-05
6.78513e-06
-3.71083e-05
7.84796e-06
-4.07268e-05
8.87502e-06
-4.37992e-05
9.83451e-06
-4.61999e-05
1.06985e-05
-4.78285e-05
1.14428e-05
-4.86127e-05
1.20451e-05
-4.8508e-05
1.24844e-05
-4.74958e-05
1.27384e-05
-4.55788e-05
1.27821e-05
-4.27752e-05
1.25868e-05
-3.91118e-05
1.21198e-05
-3.4616e-05
1.13451e-05
-2.93084e-05
1.02237e-05
-2.31952e-05
8.71609e-06
-1.62635e-05
6.78343e-06
-8.47493e-06
4.38937e-06
1.54612e-06
-1.19005e-07
5.15856e-09
-4.32272e-07
2.65197e-08
-1.0996e-06
8.87962e-08
-2.21388e-06
2.1732e-07
-3.85264e-06
4.39959e-07
-6.07488e-06
7.84608e-07
-8.91864e-06
1.27676e-06
-1.2397e-05
1.93754e-06
-1.64466e-05
2.77276e-06
-2.07089e-05
3.73491e-06
-2.49526e-05
4.75242e-06
-2.92265e-05
5.80743e-06
-3.34219e-05
6.89797e-06
-3.7367e-05
7.99356e-06
-4.09097e-05
9.05921e-06
-4.39098e-05
1.00635e-05
-4.62457e-05
1.0977e-05
-4.78201e-05
1.17727e-05
-4.85626e-05
1.24256e-05
-4.84296e-05
1.29108e-05
-4.74022e-05
1.32029e-05
-4.54816e-05
1.32738e-05
-4.26837e-05
1.30919e-05
-3.90325e-05
1.26225e-05
-3.45522e-05
1.18273e-05
-2.92607e-05
1.06661e-05
-2.31624e-05
9.09791e-06
-1.62434e-05
7.0829e-06
-8.4654e-06
4.58396e-06
1.61477e-06
-2.46536e-06
6.84448e-07
-4.3691e-06
1.92906e-06
-5.38311e-06
2.9356e-06
-5.45351e-06
3.67979e-06
-4.71807e-06
4.17471e-06
-3.34017e-06
4.44928e-06
-1.48695e-06
4.5291e-06
6.56971e-07
4.43633e-06
2.90776e-06
4.19435e-06
5.09329e-06
3.82828e-06
7.06313e-06
3.36599e-06
8.69859e-06
2.83752e-06
9.91841e-06
2.27354e-06
1.06806e-05
1.70415e-06
1.09808e-05
1.1573e-06
1.0848e-05
6.57147e-07
1.03375e-05
2.22589e-07
9.52287e-06
-1.33664e-07
8.4877e-06
-4.05319e-07
7.31693e-06
-5.91934e-07
5.96493e-06
-6.8369e-07
4.45438e-06
-6.72167e-07
3.04302e-06
-5.87698e-07
1.89698e-06
-4.7568e-07
1.03787e-06
-3.60317e-07
4.57551e-07
-2.53293e-07
1.20879e-07
-1.62928e-07
-2.95288e-08
-9.40662e-08
-6.58006e-08
-4.80447e-08
-2.28608e-08
-5.24213e-08
-2.75818e-06
7.19734e-07
-4.98187e-06
2.03114e-06
-6.35743e-06
3.10507e-06
-6.72892e-06
3.9193e-06
-6.17501e-06
4.46986e-06
-4.91842e-06
4.77663e-06
-3.16094e-06
4.8756e-06
-1.08417e-06
4.79564e-06
1.13061e-06
4.55981e-06
3.31322e-06
4.19285e-06
5.31256e-06
3.7229e-06
7.0087e-06
3.18048e-06
8.31806e-06
2.59642e-06
9.19488e-06
2.00094e-06
9.62974e-06
1.42235e-06
9.6454e-06
8.85385e-07
9.29062e-06
4.09827e-07
8.63271e-06
9.47973e-09
7.74967e-06
-3.08093e-07
6.72178e-06
-5.40995e-07
5.49767e-06
-6.7575e-07
4.0838e-06
-6.96794e-07
2.73726e-06
-6.31517e-07
1.63881e-06
-5.29617e-07
8.14429e-07
-4.18701e-07
2.58723e-07
-3.11553e-07
-6.18191e-08
-2.17654e-07
-2.03554e-07
-1.42724e-07
-2.38898e-07
-8.88883e-08
-5.5657e-08
-2.46503e-07
-3.06277e-06
7.54543e-07
-5.57683e-06
2.12933e-06
-7.28376e-06
3.2591e-06
-8.03586e-06
4.13452e-06
-7.78268e-06
4.75364e-06
-6.69631e-06
5.11335e-06
-5.05104e-06
5.23999e-06
-3.0632e-06
5.17641e-06
-9.04872e-07
4.95219e-06
1.25762e-06
4.58982e-06
3.27149e-06
4.11773e-06
5.01602e-06
3.56717e-06
6.40592e-06
2.9687e-06
7.39205e-06
2.35231e-06
7.9602e-06
1.74633e-06
8.12726e-06
1.17577e-06
7.93564e-06
6.60953e-07
7.44672e-06
2.16412e-07
6.73394e-06
-1.49595e-07
5.87532e-06
-4.34938e-07
4.82253e-06
-6.25799e-07
3.53629e-06
-6.94909e-07
2.26447e-06
-6.58629e-07
1.22316e-06
-5.74253e-07
4.36603e-07
-4.75508e-07
-9.76345e-08
-3.75002e-07
-4.13e-07
-2.83418e-07
-5.66403e-07
-2.071e-07
-6.32584e-07
-1.49146e-07
-1.10217e-07
-6.8806e-07
-3.39673e-06
7.8846e-07
-6.21413e-06
2.22578e-06
-8.20703e-06
3.4081e-06
-9.30405e-06
4.33066e-06
-9.44346e-06
5.00798e-06
-8.65455e-06
5.43726e-06
-7.17148e-06
5.61682e-06
-5.29324e-06
5.58089e-06
-3.21472e-06
5.37392e-06
-1.09059e-06
5.02206e-06
9.20619e-07
4.55361e-06
2.69846e-06
4.00146e-06
4.15672e-06
3.39519e-06
5.24333e-06
2.76411e-06
5.93965e-06
2.1363e-06
6.25687e-06
1.5368e-06
6.2312e-06
9.86259e-07
5.91812e-06
4.997e-07
5.38682e-06
8.58384e-08
4.71534e-06
-2.53456e-07
3.87124e-06
-5.06805e-07
2.75297e-06
-6.40532e-07
1.57055e-06
-6.54565e-07
5.84157e-07
-6.00515e-07
-1.69975e-07
-5.19938e-07
-6.92387e-07
-4.32683e-07
-1.02182e-06
-3.49871e-07
-1.21709e-06
-2.77419e-07
-1.35526e-06
-2.19647e-07
-1.77655e-07
-1.49939e-06
-3.76107e-06
8.21409e-07
-6.91478e-06
2.31975e-06
-9.20694e-06
3.55477e-06
-1.05946e-05
4.52131e-06
-1.10895e-05
5.24023e-06
-1.0696e-05
5.72716e-06
-9.50281e-06
5.9791e-06
-7.79244e-06
6.00232e-06
-5.81764e-06
5.82849e-06
-3.74941e-06
5.49194e-06
-1.76099e-06
5.03247e-06
3.16045e-08
4.4862e-06
1.54243e-06
3.87966e-06
2.71664e-06
3.24112e-06
3.53155e-06
2.59826e-06
3.99277e-06
1.976e-06
4.13e-06
1.39525e-06
3.99196e-06
8.71557e-07
3.64148e-06
4.14565e-07
3.15162e-06
2.77533e-08
2.4976e-06
-2.74964e-07
1.57738e-06
-4.67863e-07
5.44756e-07
-5.54999e-07
-3.65722e-07
-5.67236e-07
-1.09011e-06
-5.30839e-07
-1.61818e-06
-4.68355e-07
-1.98598e-06
-3.98606e-07
-2.25378e-06
-3.34313e-07
-2.49819e-06
-2.80421e-07
-2.37383e-07
-2.75865e-06
-4.1589e-06
8.53275e-07
-7.68155e-06
2.41092e-06
-1.03091e-05
3.6979e-06
-1.19999e-05
4.70966e-06
-1.27921e-05
5.46705e-06
-1.27566e-05
5.99214e-06
-1.1944e-05
6.29994e-06
-1.0514e-05
6.39547e-06
-8.71063e-06
6.28726e-06
-6.73804e-06
5.99393e-06
-4.79228e-06
5.55614e-06
-3.0078e-06
5.02288e-06
-1.46428e-06
4.42454e-06
-2.20164e-07
3.78661e-06
6.98582e-07
3.13664e-06
1.29183e-06
2.49915e-06
1.58231e-06
1.89556e-06
1.6106e-06
1.34193e-06
1.42996e-06
8.49106e-07
1.10051e-06
4.23138e-07
5.883e-07
8.13372e-08
-1.50976e-07
-1.57741e-07
-9.8737e-07
-3.08736e-07
-1.76921e-06
-3.97763e-07
-2.44046e-06
-4.37405e-07
-2.98063e-06
-4.34507e-07
-3.40626e-06
-4.00212e-07
-3.76986e-06
-3.51558e-07
-4.14099e-06
-3.0204e-07
-2.58486e-07
-4.53172e-06
-4.59299e-06
8.83894e-07
-8.51977e-06
2.49884e-06
-1.1517e-05
3.8368e-06
-1.35487e-05
4.89393e-06
-1.46509e-05
5.69217e-06
-1.49162e-05
6.25287e-06
-1.44484e-05
6.59714e-06
-1.33556e-05
6.74202e-06
-1.18307e-05
6.70377e-06
-1.00507e-05
6.49064e-06
-8.19571e-06
6.11474e-06
-6.44486e-06
5.61417e-06
-4.89227e-06
5.03174e-06
-3.60138e-06
4.40291e-06
-2.59883e-06
3.75455e-06
-1.89116e-06
3.11009e-06
-1.46286e-06
2.49228e-06
-1.28232e-06
1.91721e-06
-1.30712e-06
1.39664e-06
-1.49052e-06
9.38305e-07
-1.86767e-06
5.58063e-07
-2.45292e-06
2.72478e-07
-3.12145e-06
7.00148e-08
-3.76494e-06
-7.60513e-08
-4.35935e-06
-1.80444e-07
-4.89649e-06
-2.45941e-07
-5.3848e-06
-2.75425e-07
-5.85678e-06
-2.7292e-07
-6.36372e-06
-2.45198e-07
-2.05444e-07
-6.88835e-06
-5.06604e-06
9.13098e-07
-9.43469e-06
2.58304e-06
-1.28382e-05
3.97077e-06
-1.52466e-05
5.07328e-06
-1.66985e-05
5.91366e-06
-1.72821e-05
6.51427e-06
-1.71215e-05
6.89643e-06
-1.63442e-05
7.07967e-06
-1.5131e-05
7.08838e-06
-1.36277e-05
6.9438e-06
-1.19549e-05
6.65244e-06
-1.02944e-05
6.22581e-06
-8.77364e-06
5.69411e-06
-7.46261e-06
5.09227e-06
-6.40103e-06
4.4526e-06
-5.60179e-06
3.80918e-06
-5.05573e-06
3.18692e-06
-4.74037e-06
2.59998e-06
-4.62394e-06
2.06066e-06
-4.6702e-06
1.57802e-06
-4.9044e-06
1.16534e-06
-5.34015e-06
8.35202e-07
-5.87196e-06
5.80114e-07
-6.40808e-06
3.82534e-07
-6.93824e-06
2.32667e-07
-7.46661e-06
1.22621e-07
-8.00947e-06
4.41884e-08
-8.58855e-06
-3.66537e-09
-9.23802e-06
-2.02043e-08
-1.44486e-08
-9.90828e-06
-5.58067e-06
9.40657e-07
-1.04315e-05
2.66286e-06
-1.42804e-05
4.09878e-06
-1.71036e-05
5.24635e-06
-1.89434e-05
6.12987e-06
-1.98886e-05
6.77264e-06
-2.00612e-05
7.19682e-06
-1.96005e-05
7.42362e-06
-1.8679e-05
7.47524e-06
-1.7451e-05
7.37606e-06
-1.60186e-05
7.14484e-06
-1.45288e-05
6.79653e-06
-1.3105e-05
6.34921e-06
-1.18244e-05
5.81793e-06
-1.07431e-05
5.2204e-06
-9.88027e-06
4.59313e-06
-9.243e-06
3.97603e-06
-8.81584e-06
3.38838e-06
-8.57792e-06
2.84079e-06
-8.50276e-06
2.34383e-06
-8.60535e-06
1.90724e-06
-8.89689e-06
1.53886e-06
-9.30063e-06
1.23661e-06
-9.74903e-06
9.92985e-07
-1.02352e-05
8.0192e-07
-1.07637e-05
6.57455e-07
-1.13522e-05
5.53591e-07
-1.20242e-05
4.83497e-07
-1.28082e-05
4.41385e-07
4.24046e-07
-1.36213e-05
-6.13829e-06
9.66171e-07
-1.15129e-05
2.73715e-06
-1.58475e-05
4.21898e-06
-1.91253e-05
5.41067e-06
-2.13921e-05
6.33766e-06
-2.27381e-05
7.02423e-06
-2.32846e-05
7.4933e-06
-2.31729e-05
7.76692e-06
-2.25599e-05
7.86714e-06
-2.15997e-05
7.81605e-06
-2.04132e-05
7.63337e-06
-1.91313e-05
7.3416e-06
-1.78588e-05
6.96419e-06
-1.66803e-05
6.51872e-06
-1.56439e-05
6.00929e-06
-1.47647e-05
5.44324e-06
-1.40702e-05
4.85397e-06
-1.35626e-05
4.27633e-06
-1.32323e-05
3.73177e-06
-1.30606e-05
3.23195e-06
-1.30516e-05
2.78167e-06
-1.3213e-05
2.38392e-06
-1.35026e-05
2.04276e-06
-1.38758e-05
1.76175e-06
-1.4328e-05
1.53879e-06
-1.48635e-05
1.36876e-06
-1.54955e-05
1.2462e-06
-1.62443e-05
1.16588e-06
-1.71327e-05
1.12372e-06
1.11753e-06
-1.80467e-05
-6.73897e-06
9.89158e-07
-1.26792e-05
2.80452e-06
-1.75402e-05
4.32917e-06
-2.13124e-05
5.56324e-06
-2.40456e-05
6.53328e-06
-2.58313e-05
7.26443e-06
-2.67902e-05
7.78026e-06
-2.70618e-05
8.10327e-06
-2.67951e-05
8.25535e-06
-2.6136e-05
8.25792e-06
-2.5214e-05
8.13153e-06
-2.41551e-05
7.89746e-06
-2.30627e-05
7.57706e-06
-2.20258e-05
7.1942e-06
-2.10911e-05
6.7653e-06
-2.02658e-05
6.29126e-06
-1.95756e-05
5.77853e-06
-1.90387e-05
5.24856e-06
-1.86515e-05
4.72571e-06
-1.84142e-05
4.23199e-06
-1.83193e-05
3.77778e-06
-1.83687e-05
3.36069e-06
-1.85606e-05
2.99054e-06
-1.88728e-05
2.68281e-06
-1.93016e-05
2.43885e-06
-1.98495e-05
2.25366e-06
-2.05252e-05
2.12215e-06
-2.13416e-05
2.03972e-06
-2.23123e-05
2.00263e-06
2.00569e-06
-2.33001e-05
-7.38244e-06
1.00911e-06
-1.39301e-05
2.86349e-06
-1.93581e-05
4.42697e-06
-2.36647e-05
5.70085e-06
-2.6904e-05
6.71267e-06
-2.91686e-05
7.48829e-06
-3.05784e-05
8.05182e-06
-3.127e-05
8.42598e-06
-3.13872e-05
8.63255e-06
-3.10709e-05
8.69258e-06
-3.04517e-05
8.62649e-06
-2.96498e-05
8.45461e-06
-2.87681e-05
8.19706e-06
-2.78931e-05
7.87341e-06
-2.70849e-05
7.50322e-06
-2.63647e-05
7.10065e-06
-2.57546e-05
6.67368e-06
-2.5265e-05
6.23013e-06
-2.48865e-05
5.77577e-06
-2.46309e-05
5.32236e-06
-2.44754e-05
4.87862e-06
-2.44306e-05
4.44863e-06
-2.45434e-05
4.05906e-06
-2.48114e-05
3.73658e-06
-2.52289e-05
3.48346e-06
-2.57954e-05
3.29378e-06
-2.6515e-05
3.16229e-06
-2.73941e-05
3.08441e-06
-2.84392e-05
3.05612e-06
3.0689e-06
-2.94961e-05
-8.06815e-06
1.02544e-06
-1.52646e-05
2.91239e-06
-2.13004e-05
4.50968e-06
-2.61815e-05
5.8198e-06
-2.99666e-05
6.87114e-06
-3.27496e-05
7.69014e-06
-3.46495e-05
8.30125e-06
-3.58e-05
8.72731e-06
-3.63406e-05
8.98996e-06
-3.64086e-05
9.10985e-06
-3.61324e-05
9.10693e-06
-3.56289e-05
9.00063e-06
-3.49993e-05
8.80985e-06
-3.43269e-05
8.55266e-06
-3.36765e-05
8.24592e-06
-3.30888e-05
7.90363e-06
-3.25967e-05
7.54067e-06
-3.22114e-05
7.17071e-06
-3.19231e-05
6.79761e-06
-3.17228e-05
6.41917e-06
-3.15508e-05
6.02076e-06
-3.14407e-05
5.60264e-06
-3.15003e-05
5.21206e-06
-3.17453e-05
4.89012e-06
-3.21667e-05
4.64059e-06
-3.27603e-05
4.45678e-06
-3.35258e-05
4.33317e-06
-3.4464e-05
4.26495e-06
-3.55754e-05
4.24768e-06
4.26951e-06
-3.66914e-05
-8.7949e-06
1.0375e-06
-1.66808e-05
2.94932e-06
-2.33644e-05
4.57423e-06
-2.88598e-05
5.91591e-06
-3.32303e-05
7.00338e-06
-3.65713e-05
7.86351e-06
-3.90008e-05
8.52094e-06
-4.06501e-05
8.99849e-06
-4.16552e-05
9.31754e-06
-4.21497e-05
9.49833e-06
-4.22594e-05
9.56017e-06
-4.20988e-05
9.52162e-06
-4.17675e-05
9.40045e-06
-4.13491e-05
9.21352e-06
-4.09096e-05
8.97648e-06
-4.0498e-05
8.70348e-06
-4.0154e-05
8.40784e-06
-3.99006e-05
8.10085e-06
-3.97451e-05
7.79275e-06
-3.96695e-05
7.48815e-06
-3.95469e-05
7.1555e-06
-3.94155e-05
6.77542e-06
-3.94581e-05
6.40541e-06
-3.97081e-05
6.1011e-06
-4.01528e-05
5.86805e-06
-4.0785e-05
5.69955e-06
-4.16004e-05
5.59019e-06
-4.25955e-05
5.5351e-06
-4.37658e-05
5.52952e-06
5.55859e-06
-4.49305e-05
-9.56078e-06
1.04458e-06
-1.81751e-05
2.97218e-06
-2.55454e-05
4.61724e-06
-3.1694e-05
5.98451e-06
-3.66889e-05
7.10347e-06
-4.06271e-05
8.00122e-06
-4.3626e-05
8.70242e-06
-4.58146e-05
9.22971e-06
-4.73258e-05
9.60414e-06
-4.829e-05
9.84542e-06
-4.88306e-05
9.97219e-06
-4.90597e-05
1.00021e-05
-4.90762e-05
9.952e-06
-4.89641e-05
9.83764e-06
-4.87923e-05
9.67383e-06
-4.86153e-05
9.47429e-06
-4.84762e-05
9.25188e-06
-4.84057e-05
9.01864e-06
-4.8429e-05
8.7864e-06
-4.85e-05
8.54828e-06
-4.8447e-05
8.26169e-06
-4.8345e-05
7.92061e-06
-4.84223e-05
7.59145e-06
-4.87129e-05
7.3227e-06
-4.92048e-05
7.11782e-06
-4.989e-05
6.97232e-06
-5.07618e-05
6.88177e-06
-5.18134e-05
6.8416e-06
-5.30361e-05
6.84696e-06
6.88053e-06
-5.42401e-05
-1.03631e-05
1.04589e-06
-1.97426e-05
2.9787e-06
-2.78367e-05
4.63499e-06
-3.46759e-05
6.0205e-06
-4.0333e-05
7.16495e-06
-4.49068e-05
8.09542e-06
-4.85142e-05
8.83642e-06
-5.12824e-05
9.41027e-06
-5.33414e-05
9.83757e-06
-5.48191e-05
1.01374e-05
-5.58362e-05
1.03277e-05
-5.65032e-05
1.04252e-05
-5.69183e-05
1.04458e-05
-5.71663e-05
1.04044e-05
-5.73186e-05
1.03148e-05
-5.74339e-05
1.01902e-05
-5.75603e-05
1.00427e-05
-5.7737e-05
9.88413e-06
-5.79989e-05
9.72645e-06
-5.82137e-05
9.54774e-06
-5.82273e-05
9.30127e-06
-5.8217e-05
9.00708e-06
-5.83866e-05
8.73298e-06
-5.87562e-05
8.51027e-06
-5.93213e-05
8.34081e-06
-6.00758e-05
8.22295e-06
-6.10123e-05
8.1535e-06
-6.21218e-05
8.12837e-06
-6.33928e-05
8.14286e-06
8.17777e-06
-6.4628e-05
-1.11984e-05
1.0406e-06
-2.13768e-05
2.96643e-06
-3.02293e-05
4.62349e-06
-3.77943e-05
6.0184e-06
-4.41494e-05
7.18083e-06
-4.93956e-05
8.13763e-06
-5.36496e-05
8.91295e-06
-5.70366e-05
9.52866e-06
-5.96847e-05
1.00047e-05
-6.1719e-05
1.03596e-05
-6.32582e-05
1.06103e-05
-6.44112e-05
1.07728e-05
-6.52757e-05
1.08619e-05
-6.59371e-05
1.08916e-05
-6.64687e-05
1.08748e-05
-6.69322e-05
1.08237e-05
-6.73791e-05
1.07493e-05
-6.78524e-05
1.06622e-05
-6.83887e-05
1.05713e-05
-6.87833e-05
1.04505e-05
-6.89139e-05
1.0257e-05
-6.90422e-05
1.00184e-05
-6.93405e-05
9.79836e-06
-6.98203e-05
9.62138e-06
-7.04824e-05
9.48886e-06
-7.13226e-05
9.39974e-06
-7.23333e-05
9.35138e-06
-7.35039e-05
9.34004e-06
-7.48211e-05
9.36119e-06
9.39435e-06
-7.60821e-05
-1.20624e-05
1.02784e-06
-2.30696e-05
2.9328e-06
-3.27115e-05
4.57854e-06
-4.10346e-05
5.97241e-06
-4.81212e-05
7.14372e-06
-5.40743e-05
8.11887e-06
-5.90104e-05
8.92144e-06
-6.30539e-05
9.57264e-06
-6.63305e-05
1.00917e-05
-6.89632e-05
1.04963e-05
-7.10686e-05
1.08026e-05
-7.27544e-05
1.10255e-05
-7.41176e-05
1.1179e-05
-7.5244e-05
1.1276e-05
-7.62079e-05
1.13284e-05
-7.70729e-05
1.13472e-05
-7.78925e-05
1.13425e-05
-7.87109e-05
1.13233e-05
-7.95629e-05
1.12973e-05
-8.02039e-05
1.12371e-05
-8.05141e-05
1.11002e-05
-8.08047e-05
1.09155e-05
-8.1253e-05
1.07452e-05
-8.18666e-05
1.06115e-05
-8.26464e-05
1.05144e-05
-8.3588e-05
1.04527e-05
-8.46832e-05
1.04238e-05
-8.59202e-05
1.04241e-05
-8.7284e-05
1.04493e-05
1.04781e-05
-8.8568e-05
-1.29499e-05
1.00669e-06
-2.48109e-05
2.87515e-06
-3.52693e-05
4.49577e-06
-4.43789e-05
5.87648e-06
-5.22267e-05
7.04592e-06
-5.89178e-05
8.02977e-06
-6.45691e-05
8.85082e-06
-6.93035e-05
9.52946e-06
-7.32453e-05
1.00841e-05
-7.65154e-05
1.05313e-05
-7.92286e-05
1.08865e-05
-8.14913e-05
1.11636e-05
-8.33996e-05
1.13754e-05
-8.50393e-05
1.15338e-05
-8.64853e-05
1.16497e-05
-8.78024e-05
1.1733e-05
-8.90451e-05
1.17926e-05
-9.0259e-05
1.18364e-05
-9.14801e-05
1.18714e-05
-9.24248e-05
1.18694e-05
-9.29578e-05
1.17874e-05
-9.34366e-05
1.1654e-05
-9.4059e-05
1.15301e-05
-9.48291e-05
1.14362e-05
-9.57462e-05
1.13717e-05
-9.68049e-05
1.13347e-05
-9.79958e-05
1.13228e-05
-9.93061e-05
1.13323e-05
-0.00010072
1.13591e-05
1.13817e-05
-0.000102026
-1.38547e-05
9.76233e-07
-2.65891e-05
2.79076e-06
-3.78857e-05
4.37072e-06
-4.78054e-05
5.72441e-06
-5.64398e-05
6.87952e-06
-6.38958e-05
7.8607e-06
-7.02907e-05
8.68974e-06
-7.57466e-05
9.38602e-06
-8.03862e-05
9.96691e-06
-8.43287e-05
1.04481e-05
-8.76872e-05
1.08437e-05
-9.05665e-05
1.11667e-05
-9.3062e-05
1.14288e-05
-9.5259e-05
1.16409e-05
-9.72326e-05
1.18127e-05
-9.90479e-05
1.19531e-05
-0.00010076
1.20699e-05
-0.000102416
1.21701e-05
-0.000104053
1.22597e-05
-0.000105347
1.23103e-05
-0.000106142
1.22789e-05
-0.00010684
1.21929e-05
-0.000107663
1.21112e-05
-0.000108613
1.20531e-05
-0.000109686
1.20173e-05
-0.000110878
1.20019e-05
-0.000112177
1.2004e-05
-0.000113569
1.20203e-05
-0.000115038
1.20469e-05
1.20624e-05
-0.00011637
-1.47699e-05
9.35559e-07
-2.83905e-05
2.67693e-06
-4.05409e-05
4.19892e-06
-5.12885e-05
5.51002e-06
-6.07289e-05
6.63658e-06
-6.89713e-05
7.60198e-06
-7.6133e-05
8.42677e-06
-8.23356e-05
9.12913e-06
-8.77003e-05
9.72527e-06
-9.23446e-05
1.02297e-05
-9.63802e-05
1.06555e-05
-9.99102e-05
1.10144e-05
-0.000103029
1.13171e-05
-0.000105821
1.15733e-05
-0.000108362
1.17917e-05
-0.000110716
1.198e-05
-0.000112938
1.21452e-05
-0.000115077
1.22931e-05
-0.00011717
1.24291e-05
-0.000118851
1.25248e-05
-0.000119942
1.25379e-05
-0.00012089
1.2494e-05
-0.00012194
1.24495e-05
-0.000123091
1.24224e-05
-0.000124341
1.24113e-05
-0.000125682
1.24138e-05
-0.000127102
1.24271e-05
-0.000128587
1.24482e-05
-0.000130118
1.24733e-05
1.24816e-05
-0.00013148
-1.56874e-05
8.83778e-07
-3.01994e-05
2.53102e-06
-4.32119e-05
3.97602e-06
-5.47981e-05
5.22721e-06
-6.50574e-05
6.30929e-06
-7.41006e-05
7.24407e-06
-8.20455e-05
8.05062e-06
-8.9013e-05
8.74576e-06
-9.5123e-05
9.34437e-06
-0.000100492
9.8597e-06
-0.000105229
1.03036e-05
-0.000109436
1.06867e-05
-0.000113207
1.10185e-05
-0.000116626
1.13076e-05
-0.000119765
1.15615e-05
-0.00012269
1.1787e-05
-0.000125456
1.199e-05
-0.00012811
1.21755e-05
-0.00013069
1.23479e-05
-0.00013279
1.24797e-05
-0.000134208
1.25298e-05
-0.000135433
1.25218e-05
-0.000136733
1.25088e-05
-0.000138108
1.25077e-05
-0.000139553
1.25167e-05
-0.000141058
1.25336e-05
-0.000142613
1.25555e-05
-0.000144201
1.25796e-05
-0.000145804
1.26025e-05
1.26042e-05
-0.000147202
-1.65982e-05
8.20058e-07
-3.19981e-05
2.35057e-06
-4.58727e-05
3.69791e-06
-5.83001e-05
4.87023e-06
-6.93827e-05
5.89023e-06
-7.92329e-05
6.77786e-06
-8.79689e-05
7.55051e-06
-9.57111e-05
8.22343e-06
-0.000102578
8.81005e-06
-0.000108685
9.32224e-06
-0.000114139
9.77058e-06
-0.000119042
1.01644e-05
-0.000123485
1.05122e-05
-0.00012755
1.08212e-05
-0.00013131
1.1098e-05
-0.00013483
1.13484e-05
-0.000138163
1.15773e-05
-0.000141357
1.17889e-05
-0.000144448
1.19866e-05
-0.000146989
1.21443e-05
-0.000148758
1.22228e-05
-0.000150283
1.22437e-05
-0.000151854
1.22561e-05
-0.000153471
1.22755e-05
-0.000155126
1.23002e-05
-0.000156811
1.23278e-05
-0.000158513
1.23557e-05
-0.000160215
1.23814e-05
-0.000161899
1.24017e-05
1.23981e-05
-0.00016334
-1.74925e-05
7.43654e-07
-3.37671e-05
2.13335e-06
-4.84942e-05
3.36085e-06
-6.17556e-05
4.43382e-06
-7.36562e-05
5.37258e-06
-8.43099e-05
6.19498e-06
-9.3835e-05
6.91649e-06
-0.000102351
7.55061e-06
-0.000109976
8.10918e-06
-0.000116824
8.60262e-06
-0.000123
9.04012e-06
-0.000128605
9.4298e-06
-0.000133727
9.77881e-06
-0.000138449
1.00934e-05
-0.000142842
1.03792e-05
-0.000146969
1.06408e-05
-0.000150883
1.08824e-05
-0.000154629
1.11072e-05
-0.000158245
1.13181e-05
-0.000161242
1.14906e-05
-0.000163378
1.15883e-05
-0.00016522
1.16305e-05
-0.000167077
1.16617e-05
-0.000168949
1.16961e-05
-0.000170827
1.17317e-05
-0.000172703
1.17664e-05
-0.000174562
1.17979e-05
-0.000176389
1.18239e-05
-0.000178163
1.18417e-05
1.18341e-05
-0.000179656
-1.83596e-05
6.53939e-07
-3.54852e-05
1.87749e-06
-5.10445e-05
2.96168e-06
-6.51217e-05
3.91346e-06
-7.78239e-05
4.75048e-06
-8.92657e-05
5.48817e-06
-9.95657e-05
6.13988e-06
-0.000108843
6.7172e-06
-0.000117215
7.23027e-06
-0.000124793
7.68792e-06
-0.000131683
8.09794e-06
-0.000137982
8.46714e-06
-0.00014378
8.80146e-06
-0.000149155
9.10611e-06
-0.000154178
9.38555e-06
-0.000158911
9.64361e-06
-0.000163406
9.88349e-06
-0.000167707
1.01078e-05
-0.00017185
1.03187e-05
-0.000175308
1.04941e-05
-0.000177818
1.06013e-05
-0.000179984
1.06568e-05
-0.000182135
1.07e-05
-0.000184269
1.07434e-05
-0.000186379
1.07852e-05
-0.000188453
1.08235e-05
-0.000190477
1.08562e-05
-0.000192435
1.08813e-05
-0.000194307
1.08966e-05
1.08867e-05
-0.000195858
-1.91883e-05
5.50449e-07
-3.71299e-05
1.58156e-06
-5.34891e-05
2.49797e-06
-6.83516e-05
3.30566e-06
-8.18258e-05
4.0193e-06
-9.40269e-05
4.65165e-06
-0.000105073
5.21374e-06
-0.000115084
5.7151e-06
-0.000124176
6.16402e-06
-0.000132459
6.5677e-06
-0.000140038
6.93245e-06
-0.00014701
7.26374e-06
-0.000153461
7.56633e-06
-0.00015947
7.84431e-06
-0.000165107
8.10119e-06
-0.00017043
8.33992e-06
-0.000175492
8.56293e-06
-0.000180335
8.77218e-06
-0.000184992
8.96917e-06
-0.000188903
9.13494e-06
-0.000191783
9.24138e-06
-0.000194271
9.30202e-06
-0.000196715
9.35027e-06
-0.000199111
9.39674e-06
-0.000201452
9.43986e-06
-0.000203726
9.47799e-06
-0.000205919
9.50942e-06
-0.000208012
9.5324e-06
-0.000209987
9.54522e-06
9.53468e-06
-0.000211601
-1.99677e-05
4.32919e-07
-3.86782e-05
1.24474e-06
-5.57924e-05
1.96825e-06
-7.13958e-05
2.60823e-06
-8.55974e-05
3.17606e-06
-9.85129e-05
3.68164e-06
-0.000110261
4.13345e-06
-0.000120961
4.53883e-06
-0.000130728
4.90411e-06
-0.000139672
5.23479e-06
-0.000147898
5.53565e-06
-0.0001555
5.8108e-06
-0.000162565
6.06382e-06
-0.00016917
6.29773e-06
-0.000175383
6.5151e-06
-0.000181263
6.71807e-06
-0.00018686
6.90837e-06
-0.000192215
7.08736e-06
-0.000197361
7.25603e-06
-0.0002017
7.39929e-06
-0.000204932
7.4945e-06
-0.000207728
7.55192e-06
-0.000210452
7.59808e-06
-0.0002131
7.64156e-06
-0.000215664
7.68108e-06
-0.000218132
7.7153e-06
-0.000220489
7.74287e-06
-0.000222717
7.76243e-06
-0.000224796
7.77266e-06
7.76303e-06
-0.000226476
-2.06876e-05
3.01324e-07
-4.01087e-05
8.66904e-07
-5.79191e-05
1.37218e-06
-7.42034e-05
1.82055e-06
-8.90708e-05
2.21984e-06
-0.000102638
2.57681e-06
-0.000115023
2.89728e-06
-0.000126347
3.18623e-06
-0.000136723
3.44795e-06
-0.000146264
3.68618e-06
-0.000155071
3.90411e-06
-0.000163239
4.10451e-06
-0.000170856
4.28976e-06
-0.000177996
4.46184e-06
-0.000184727
4.62244e-06
-0.000191108
4.77292e-06
-0.000197188
4.91439e-06
-0.000203006
5.04766e-06
-0.000208593
5.17332e-06
-0.000213322
5.28089e-06
-0.000216872
5.35429e-06
-0.000219944
5.40014e-06
-0.000222921
5.43715e-06
-0.000225798
5.47158e-06
-0.000228566
5.50249e-06
-0.000231213
5.52894e-06
-0.000233723
5.54996e-06
-0.000236077
5.5646e-06
-0.000238257
5.57197e-06
5.56458e-06
-0.000240004
-2.13412e-05
1.55909e-07
-4.14038e-05
4.48745e-07
-5.98373e-05
7.10822e-07
-7.6725e-05
9.43945e-07
-9.21772e-05
1.15213e-06
-0.000106311
1.33883e-06
-0.000119247
1.507e-06
-0.000131105
1.65918e-06
-0.000142001
1.79754e-06
-0.000152046
1.92397e-06
-0.000161344
2.04007e-06
-0.000169988
2.14725e-06
-0.000178067
2.24667e-06
-0.000185655
2.33933e-06
-0.00019282
2.42606e-06
-0.00019962
2.50751e-06
-0.000206104
2.58421e-06
-0.000212312
2.6565e-06
-0.000218275
2.7246e-06
-0.000223338
2.78331e-06
-0.000227152
2.82429e-06
-0.000230447
2.85043e-06
-0.000233631
2.87145e-06
-0.000236698
2.89089e-06
-0.000239638
2.90824e-06
-0.000242437
2.92298e-06
-0.000245079
2.93462e-06
-0.000247545
2.94265e-06
-0.000249814
2.94662e-06
2.94256e-06
-0.000251622
-2.19319e-05
-4.25632e-05
-6.15375e-05
-7.89387e-05
-9.48789e-05
-0.000109477
-0.000122856
-0.000135137
-0.000146438
-0.000156871
-0.000166541
-0.000175544
-0.000183966
-0.000191885
-0.00019937
-0.000206478
-0.000213259
-0.000219754
-0.000225998
-0.000231313
-0.000235316
-0.000238761
-0.000242092
-0.000245297
-0.000248365
-0.000251279
-0.000254024
-0.000256577
-0.00025892
-0.000260779
-5.52807e-08
-6.6324e-09
-6.52564e-08
-4.64906e-09
-3.11303e-09
-9.28327e-08
-2.66552e-07
-2.04218e-08
-3.02687e-07
-1.57796e-08
-1.11929e-08
-3.83169e-07
-7.55608e-07
-4.54685e-08
-8.35529e-07
-3.74018e-08
-2.77562e-08
-9.76366e-07
-1.64109e-06
-7.73443e-08
-1.77969e-06
-6.54208e-08
-4.90086e-08
-1.98982e-06
-2.99023e-06
-1.05676e-07
-3.19699e-06
-8.95167e-08
-6.50739e-08
-3.48393e-06
-4.85977e-06
-1.14835e-07
-5.13909e-06
-9.38798e-08
-6.05889e-08
-5.50776e-06
-7.31197e-06
-8.64537e-08
-7.66318e-06
-5.94638e-08
-1.6629e-08
-8.11493e-06
-1.04322e-05
-1.13723e-09
-1.08478e-05
2.9579e-08
8.47987e-08
-1.13761e-05
-1.42487e-05
2.10132e-07
-1.47331e-05
2.39497e-07
2.93639e-07
-1.5344e-05
-1.87555e-05
5.62307e-07
-1.93142e-05
5.93793e-07
6.39272e-07
-2.00094e-05
-2.4064e-05
1.00979e-06
-2.46695e-05
1.04821e-06
1.09234e-06
-2.54062e-05
-3.03034e-05
1.54362e-06
-3.09273e-05
1.58829e-06
1.62958e-06
-3.1663e-05
-3.75327e-05
2.145e-06
-3.81625e-05
2.19554e-06
2.23329e-06
-3.88749e-05
-4.57951e-05
2.78918e-06
-4.64173e-05
2.84506e-06
2.87903e-06
-4.70822e-05
-5.5118e-05
3.44828e-06
-5.57201e-05
3.50877e-06
3.53915e-06
-5.63159e-05
-6.55108e-05
4.09359e-06
-6.6082e-05
4.15784e-06
4.18513e-06
-6.65899e-05
-7.69631e-05
4.69742e-06
-7.74948e-05
4.7645e-06
4.78932e-06
-7.78992e-05
-8.94427e-05
5.2341e-06
-8.99286e-05
5.30309e-06
5.32603e-06
-9.02173e-05
-0.000102893
5.68044e-06
-0.000103329
5.75037e-06
5.77191e-06
-0.000103493
-0.000117228
6.01557e-06
-0.000117612
6.08546e-06
6.1059e-06
-0.000117645
-0.000132332
6.22061e-06
-0.000132663
6.28946e-06
6.30894e-06
-0.000132563
-0.00014805
6.27835e-06
-0.000148331
6.34509e-06
6.36358e-06
-0.000148098
-0.00016419
6.173e-06
-0.000164423
6.23648e-06
6.25383e-06
-0.000164061
-0.000180512
5.89017e-06
-0.000180702
5.94913e-06
5.9651e-06
-0.000180214
-0.000196726
5.41715e-06
-0.000196878
5.47024e-06
5.48451e-06
-0.000196273
-0.000212486
4.74344e-06
-0.000212605
4.78917e-06
4.80141e-06
-0.000211893
-0.000227383
3.86149e-06
-0.000227475
3.89828e-06
3.9081e-06
-0.000226666
-0.000240934
2.76765e-06
-0.000241007
2.79381e-06
2.80082e-06
-0.000240118
-0.000252579
1.46342e-06
-0.000252642
1.47719e-06
1.48092e-06
-0.000251693
-0.000261761
-0.000261826
-0.00026084
-2.71193e-07
4.12369e-09
-6.94035e-07
3.37399e-08
-1.48859e-06
1.05106e-07
-2.74233e-06
2.43754e-07
-4.52867e-06
4.76901e-07
-6.90406e-06
8.31391e-07
-9.90936e-06
1.332e-06
-1.35703e-05
2.00019e-06
-1.77841e-05
2.83843e-06
-2.21782e-05
3.80318e-06
-2.65432e-05
4.8345e-06
-3.09224e-05
5.91165e-06
-3.51971e-05
7.02657e-06
-3.91899e-05
8.14909e-06
-4.27643e-05
9.24637e-06
-4.57817e-05
1.02891e-05
-4.81198e-05
1.12462e-05
-4.96815e-05
1.20881e-05
-5.03953e-05
1.27865e-05
-5.02173e-05
1.33135e-05
-4.91273e-05
1.36402e-05
-4.71245e-05
1.37357e-05
-4.42226e-05
1.35659e-05
-4.04426e-05
1.30934e-05
-3.58063e-05
1.22785e-05
-3.03291e-05
1.10795e-05
-2.40131e-05
9.45421e-06
-1.68428e-05
7.36201e-06
-8.77866e-06
4.76513e-06
1.67865e-06
-6.34895e-07
-2.52468e-10
-1.18643e-06
4.33676e-08
-2.11467e-06
1.30293e-07
-3.50328e-06
2.84848e-07
-5.41976e-06
5.33491e-07
-7.91727e-06
9.01681e-07
-1.10372e-05
1.41274e-06
-1.48073e-05
2.08596e-06
-1.9102e-05
2.92356e-06
-2.3592e-05
3.8946e-06
-2.80625e-05
4.95021e-06
-3.24932e-05
6.05776e-06
-3.6755e-05
7.19524e-06
-4.06957e-05
8.33505e-06
-4.42204e-05
9.45499e-06
-4.71852e-05
1.05292e-05
-4.94672e-05
1.15231e-05
-5.09716e-05
1.24045e-05
-5.16271e-05
1.3142e-05
-5.13904e-05
1.37046e-05
-5.024e-05
1.40609e-05
-4.81726e-05
1.41768e-05
-4.51986e-05
1.40157e-05
-4.13354e-05
1.35384e-05
-3.66012e-05
1.27032e-05
-3.10079e-05
1.14673e-05
-2.4555e-05
9.78751e-06
-1.72254e-05
7.62246e-06
-8.9788e-06
4.93385e-06
1.73806e-06
-1.33002e-06
-1.39786e-08
-2.01443e-06
5.32577e-08
-3.08065e-06
1.65479e-07
-4.60407e-06
3.44333e-07
-6.64661e-06
6.1539e-07
-9.25767e-06
1.00273e-06
-1.24742e-05
1.52765e-06
-1.63148e-05
2.20663e-06
-2.06355e-05
3.03984e-06
-2.51666e-05
4.00421e-06
-2.97517e-05
5.07112e-06
-3.42872e-05
6.21366e-06
-3.85711e-05
7.39267e-06
-4.24428e-05
8.56303e-06
-4.5872e-05
9.70228e-06
-4.87548e-05
1.0799e-05
-5.09506e-05
1.18222e-05
-5.23725e-05
1.27348e-05
-5.29466e-05
1.35032e-05
-5.26323e-05
1.40935e-05
-5.14068e-05
1.44723e-05
-4.92634e-05
1.46026e-05
-4.62084e-05
1.44457e-05
-4.22552e-05
1.39602e-05
-3.74174e-05
1.31032e-05
-3.17032e-05
1.18305e-05
-2.51092e-05
1.00982e-05
-1.7616e-05
7.8643e-06
-9.18287e-06
5.09005e-06
1.79298e-06
-2.44649e-06
-3.0484e-08
-3.25991e-06
6.97731e-08
-4.4595e-06
2.17375e-07
-6.11061e-06
4.29974e-07
-8.26907e-06
7.31737e-07
-1.09783e-05
1.14489e-06
-1.42664e-05
1.68839e-06
-1.81402e-05
2.37587e-06
-2.24264e-05
3.2056e-06
-2.68887e-05
4.158e-06
-3.14802e-05
5.21696e-06
-3.60906e-05
6.36783e-06
-4.04885e-05
7.58071e-06
-4.44016e-05
8.80482e-06
-4.7753e-05
9.99063e-06
-5.05199e-05
1.11146e-05
-5.25932e-05
1.21574e-05
-5.39066e-05
1.30918e-05
-5.43716e-05
1.38814e-05
-5.39584e-05
1.44895e-05
-5.26409e-05
1.48823e-05
-5.04076e-05
1.50198e-05
-4.72608e-05
1.48608e-05
-4.32087e-05
1.43628e-05
-3.82601e-05
1.34812e-05
-3.24188e-05
1.2171e-05
-2.56779e-05
1.03875e-05
-1.8016e-05
8.08828e-06
-9.39148e-06
5.2341e-06
1.8435e-06
-4.04729e-06
-3.14206e-08
-4.98601e-06
1.09614e-07
-6.31052e-06
3.01283e-07
-8.07828e-06
5.56105e-07
-1.03379e-05
8.96273e-07
-1.31251e-05
1.34187e-06
-1.64589e-05
1.90959e-06
-2.03359e-05
2.61086e-06
-2.45618e-05
3.44312e-06
-2.89086e-05
4.39019e-06
-3.33783e-05
5.43937e-06
-3.79044e-05
6.57787e-06
-4.23291e-05
7.78647e-06
-4.63594e-05
9.03466e-06
-4.97613e-05
1.02727e-05
-5.24658e-05
1.14507e-05
-5.44278e-05
1.25338e-05
-5.5599e-05
1.34907e-05
-5.59178e-05
1.42875e-05
-5.53828e-05
1.49004e-05
-5.39552e-05
1.5298e-05
-5.16164e-05
1.54343e-05
-4.83648e-05
1.52659e-05
-4.42033e-05
1.47497e-05
-3.91349e-05
1.384e-05
-3.31587e-05
1.24907e-05
-2.6264e-05
1.06567e-05
-1.84271e-05
8.2951e-06
-9.60543e-06
5.36638e-06
1.88975e-06
-6.18121e-06
1.22956e-08
-7.24272e-06
1.99406e-07
-8.68342e-06
4.41252e-07
-1.05541e-05
7.44456e-07
-1.28967e-05
1.12883e-06
-1.57394e-05
1.61213e-06
-1.90937e-05
2.20889e-06
-2.29491e-05
2.92879e-06
-2.70982e-05
3.76847e-06
-3.13155e-05
4.7132e-06
-3.56146e-05
5.75306e-06
-3.99574e-05
6.87802e-06
-4.42175e-05
8.06838e-06
-4.82057e-05
9.30017e-06
-5.16575e-05
1.05414e-05
-5.44067e-05
1.17515e-05
-5.6364e-05
1.28873e-05
-5.74392e-05
1.38957e-05
-5.76074e-05
1.47207e-05
-5.69194e-05
1.5335e-05
-5.53639e-05
1.57255e-05
-5.29012e-05
1.58511e-05
-4.95303e-05
1.56643e-05
-4.52471e-05
1.51237e-05
-4.00483e-05
1.41815e-05
-3.39278e-05
1.27909e-05
-2.6871e-05
1.09065e-05
-1.88514e-05
8.48523e-06
-9.82576e-06
5.48709e-06
1.93179e-06
-8.8982e-06
1.37215e-07
-1.00774e-05
3.7329e-07
-1.16241e-05
6.68312e-07
-1.35821e-05
1.02277e-06
-1.59868e-05
1.45412e-06
-1.88604e-05
1.97776e-06
-2.22079e-05
2.60619e-06
-2.60142e-05
3.34759e-06
-3.00621e-05
4.19736e-06
-3.41243e-05
5.14066e-06
-3.82302e-05
6.16948e-06
-4.23641e-05
7.27656e-06
-4.63882e-05
8.44461e-06
-5.01591e-05
9.65005e-06
-5.34805e-05
1.08635e-05
-5.62046e-05
1.20557e-05
-5.81838e-05
1.31951e-05
-5.92844e-05
1.42402e-05
-5.94096e-05
1.51253e-05
-5.85871e-05
1.57808e-05
-5.68837e-05
1.61726e-05
-5.42736e-05
1.62745e-05
-5.07676e-05
1.60581e-05
-4.63492e-05
1.54866e-05
-4.10075e-05
1.45072e-05
-3.47317e-05
1.30723e-05
-2.75029e-05
1.11374e-05
-1.92916e-05
8.6588e-06
-1.00537e-05
5.59624e-06
1.96959e-06
-1.22596e-05
3.82525e-07
-1.35436e-05
6.69638e-07
-1.51827e-05
1.01751e-06
-1.72087e-05
1.42193e-06
-1.96512e-05
1.89916e-06
-2.25276e-05
2.46236e-06
-2.58376e-05
3.12199e-06
-2.95629e-05
3.88486e-06
-3.34796e-05
4.74444e-06
-3.73599e-05
5.68404e-06
-4.12474e-05
6.69731e-06
-4.51425e-05
7.7805e-06
-4.89165e-05
8.9188e-06
-5.24268e-05
1.00906e-05
-5.55139e-05
1.12697e-05
-5.80587e-05
1.24271e-05
-5.99252e-05
1.3531e-05
-6.10145e-05
1.45521e-05
-6.11801e-05
1.545e-05
-6.03274e-05
1.61531e-05
-5.85108e-05
1.65875e-05
-5.57506e-05
1.66959e-05
-5.20878e-05
1.64507e-05
-4.75199e-05
1.58392e-05
-4.20207e-05
1.48176e-05
-3.55767e-05
1.33347e-05
-2.81642e-05
1.13489e-05
-1.97507e-05
8.81544e-06
-1.02908e-05
5.69352e-06
2.00303e-06
-1.6329e-05
8.15254e-07
-1.77059e-05
1.13237e-06
-1.94209e-05
1.52288e-06
-2.149e-05
1.9716e-06
-2.39382e-05
2.48965e-06
-2.67848e-05
3.08796e-06
-3.00215e-05
3.77473e-06
-3.36295e-05
4.55558e-06
-3.73799e-05
5.42123e-06
-4.10476e-05
6.35138e-06
-4.46899e-05
7.34128e-06
-4.83199e-05
8.39218e-06
-5.1818e-05
9.49221e-06
-5.50528e-05
1.06214e-05
-5.78849e-05
1.17556e-05
-6.01889e-05
1.28672e-05
-6.18448e-05
1.39252e-05
-6.27739e-05
1.48966e-05
-6.28767e-05
1.57473e-05
-6.20161e-05
1.64302e-05
-6.01673e-05
1.68882e-05
-5.73199e-05
1.70447e-05
-5.3506e-05
1.68213e-05
-4.87715e-05
1.61847e-05
-4.30964e-05
1.51125e-05
-3.64698e-05
1.35763e-05
-2.88604e-05
1.15398e-05
-2.02321e-05
8.95422e-06
-1.05387e-05
5.7782e-06
2.03183e-06
-2.11009e-05
1.49867e-06
-2.25762e-05
1.81496e-06
-2.43714e-05
2.22035e-06
-2.64822e-05
2.69602e-06
-2.89115e-05
3.24517e-06
-3.16853e-05
3.87148e-06
-3.48038e-05
4.57794e-06
-3.82532e-05
5.36958e-06
-4.17959e-05
6.23368e-06
-4.52152e-05
7.14485e-06
-4.85823e-05
8.10054e-06
-5.19211e-05
9.10843e-06
-5.51197e-05
1.01602e-05
-5.80569e-05
1.1237e-05
-6.06062e-05
1.2316e-05
-6.26459e-05
1.33705e-05
-6.40639e-05
1.43707e-05
-6.47675e-05
1.52834e-05
-6.46804e-05
1.60723e-05
-6.37042e-05
1.6694e-05
-6.17989e-05
1.71077e-05
-5.89093e-05
1.72628e-05
-5.4997e-05
1.7075e-05
-5.01065e-05
1.64641e-05
-4.42466e-05
1.53789e-05
-3.74187e-05
1.37971e-05
-2.95974e-05
1.1708e-05
-2.07398e-05
9.07361e-06
-1.07994e-05
5.84898e-06
2.0555e-06
-2.65589e-05
2.40709e-06
-2.81096e-05
2.71787e-06
-2.99699e-05
3.11965e-06
-3.21296e-05
3.60093e-06
-3.45662e-05
4.16582e-06
-3.72706e-05
4.81342e-06
-4.02431e-05
5.5365e-06
-4.34811e-05
6.33093e-06
-4.67621e-05
7.18002e-06
-4.98917e-05
8.05799e-06
-5.29502e-05
8.96628e-06
-5.59704e-05
9.91923e-06
-5.88461e-05
1.0912e-05
-6.1463e-05
1.19264e-05
-6.37039e-05
1.29402e-05
-6.54535e-05
1.39275e-05
-6.66036e-05
1.48589e-05
-6.70608e-05
1.57021e-05
-6.67432e-05
1.64209e-05
-6.55727e-05
1.69742e-05
-6.35098e-05
1.73186e-05
-6.05104e-05
1.74105e-05
-5.65059e-05
1.71917e-05
-5.14931e-05
1.65957e-05
-4.54696e-05
1.55472e-05
-3.84331e-05
1.39744e-05
-3.03821e-05
1.18533e-05
-2.12777e-05
9.17162e-06
-1.10748e-05
5.90361e-06
2.07325e-06
-3.28076e-05
3.48386e-06
-3.43545e-05
3.7907e-06
-3.61945e-05
4.18628e-06
-3.83375e-05
4.66139e-06
-4.07701e-05
5.22213e-06
-4.344e-05
5.87177e-06
-4.63109e-05
6.60588e-06
-4.93441e-05
7.41038e-06
-5.23183e-05
8.24532e-06
-5.51014e-05
9.07529e-06
-5.78164e-05
9.91935e-06
-6.04915e-05
1.0806e-05
-6.30211e-05
1.17304e-05
-6.52955e-05
1.26732e-05
-6.72039e-05
1.36127e-05
-6.86375e-05
1.45235e-05
-6.94919e-05
1.5377e-05
-6.9674e-05
1.61414e-05
-6.91028e-05
1.67817e-05
-6.7706e-05
1.72584e-05
-6.54304e-05
1.75286e-05
-6.22362e-05
1.75469e-05
-5.80711e-05
1.72604e-05
-5.29144e-05
1.66198e-05
-4.6737e-05
1.55704e-05
-3.95047e-05
1.40293e-05
-3.12172e-05
1.19281e-05
-2.18512e-05
9.23688e-06
-1.13671e-05
5.94129e-06
2.08387e-06
-3.99638e-05
4.69263e-06
-4.14355e-05
4.99235e-06
-4.31778e-05
5.3774e-06
-4.52037e-05
5.83983e-06
-4.7512e-05
6.38354e-06
-5.00734e-05
7.01292e-06
-5.28418e-05
7.73023e-06
-5.57233e-05
8.52734e-06
-5.84203e-05
9.35107e-06
-6.08396e-05
1.01422e-05
-6.31948e-05
1.0924e-05
-6.55064e-05
1.1741e-05
-6.76697e-05
1.25911e-05
-6.95799e-05
1.34555e-05
-7.11323e-05
1.43132e-05
-7.2224e-05
1.51399e-05
-7.27553e-05
1.59078e-05
-7.26343e-05
1.65862e-05
-7.17803e-05
1.7141e-05
-7.0123e-05
1.75342e-05
-6.76045e-05
1.77242e-05
-6.41764e-05
1.76661e-05
-5.97931e-05
1.73111e-05
-5.44283e-05
1.66088e-05
-4.80514e-05
1.55101e-05
-4.06132e-05
1.39542e-05
-3.20917e-05
1.18775e-05
-2.24602e-05
9.22427e-06
-1.16788e-05
5.94692e-06
2.08691e-06
-4.80781e-05
5.98627e-06
-4.94289e-05
6.27857e-06
-5.10295e-05
6.65102e-06
-5.28794e-05
7.09716e-06
-5.49745e-05
7.61991e-06
-5.73074e-05
8.22191e-06
-5.9844e-05
8.90322e-06
-6.25147e-05
9.662e-06
-6.49813e-05
1.04556e-05
-6.70952e-05
1.12146e-05
-6.91001e-05
1.19447e-05
-7.10392e-05
1.26928e-05
-7.28189e-05
1.34657e-05
-7.43435e-05
1.42471e-05
-7.55156e-05
1.50175e-05
-7.62388e-05
1.57541e-05
-7.64194e-05
1.64308e-05
-7.59667e-05
1.70178e-05
-7.47984e-05
1.74818e-05
-7.28459e-05
1.77866e-05
-7.00492e-05
1.78923e-05
-6.63558e-05
1.77557e-05
-6.17188e-05
1.73304e-05
-5.6101e-05
1.65678e-05
-4.94693e-05
1.5418e-05
-4.17805e-05
1.38264e-05
-3.30021e-05
1.17424e-05
-2.30955e-05
9.11814e-06
-1.20088e-05
5.89189e-06
2.07287e-06
-5.71837e-05
7.31068e-06
-5.83715e-05
7.59736e-06
-5.97868e-05
7.9575e-06
-6.1423e-05
8.38624e-06
-6.32748e-05
8.88581e-06
-6.53273e-05
9.4585e-06
-6.75493e-05
1.01048e-05
-6.99055e-05
1.08228e-05
-7.20968e-05
1.15727e-05
-7.39205e-05
1.22846e-05
-7.55706e-05
1.29553e-05
-7.71226e-05
1.3631e-05
-7.84988e-05
1.43233e-05
-7.96144e-05
1.50181e-05
-8.03805e-05
1.56974e-05
-8.07071e-05
1.63401e-05
-8.05066e-05
1.69215e-05
-7.96914e-05
1.74135e-05
-7.81774e-05
1.77838e-05
-7.58945e-05
1.79975e-05
-7.27834e-05
1.8017e-05
-6.87888e-05
1.78012e-05
-6.38607e-05
1.73059e-05
-5.79557e-05
1.64845e-05
-5.10333e-05
1.52888e-05
-4.30516e-05
1.36684e-05
-3.3974e-05
1.15746e-05
-2.37595e-05
8.96234e-06
-1.23521e-05
5.7823e-06
2.03461e-06
-6.7299e-05
8.60918e-06
-6.82866e-05
8.89319e-06
-6.9479e-05
9.24291e-06
-7.08655e-05
9.65497e-06
-7.24398e-05
1.01312e-05
-7.41868e-05
1.06741e-05
-7.60806e-05
1.12844e-05
-7.80858e-05
1.19615e-05
-7.99301e-05
1.26647e-05
-8.14007e-05
1.33201e-05
-8.26591e-05
1.39226e-05
-8.3795e-05
1.45211e-05
-8.47406e-05
1.51299e-05
-8.54198e-05
1.57357e-05
-8.57511e-05
1.63219e-05
-8.56509e-05
1.68686e-05
-8.50361e-05
1.73527e-05
-8.38244e-05
1.77478e-05
-8.19325e-05
1.80235e-05
-7.92851e-05
1.81461e-05
-7.58221e-05
1.80799e-05
-7.14886e-05
1.77864e-05
-6.62312e-05
1.72234e-05
-6.00017e-05
1.6347e-05
-5.27547e-05
1.51112e-05
-4.4446e-05
1.34691e-05
-3.50329e-05
1.13743e-05
-2.44725e-05
8.78222e-06
-1.2713e-05
5.64959e-06
1.98394e-06
-7.84239e-05
9.82611e-06
-7.91799e-05
1.01105e-05
-8.0117e-05
1.04522e-05
-8.1222e-05
1.08492e-05
-8.24885e-05
1.13031e-05
-8.39028e-05
1.18164e-05
-8.54424e-05
1.23904e-05
-8.70771e-05
1.30253e-05
-8.8532e-05
1.36792e-05
-8.95868e-05
1.42741e-05
-9.04064e-05
1.48048e-05
-9.10888e-05
1.53241e-05
-9.15706e-05
1.58481e-05
-9.17817e-05
1.63643e-05
-9.16466e-05
1.6857e-05
-9.10869e-05
1.73077e-05
-9.00237e-05
1.76949e-05
-8.83791e-05
1.79936e-05
-8.60738e-05
1.81758e-05
-8.30286e-05
1.82096e-05
-7.91772e-05
1.80608e-05
-7.44654e-05
1.7693e-05
-6.88393e-05
1.7067e-05
-6.2247e-05
1.61415e-05
-5.46392e-05
1.48732e-05
-4.59679e-05
1.32182e-05
-3.61865e-05
1.11327e-05
-2.52483e-05
8.57437e-06
-1.31026e-05
5.50313e-06
1.92941e-06
-9.05366e-05
1.0909e-05
-9.10354e-05
1.1196e-05
-9.16905e-05
1.15319e-05
-9.24866e-05
1.19155e-05
-9.34186e-05
1.23481e-05
-9.44743e-05
1.28325e-05
-9.56345e-05
1.33703e-05
-9.68729e-05
1.39621e-05
-9.7903e-05
1.4565e-05
-9.84959e-05
1.50983e-05
-9.88325e-05
1.55572e-05
-9.9022e-05
1.59977e-05
-9.90042e-05
1.6438e-05
-9.87129e-05
1.68659e-05
-9.80776e-05
1.72669e-05
-9.70243e-05
1.76238e-05
-9.54778e-05
1.79164e-05
-9.3363e-05
1.81218e-05
-9.06054e-05
1.82138e-05
-8.71271e-05
1.81631e-05
-8.28532e-05
1.79373e-05
-7.77243e-05
1.75014e-05
-7.16895e-05
1.68192e-05
-6.46957e-05
1.58527e-05
-5.66897e-05
1.45615e-05
-4.762e-05
1.29046e-05
-3.74363e-05
1.08409e-05
-2.6089e-05
8.33073e-06
-1.35258e-05
5.3366e-06
1.86882e-06
-0.000103591
1.18099e-05
-0.000103812
1.21002e-05
-0.000104164
1.24313e-05
-0.000104629
1.28025e-05
-0.000105204
1.32147e-05
-0.000105879
1.36707e-05
-0.000106636
1.41724e-05
-0.000107454
1.47207e-05
-0.000108029
1.52719e-05
-0.000108122
1.57443e-05
-0.000107936
1.61337e-05
-0.000107594
1.64984e-05
-0.000107041
1.68579e-05
-0.000106212
1.7201e-05
-0.000105042
1.75143e-05
-0.000103461
1.77816e-05
-0.000101395
1.79845e-05
-9.87742e-05
1.81017e-05
-9.55248e-05
1.81093e-05
-9.15742e-05
1.79805e-05
-8.68438e-05
1.7685e-05
-8.12627e-05
1.71897e-05
-7.47803e-05
1.6461e-05
-6.73467e-05
1.54641e-05
-5.89054e-05
1.41619e-05
-4.94017e-05
1.25164e-05
-3.87818e-05
1.04892e-05
-2.69932e-05
8.0434e-06
-1.39813e-05
5.14384e-06
1.79954e-06
-0.000117512
1.24849e-05
-0.000117442
1.27777e-05
-0.000117475
1.31038e-05
-0.000117592
1.34623e-05
-0.000117792
1.38542e-05
-0.000118067
1.4282e-05
-0.000118402
1.47476e-05
-0.00011878
1.5252e-05
-0.000118874
1.57518e-05
-0.000118434
1.61653e-05
-0.00011769
1.64891e-05
-0.000116783
1.67826e-05
-0.00011566
1.70663e-05
-0.00011426
1.733e-05
-0.000112522
1.75611e-05
-0.000110379
1.77452e-05
-0.000107761
1.78653e-05
-0.000104598
1.79019e-05
-0.00010082
1.78332e-05
-9.63574e-05
1.76347e-05
-9.11337e-05
1.7279e-05
-8.50688e-05
1.67356e-05
-7.8104e-05
1.59728e-05
-7.01931e-05
1.49586e-05
-6.12807e-05
1.36595e-05
-5.13085e-05
1.20409e-05
-4.02196e-05
1.00673e-05
-2.79583e-05
7.70445e-06
-1.44672e-05
4.91935e-06
1.71945e-06
-0.000132192
1.28946e-05
-0.000131823
1.31872e-05
-0.000131527
1.35062e-05
-0.000131285
1.38507e-05
-0.000131097
1.42213e-05
-0.000130959
1.46203e-05
-0.000130859
1.50495e-05
-0.00013078
1.55099e-05
-0.000130374
1.59587e-05
-0.000129375
1.63162e-05
-0.000128042
1.65794e-05
-0.00012654
1.68077e-05
-0.000124816
1.7022e-05
-0.000122816
1.72131e-05
-0.00012048
1.73698e-05
-0.000117743
1.74788e-05
-0.000114541
1.75249e-05
-0.000110804
1.74904e-05
-0.000106465
1.73557e-05
-0.000101454
1.70987e-05
-9.57008e-05
1.66949e-05
-8.91213e-05
1.61167e-05
-8.1643e-05
1.53342e-05
-7.32208e-05
1.43181e-05
-6.38041e-05
1.30389e-05
-5.33314e-05
1.14653e-05
-4.17427e-05
9.56489e-06
-2.89795e-05
7.30599e-06
-1.4981e-05
4.65797e-06
1.62671e-06
-0.000147488
1.30026e-05
-0.000146816
1.32909e-05
-0.000146186
1.35994e-05
-0.00014558
1.39273e-05
-0.000144999
1.42746e-05
-0.00014444
1.46434e-05
-0.000143895
1.50353e-05
-0.000143352
1.54512e-05
-0.000142432
1.58499e-05
-0.000140853
1.61545e-05
-0.000138909
1.63628e-05
-0.000136787
1.65328e-05
-0.00013444
1.66854e-05
-0.000131814
1.68123e-05
-0.000128853
1.69035e-05
-0.000125497
1.69473e-05
-0.000121684
1.693e-05
-0.000117346
1.68361e-05
-0.000112416
1.66479e-05
-0.000106828
1.63457e-05
-0.000100513
1.59079e-05
-9.33878e-05
1.53097e-05
-8.5369e-05
1.45238e-05
-7.64077e-05
1.35242e-05
-6.64577e-05
1.22846e-05
-5.54562e-05
1.07767e-05
-4.33407e-05
8.97156e-06
-3.00495e-05
6.84031e-06
-1.55188e-05
4.35485e-06
1.5196e-06
-0.000163214
1.27758e-05
-0.000162241
1.30543e-05
-0.000161281
1.33477e-05
-0.000160311
1.3655e-05
-0.000159336
1.3976e-05
-0.000158355
1.43124e-05
-0.000157364
1.46656e-05
-0.000156352
1.50363e-05
-0.000154912
1.53856e-05
-0.000152741
1.56408e-05
-0.000150172
1.58004e-05
-0.000147415
1.59197e-05
-0.000144426
1.6019e-05
-0.000141157
1.60911e-05
-0.000137554
1.61272e-05
-0.00013356
1.61171e-05
-0.000129114
1.60489e-05
-0.000124154
1.59087e-05
-0.000118612
1.56813e-05
-0.000112424
1.53492e-05
-0.000105521
1.48935e-05
-9.78253e-05
1.42925e-05
-8.92468e-05
1.35228e-05
-7.97253e-05
1.25606e-05
-6.92172e-05
1.13821e-05
-5.76634e-05
9.96276e-06
-4.49987e-05
8.27735e-06
-3.11585e-05
6.30004e-06
-1.60756e-05
4.00538e-06
1.39655e-06
-0.000179138
1.21842e-05
-0.000177874
1.24463e-05
-0.000176589
1.27189e-05
-0.000175262
1.30008e-05
-0.0001739
1.32916e-05
-0.000172504
1.35927e-05
-0.000171071
1.39051e-05
-0.000169596
1.42295e-05
-0.000167637
1.45299e-05
-0.000164872
1.47393e-05
-0.000161672
1.48566e-05
-0.000158275
1.49332e-05
-0.000154638
1.49885e-05
-0.000150718
1.50161e-05
-0.000146464
1.50087e-05
-0.000141823
1.49573e-05
-0.000136734
1.48518e-05
-0.000131139
1.46803e-05
-0.000124972
1.44296e-05
-0.000118169
1.40848e-05
-0.000110662
1.36296e-05
-0.000102379
1.30458e-05
-9.32286e-05
1.23134e-05
-8.31332e-05
1.14107e-05
-7.205e-05
1.03168e-05
-5.99275e-05
9.01148e-06
-4.66978e-05
7.47287e-06
-3.22937e-05
5.67831e-06
-1.6645e-05
3.60532e-06
1.25609e-06
-0.000194979
1.12013e-05
-0.000193435
1.14397e-05
-0.00019184
1.1685e-05
-0.00019017
1.1936e-05
-0.000188434
1.2192e-05
-0.000186636
1.24542e-05
-0.000184776
1.27232e-05
-0.000182851
1.29997e-05
-0.000180384
1.32514e-05
-0.000177034
1.34186e-05
-0.000173212
1.35001e-05
-0.00016918
1.35426e-05
-0.000164903
1.35636e-05
-0.000160336
1.35579e-05
-0.000155435
1.35192e-05
-0.000150148
1.34401e-05
-0.000144419
1.33122e-05
-0.000138188
1.31256e-05
-0.000131395
1.28692e-05
-0.000123973
1.25306e-05
-0.000115858
1.20961e-05
-0.000106981
1.15509e-05
-9.72518e-05
1.08778e-05
-8.65788e-05
1.00583e-05
-7.49157e-05
9.07545e-06
-6.22173e-05
7.91214e-06
-4.84151e-05
6.54966e-06
-3.344e-05
4.96897e-06
-1.72194e-05
3.15092e-06
1.09695e-06
-0.000210397
9.80531e-06
-0.000208592
1.00122e-05
-0.000206707
1.02231e-05
-0.000204714
1.0437e-05
-0.000202626
1.06531e-05
-0.000200448
1.08722e-05
-0.000198184
1.10949e-05
-0.000195832
1.13214e-05
-0.000192881
1.15244e-05
-0.000188969
1.16527e-05
-0.000184547
1.17053e-05
-0.000179903
1.17223e-05
-0.000175005
1.17191e-05
-0.000169813
1.16916e-05
-0.000164284
1.16346e-05
-0.000158369
1.15424e-05
-0.000152015
1.14079e-05
-0.000145165
1.12234e-05
-0.000137758
1.098e-05
-0.00012973
1.06676e-05
-0.000121016
1.02753e-05
-0.00011155
9.79112e-06
-0.000101246
9.20135e-06
-9.00058e-05
8.49158e-06
-7.77704e-05
7.64805e-06
-6.44972e-05
6.6561e-06
-5.0124e-05
5.50069e-06
-3.45798e-05
4.16689e-06
-1.779e-05
2.63905e-06
9.18075e-07
-0.000224988
7.9805e-06
-0.000222948
8.14765e-06
-0.000220799
8.31683e-06
-0.000218513
8.48703e-06
-0.000216104
8.65765e-06
-0.000213579
8.82915e-06
-0.000210945
9.00191e-06
-0.000208201
9.17611e-06
-0.000204804
9.33001e-06
-0.000200369
9.42271e-06
-0.000195387
9.45311e-06
-0.000190172
9.45343e-06
-0.000184693
9.43642e-06
-0.000178914
9.3989e-06
-0.000172795
9.33709e-06
-0.000166289
9.24652e-06
-0.000159345
9.12199e-06
-0.000151908
8.95756e-06
-0.000143918
8.74654e-06
-0.000135312
8.48142e-06
-0.000126026
8.15392e-06
-0.000115992
7.75498e-06
-0.000105133
7.27471e-06
-9.33503e-05
6.70242e-06
-8.05616e-05
6.02674e-06
-6.67269e-05
5.23632e-06
-5.17954e-05
4.32049e-06
-3.56942e-05
3.26817e-06
-1.83475e-05
2.06738e-06
7.18676e-07
-0.000238282
5.71917e-06
-0.000236038
5.83828e-06
-0.000233659
5.95807e-06
-0.000231119
6.07784e-06
-0.00022843
6.19711e-06
-0.000225604
6.31616e-06
-0.000222648
6.43515e-06
-0.000219563
6.55417e-06
-0.000215775
6.65814e-06
-0.000210877
6.71818e-06
-0.000205395
6.73295e-06
-0.000199669
6.72535e-06
-0.00019367
6.70485e-06
-0.000187366
6.66929e-06
-0.000180718
6.61609e-06
-0.00017368
6.54225e-06
-0.000166204
6.44428e-06
-0.000158235
6.31818e-06
-0.000149715
6.15946e-06
-0.000140582
5.9631e-06
-0.000130769
5.72358e-06
-0.00012021
5.43486e-06
-0.000108833
5.09056e-06
-9.6539e-05
4.6833e-06
-8.32289e-05
4.20486e-06
-6.88632e-05
3.64784e-06
-5.33996e-05
3.0055e-06
-3.67645e-05
2.27042e-06
-1.88829e-05
1.43457e-06
4.98333e-07
-0.000249733
3.02399e-06
-0.000247322
3.08675e-06
-0.000244758
3.14953e-06
-0.000242012
3.21203e-06
-0.000239099
3.27398e-06
-0.000236031
3.33548e-06
-0.000232818
3.39657e-06
-0.000229463
3.45718e-06
-0.000225364
3.50979e-06
-0.000220086
3.53947e-06
-0.000214186
3.54484e-06
-0.000208034
3.53785e-06
-0.000201604
3.5239e-06
-0.000194864
3.50185e-06
-0.000187774
3.47039e-06
-0.000180291
3.42801e-06
-0.000172367
3.37292e-06
-0.000163948
3.30313e-06
-0.000154975
3.21638e-06
-0.000145387
3.11013e-06
-0.000135117
2.98162e-06
-0.000124099
2.82785e-06
-0.000112262
2.64561e-06
-9.9503e-05
2.43118e-06
-8.57183e-05
2.1803e-06
-7.08674e-05
1.88927e-06
-5.49107e-05
1.55482e-06
-3.77753e-05
1.17325e-06
-1.93885e-05
7.40571e-07
2.57086e-07
-0.000258792
-0.000256262
-0.000253566
-0.000250677
-0.000247609
-0.000244375
-0.000240986
-0.000237449
-0.000233142
-0.000227595
-0.000221388
-0.000214929
-0.000208187
-0.000201129
-0.000193716
-0.000185905
-0.000177646
-0.000168884
-0.000159563
-0.000149618
-0.000138983
-0.000127591
-0.000115369
-0.000102213
-8.80157e-05
-7.2735e-05
-5.63325e-05
-3.87352e-05
-1.98727e-05
)
;

boundaryField
{
    inlet
    {
        type            calculated;
        value           uniform 0;
    }
    outlet
    {
        type            calculated;
        value           uniform 0;
    }
    flap
    {
        type            calculated;
        value           uniform 0;
    }
    upperWall
    {
        type            calculated;
        value           nonuniform List<scalar> 
63
(
0
0
0
5.74331e-15
0
0
5.32666e-15
0
0
0
9.64192e-15
0
0
0
0
0
0
0
0
0
0
0
0
0
0
0
0
-6.3512e-15
6.19829e-15
0
0
0
0
0
0
0
0
0
0
0
0
0
0
0
0
0
0
8.37479e-15
0
0
1.87834e-20
0
0
0
0
-5.03304e-15
0
0
0
0
0
0
0
)
;
    }
    lowerWall
    {
        type            calculated;
        value           uniform 0;
    }
    frontAndBack
    {
        type            empty;
        value           nonuniform 0();
    }
}


// ************************************************************************* //
