/*--------------------------------*- C++ -*----------------------------------*\
| =========                 |                                                 |
| \\      /  F ield         | OpenFOAM: The Open Source CFD Toolbox           |
|  \\    /   O peration     | Version:  dev                                   |
|   \\  /    A nd           | Web:      www.OpenFOAM.org                      |
|    \\/     M anipulation  |                                                 |
\*---------------------------------------------------------------------------*/
FoamFile
{
    version     2.0;
    format      ascii;
    class       vectorField;
    location    "1.42/polyMesh";
    object      points;
}
// * * * * * * * * * * * * * * * * * * * * * * * * * * * * * * * * * * * * * //


1028
(
(-0.411992 0.3 1.19298)
(-0.309047 0.3 1.18393)
(-0.398817 0.3 1.26243)
(-0.295515 0.3 1.25292)
(-0.191242 0.3 1.24179)
(-0.0855889 0.3 1.22872)
(-0.38695 0.3 1.33427)
(-0.283642 0.3 1.32447)
(-0.179819 0.3 1.31324)
(-0.0752972 0.3 1.30036)
(0.0299052 0.3 1.28569)
(0.135266 0.3 1.26932)
(-0.376505 0.3 1.40865)
(-0.273504 0.3 1.39875)
(-0.170477 0.3 1.38762)
(-0.0674036 0.3 1.37516)
(0.03551 0.3 1.36137)
(0.137611 0.3 1.34646)
(0.237718 0.3 1.33097)
(0.334271 0.3 1.31569)
(-0.367533 0.3 1.48569)
(-0.265112 0.3 1.47586)
(-0.163137 0.3 1.46501)
(-0.0616979 0.3 1.45314)
(0.0388928 0.3 1.44033)
(0.137958 0.3 1.42688)
(0.234507 0.3 1.41326)
(0.32746 0.3 1.40008)
(0.415812 0.3 1.38795)
(0.497559 0.3 1.37839)
(-0.36005 0.3 1.56551)
(-0.258405 0.3 1.55587)
(-0.157639 0.3 1.54544)
(-0.0579161 0.3 1.53426)
(0.0404069 0.3 1.52249)
(0.136713 0.3 1.51041)
(0.230241 0.3 1.49844)
(0.320278 0.3 1.48699)
(0.406188 0.3 1.47648)
(0.486326 0.3 1.46817)
(-0.354022 0.3 1.64818)
(-0.253296 0.3 1.63885)
(-0.153834 0.3 1.62893)
(-0.0558296 0.3 1.61851)
(0.0403529 0.3 1.60775)
(0.134203 0.3 1.59694)
(0.225186 0.3 1.58639)
(0.312837 0.3 1.57638)
(0.396736 0.3 1.56721)
(0.475508 0.3 1.55993)
(-0.349401 0.3 1.73378)
(-0.249689 0.3 1.72484)
(-0.151552 0.3 1.71549)
(-0.0552086 0.3 1.70583)
(0.0390017 0.3 1.69606)
(0.1307 0.3 1.68639)
(0.219535 0.3 1.67704)
(0.305199 0.3 1.66824)
(0.387412 0.3 1.66019)
(0.465001 0.3 1.65378)
(-0.346099 0.3 1.82235)
(-0.247429 0.3 1.81385)
(-0.150605 0.3 1.8051)
(-0.0558518 0.3 1.79621)
(0.0365673 0.3 1.78735)
(0.126399 0.3 1.77869)
(0.213412 0.3 1.77039)
(0.297402 0.3 1.7626)
(0.378184 0.3 1.7555)
(0.454735 0.3 1.74983)
(-0.34399 0.3 1.91394)
(-0.24638 0.3 1.90592)
(-0.150852 0.3 1.89777)
(-0.0575882 0.3 1.88963)
(0.0332357 0.3 1.88161)
(0.121452 0.3 1.87384)
(0.206903 0.3 1.86643)
(0.28946 0.3 1.85952)
(0.369009 0.3 1.85322)
(0.444651 0.3 1.84818)
(-0.342978 0.3 2.00858)
(-0.246436 0.3 2.00106)
(-0.152154 0.3 1.99354)
(-0.0602487 0.3 1.98609)
(0.0291656 0.3 1.97882)
(0.115975 0.3 1.97183)
(0.200077 0.3 1.96521)
(0.281396 0.3 1.95905)
(0.359864 0.3 1.95344)
(0.434694 0.3 1.94895)
(-0.440777 0.3 2.11332)
(-0.342983 0.3 2.10633)
(-0.247488 0.3 2.09934)
(-0.154364 0.3 2.09239)
(-0.06368 0.3 2.08559)
(0.0244858 0.3 2.079)
(0.110061 0.3 2.0727)
(0.192986 0.3 2.06676)
(0.273226 0.3 2.06126)
(0.350744 0.3 2.05624)
(0.424842 0.3 2.05225)
(-0.440817 0.3 2.2138)
(-0.34391 0.3 2.20725)
(-0.249404 0.3 2.20076)
(-0.157337 0.3 2.19437)
(-0.0677519 0.3 2.18815)
(0.0193051 0.3 2.18217)
(0.103794 0.3 2.17649)
(0.185685 0.3 2.17116)
(0.264973 0.3 2.16622)
(0.341646 0.3 2.16174)
(0.415085 0.3 2.15817)
(-0.441699 0.3 2.31748)
(-0.345641 0.3 2.31138)
(-0.252051 0.3 2.30537)
(-0.160947 0.3 2.2995)
(-0.0723504 0.3 2.29382)
(0.0137185 0.3 2.28839)
(0.0972434 0.3 2.28326)
(0.178225 0.3 2.27847)
(0.256672 0.3 2.27404)
(0.332584 0.3 2.27003)
(0.405424 0.3 2.26684)
(-0.443317 0.3 2.42444)
(-0.348054 0.3 2.41877)
(-0.255308 0.3 2.41322)
(-0.16508 0.3 2.40783)
(-0.0773718 0.3 2.40265)
(0.00781529 0.3 2.39773)
(0.0904843 0.3 2.39309)
(0.170655 0.3 2.38878)
(0.248352 0.3 2.38481)
(0.323581 0.3 2.38121)
(0.395876 0.3 2.37836)
(-0.445556 0.3 2.53473)
(-0.351032 0.3 2.52948)
(-0.25906 0.3 2.52437)
(-0.169627 0.3 2.51944)
(-0.0827191 0.3 2.51473)
(0.00167934 0.3 2.51026)
(0.0835892 0.3 2.50607)
(0.163039 0.3 2.50219)
(0.240059 0.3 2.49863)
(0.314668 0.3 2.49542)
(0.38647 0.3 2.49287)
(-0.448304 0.3 2.64842)
(-0.354462 0.3 2.64358)
(-0.263198 0.3 2.6389)
(-0.174486 0.3 2.6344)
(-0.0882986 0.3 2.63012)
(-0.00460532 0.3 2.62608)
(0.0766282 0.3 2.62231)
(0.155434 0.3 2.61882)
(0.231846 0.3 2.61563)
(0.305895 0.3 2.61276)
(0.377248 0.3 2.61049)
(-0.451447 0.3 2.76561)
(-0.358232 0.3 2.76118)
(-0.267613 0.3 2.75691)
(-0.179553 0.3 2.75282)
(-0.0940111 0.3 2.74895)
(-0.0109452 0.3 2.74531)
(0.069682 0.3 2.74192)
(0.147906 0.3 2.7388)
(0.223771 0.3 2.73595)
(0.297317 0.3 2.73339)
(0.368263 0.3 2.73137)
(-0.454871 0.3 2.8864)
(-0.362228 0.3 2.88237)
(-0.272193 0.3 2.8785)
(-0.184717 0.3 2.87482)
(-0.0997488 0.3 2.87133)
(-0.0172443 0.3 2.86807)
(0.0628361 0.3 2.86504)
(0.140538 0.3 2.86226)
(0.215913 0.3 2.85973)
(0.289007 0.3 2.85746)
(0.359586 0.3 2.85567)
(-0.458459 0.3 3.01091)
(-0.366332 0.3 3.00728)
(-0.276819 0.3 3.00381)
(-0.189859 0.3 3.00051)
(-0.105402 0.3 2.99741)
(-0.0234029 0.3 2.99451)
(0.0561884 0.3 2.99182)
(0.133426 0.3 2.98936)
(0.208363 0.3 2.98713)
(0.281053 0.3 2.98514)
(0.351303 0.3 2.98356)
(-0.462091 0.3 3.13927)
(-0.370416 0.3 3.13604)
(-0.281357 0.3 3.13298)
(-0.194857 0.3 3.13007)
(-0.110858 0.3 3.12734)
(-0.0293076 0.3 3.1248)
(0.0498522 0.3 3.12244)
(0.126679 0.3 3.12029)
(0.20123 0.3 3.11835)
(0.273562 0.3 3.11661)
(0.343519 0.3 3.11524)
(-0.465626 0.3 3.27164)
(-0.374345 0.3 3.26884)
(-0.285683 0.3 3.26618)
(-0.199586 0.3 3.26367)
(-0.115988 0.3 3.26131)
(-0.0348278 0.3 3.25912)
(0.0439568 0.3 3.2571)
(0.120426 0.3 3.25525)
(0.194641 0.3 3.25359)
(0.266659 0.3 3.25211)
(0.336359 0.3 3.25094)
(-0.468906 0.3 3.40818)
(-0.377972 0.3 3.40584)
(-0.289656 0.3 3.40361)
(-0.203902 0.3 3.4015)
(-0.120644 0.3 3.39954)
(-0.0398139 0.3 3.39771)
(0.0386518 0.3 3.39602)
(0.114817 0.3 3.39449)
(0.188745 0.3 3.39311)
(0.260496 0.3 3.39188)
(0.329975 0.3 3.39091)
(-0.47178 0.3 3.54909)
(-0.381132 0.3 3.54724)
(-0.293101 0.3 3.54547)
(-0.207631 0.3 3.54381)
(-0.124651 0.3 3.54226)
(-0.0440923 0.3 3.54082)
(0.0341125 0.3 3.53949)
(0.110029 0.3 3.53828)
(0.183721 0.3 3.5372)
(0.255252 0.3 3.53623)
(0.32455 0.3 3.53547)
(-0.474078 0.3 3.6946)
(-0.383647 0.3 3.69329)
(-0.295835 0.3 3.69205)
(-0.210582 0.3 3.69087)
(-0.127814 0.3 3.68978)
(-0.0474608 0.3 3.68876)
(0.0305455 0.3 3.68782)
(0.106272 0.3 3.68697)
(0.179786 0.3 3.68621)
(0.251149 0.3 3.68553)
(0.320308 0.3 3.68499)
(-0.475606 0.3 3.84497)
(-0.385316 0.3 3.84428)
(-0.297645 0.3 3.84363)
(-0.212531 0.3 3.84301)
(-0.1299 0.3 3.84243)
(-0.0496797 0.3 3.8419)
(0.0281984 0.3 3.8414)
(0.103803 0.3 3.84095)
(0.1772 0.3 3.84055)
(0.248454 0.3 3.84019)
(0.317523 0.3 3.83991)
(-0.476149 0.3 4)
(-0.385909 0.3 4)
(-0.298288 0.3 4)
(-0.213224 0.3 4)
(-0.130641 0.3 4)
(-0.0504684 0.3 4)
(0.0273641 0.3 4)
(0.102925 0.3 4)
(0.176281 0.3 4)
(0.247496 0.3 4)
(0.316533 0.3 4)
(-0.411992 0 1.19298)
(-0.309047 0 1.18393)
(-0.398817 0 1.26243)
(-0.295515 0 1.25292)
(-0.191242 0 1.24179)
(-0.0855889 0 1.22872)
(-0.38695 0 1.33427)
(-0.283642 0 1.32447)
(-0.179819 0 1.31324)
(-0.0752972 0 1.30036)
(0.0299052 0 1.28569)
(0.135266 0 1.26932)
(-0.376505 0 1.40865)
(-0.273504 0 1.39875)
(-0.170477 0 1.38762)
(-0.0674036 0 1.37516)
(0.03551 0 1.36137)
(0.137611 0 1.34646)
(0.237718 0 1.33097)
(0.334271 0 1.31569)
(-0.367533 0 1.48569)
(-0.265112 0 1.47586)
(-0.163137 0 1.46501)
(-0.0616979 0 1.45314)
(0.0388928 0 1.44033)
(0.137958 0 1.42688)
(0.234507 0 1.41326)
(0.32746 0 1.40008)
(0.415812 0 1.38795)
(0.497559 0 1.37839)
(-0.36005 0 1.56551)
(-0.258405 0 1.55587)
(-0.157639 0 1.54544)
(-0.0579161 0 1.53426)
(0.0404069 0 1.52249)
(0.136713 0 1.51041)
(0.230241 0 1.49844)
(0.320278 0 1.48699)
(0.406188 0 1.47648)
(0.486326 0 1.46817)
(-0.354022 0 1.64818)
(-0.253296 0 1.63885)
(-0.153834 0 1.62893)
(-0.0558296 0 1.61851)
(0.0403529 0 1.60775)
(0.134203 0 1.59694)
(0.225186 0 1.58639)
(0.312837 0 1.57638)
(0.396736 0 1.56721)
(0.475508 0 1.55993)
(-0.349401 0 1.73378)
(-0.249689 0 1.72484)
(-0.151552 0 1.71549)
(-0.0552086 0 1.70583)
(0.0390017 0 1.69606)
(0.1307 0 1.68639)
(0.219535 0 1.67704)
(0.305199 0 1.66824)
(0.387412 0 1.66019)
(0.465001 0 1.65378)
(-0.346099 0 1.82235)
(-0.247429 0 1.81385)
(-0.150605 0 1.8051)
(-0.0558518 0 1.79621)
(0.0365673 0 1.78735)
(0.126399 0 1.77869)
(0.213412 0 1.77039)
(0.297402 0 1.7626)
(0.378184 0 1.7555)
(0.454735 0 1.74983)
(-0.34399 0 1.91394)
(-0.24638 0 1.90592)
(-0.150852 0 1.89777)
(-0.0575882 0 1.88963)
(0.0332357 0 1.88161)
(0.121452 0 1.87384)
(0.206903 0 1.86643)
(0.28946 0 1.85952)
(0.369009 0 1.85322)
(0.444651 0 1.84818)
(-0.342978 0 2.00858)
(-0.246436 0 2.00106)
(-0.152154 0 1.99354)
(-0.0602487 0 1.98609)
(0.0291656 0 1.97882)
(0.115975 0 1.97183)
(0.200077 0 1.96521)
(0.281396 0 1.95905)
(0.359864 0 1.95344)
(0.434694 0 1.94895)
(-0.440777 0 2.11332)
(-0.342983 0 2.10633)
(-0.247488 0 2.09934)
(-0.154364 0 2.09239)
(-0.06368 0 2.08559)
(0.0244858 0 2.079)
(0.110061 0 2.0727)
(0.192986 0 2.06676)
(0.273226 0 2.06126)
(0.350744 0 2.05624)
(0.424842 0 2.05225)
(-0.440817 0 2.2138)
(-0.34391 0 2.20725)
(-0.249404 0 2.20076)
(-0.157337 0 2.19437)
(-0.0677519 0 2.18815)
(0.0193051 0 2.18217)
(0.103794 0 2.17649)
(0.185685 0 2.17116)
(0.264973 0 2.16622)
(0.341646 0 2.16174)
(0.415085 0 2.15817)
(-0.441699 0 2.31748)
(-0.345641 0 2.31138)
(-0.252051 0 2.30537)
(-0.160947 0 2.2995)
(-0.0723504 0 2.29382)
(0.0137185 0 2.28839)
(0.0972434 0 2.28326)
(0.178225 0 2.27847)
(0.256672 0 2.27404)
(0.332584 0 2.27003)
(0.405424 0 2.26684)
(-0.443317 0 2.42444)
(-0.348054 0 2.41877)
(-0.255308 0 2.41322)
(-0.16508 0 2.40783)
(-0.0773718 0 2.40265)
(0.00781529 0 2.39773)
(0.0904843 0 2.39309)
(0.170655 0 2.38878)
(0.248352 0 2.38481)
(0.323581 0 2.38121)
(0.395876 0 2.37836)
(-0.445556 0 2.53473)
(-0.351032 0 2.52948)
(-0.25906 0 2.52437)
(-0.169627 0 2.51944)
(-0.0827191 0 2.51473)
(0.00167934 0 2.51026)
(0.0835892 0 2.50607)
(0.163039 0 2.50219)
(0.240059 0 2.49863)
(0.314668 0 2.49542)
(0.38647 0 2.49287)
(-0.448304 0 2.64842)
(-0.354462 0 2.64358)
(-0.263198 0 2.6389)
(-0.174486 0 2.6344)
(-0.0882986 0 2.63012)
(-0.00460532 0 2.62608)
(0.0766282 0 2.62231)
(0.155434 0 2.61882)
(0.231846 0 2.61563)
(0.305895 0 2.61276)
(0.377248 0 2.61049)
(-0.451447 0 2.76561)
(-0.358232 0 2.76118)
(-0.267613 0 2.75691)
(-0.179553 0 2.75282)
(-0.0940111 0 2.74895)
(-0.0109452 0 2.74531)
(0.069682 0 2.74192)
(0.147906 0 2.7388)
(0.223771 0 2.73595)
(0.297317 0 2.73339)
(0.368263 0 2.73137)
(-0.454871 0 2.8864)
(-0.362228 0 2.88237)
(-0.272193 0 2.8785)
(-0.184717 0 2.87482)
(-0.0997488 0 2.87133)
(-0.0172443 0 2.86807)
(0.0628361 0 2.86504)
(0.140538 0 2.86226)
(0.215913 0 2.85973)
(0.289007 0 2.85746)
(0.359586 0 2.85567)
(-0.458459 0 3.01091)
(-0.366332 0 3.00728)
(-0.276819 0 3.00381)
(-0.189859 0 3.00051)
(-0.105402 0 2.99741)
(-0.0234029 0 2.99451)
(0.0561884 0 2.99182)
(0.133426 0 2.98936)
(0.208363 0 2.98713)
(0.281053 0 2.98514)
(0.351303 0 2.98356)
(-0.462091 0 3.13927)
(-0.370416 0 3.13604)
(-0.281357 0 3.13298)
(-0.194857 0 3.13007)
(-0.110858 0 3.12734)
(-0.0293076 0 3.1248)
(0.0498522 0 3.12244)
(0.126679 0 3.12029)
(0.20123 0 3.11835)
(0.273562 0 3.11661)
(0.343519 0 3.11524)
(-0.465626 0 3.27164)
(-0.374345 0 3.26884)
(-0.285683 0 3.26618)
(-0.199586 0 3.26367)
(-0.115988 0 3.26131)
(-0.0348278 0 3.25912)
(0.0439568 0 3.2571)
(0.120426 0 3.25525)
(0.194641 0 3.25359)
(0.266659 0 3.25211)
(0.336359 0 3.25094)
(-0.468906 0 3.40818)
(-0.377972 0 3.40584)
(-0.289656 0 3.40361)
(-0.203902 0 3.4015)
(-0.120644 0 3.39954)
(-0.0398139 0 3.39771)
(0.0386518 0 3.39602)
(0.114817 0 3.39449)
(0.188745 0 3.39311)
(0.260496 0 3.39188)
(0.329975 0 3.39091)
(-0.47178 0 3.54909)
(-0.381132 0 3.54724)
(-0.293101 0 3.54547)
(-0.207631 0 3.54381)
(-0.124651 0 3.54226)
(-0.0440923 0 3.54082)
(0.0341125 0 3.53949)
(0.110029 0 3.53828)
(0.183721 0 3.5372)
(0.255252 0 3.53623)
(0.32455 0 3.53547)
(-0.474078 0 3.6946)
(-0.383647 0 3.69329)
(-0.295835 0 3.69205)
(-0.210582 0 3.69087)
(-0.127814 0 3.68978)
(-0.0474608 0 3.68876)
(0.0305455 0 3.68782)
(0.106272 0 3.68697)
(0.179786 0 3.68621)
(0.251149 0 3.68553)
(0.320308 0 3.68499)
(-0.475606 0 3.84497)
(-0.385316 0 3.84428)
(-0.297645 0 3.84363)
(-0.212531 0 3.84301)
(-0.1299 0 3.84243)
(-0.0496797 0 3.8419)
(0.0281984 0 3.8414)
(0.103803 0 3.84095)
(0.1772 0 3.84055)
(0.248454 0 3.84019)
(0.317523 0 3.83991)
(-0.476149 0 4)
(-0.385909 0 4)
(-0.298288 0 4)
(-0.213224 0 4)
(-0.130641 0 4)
(-0.0504684 0 4)
(0.0273641 0 4)
(0.102925 0 4)
(0.176281 0 4)
(0.247496 0 4)
(0.316533 0 4)
(0.539022 0.3 1.37229)
(0.526983 0.3 1.46283)
(0.565487 0.3 1.45888)
(0.604208 0.3 1.45453)
(0.515437 0.3 1.55523)
(0.553495 0.3 1.55173)
(0.591857 0.3 1.54783)
(0.50427 0.3 1.64962)
(0.541897 0.3 1.64652)
(0.579871 0.3 1.64302)
(0.493394 0.3 1.74615)
(0.530611 0.3 1.74338)
(0.568191 0.3 1.74026)
(0.482755 0.3 1.84491)
(0.519583 0.3 1.84245)
(0.556772 0.3 1.83965)
(0.472295 0.3 1.94604)
(0.508762 0.3 1.94384)
(0.545573 0.3 1.94134)
(0.461981 0.3 2.04965)
(0.498114 0.3 2.04769)
(0.534565 0.3 2.04545)
(0.451803 0.3 2.15585)
(0.487626 0.3 2.1541)
(0.523735 0.3 2.1521)
(0.441756 0.3 2.26477)
(0.477293 0.3 2.26321)
(0.513082 0.3 2.26142)
(0.431856 0.3 2.37651)
(0.467128 0.3 2.37512)
(0.502618 0.3 2.37353)
(0.422127 0.3 2.49122)
(0.457156 0.3 2.48998)
(0.492367 0.3 2.48856)
(0.41261 0.3 2.60903)
(0.447415 0.3 2.60793)
(0.482368 0.3 2.60666)
(0.403357 0.3 2.73008)
(0.437958 0.3 2.7291)
(0.472673 0.3 2.72798)
(0.394437 0.3 2.85453)
(0.428852 0.3 2.85367)
(0.46335 0.3 2.85268)
(0.385936 0.3 2.98256)
(0.420182 0.3 2.98181)
(0.454484 0.3 2.98095)
(0.377956 0.3 3.11438)
(0.412053 0.3 3.11372)
(0.446178 0.3 3.11298)
(0.370625 0.3 3.2502)
(0.40459 0.3 3.24965)
(0.438559 0.3 3.24902)
(0.364095 0.3 3.3903)
(0.397946 0.3 3.38985)
(0.431781 0.3 3.38933)
(0.358549 0.3 3.535)
(0.392307 0.3 3.53464)
(0.426031 0.3 3.53424)
(0.354214 0.3 3.68466)
(0.3879 0.3 3.68441)
(0.421539 0.3 3.68413)
(0.35137 0.3 3.83974)
(0.385008 0.3 3.8396)
(0.418593 0.3 3.83946)
(0.350358 0.3 4)
(0.38398 0.3 4)
(0.417544 0.3 4)
(0.539022 0 1.37229)
(0.526983 0 1.46283)
(0.565487 0 1.45888)
(0.604208 0 1.45453)
(0.515437 0 1.55523)
(0.553495 0 1.55173)
(0.591857 0 1.54783)
(0.50427 0 1.64962)
(0.541897 0 1.64652)
(0.579871 0 1.64302)
(0.493394 0 1.74615)
(0.530611 0 1.74338)
(0.568191 0 1.74026)
(0.482755 0 1.84491)
(0.519583 0 1.84245)
(0.556772 0 1.83965)
(0.472295 0 1.94604)
(0.508762 0 1.94384)
(0.545573 0 1.94134)
(0.461981 0 2.04965)
(0.498114 0 2.04769)
(0.534565 0 2.04545)
(0.451803 0 2.15585)
(0.487626 0 2.1541)
(0.523735 0 2.1521)
(0.441756 0 2.26477)
(0.477293 0 2.26321)
(0.513082 0 2.26142)
(0.431856 0 2.37651)
(0.467128 0 2.37512)
(0.502618 0 2.37353)
(0.422127 0 2.49122)
(0.457156 0 2.48998)
(0.492367 0 2.48856)
(0.41261 0 2.60903)
(0.447415 0 2.60793)
(0.482368 0 2.60666)
(0.403357 0 2.73008)
(0.437958 0 2.7291)
(0.472673 0 2.72798)
(0.394437 0 2.85453)
(0.428852 0 2.85367)
(0.46335 0 2.85268)
(0.385936 0 2.98256)
(0.420182 0 2.98181)
(0.454484 0 2.98095)
(0.377956 0 3.11438)
(0.412053 0 3.11372)
(0.446178 0 3.11298)
(0.370625 0 3.2502)
(0.40459 0 3.24965)
(0.438559 0 3.24902)
(0.364095 0 3.3903)
(0.397946 0 3.38985)
(0.431781 0 3.38933)
(0.358549 0 3.535)
(0.392307 0 3.53464)
(0.426031 0 3.53424)
(0.354214 0 3.68466)
(0.3879 0 3.68441)
(0.421539 0 3.68413)
(0.35137 0 3.83974)
(0.385008 0 3.8396)
(0.418593 0 3.83946)
(0.350358 0 4)
(0.38398 0 4)
(0.417544 0 4)
(0.67814 0.3 1.44935)
(0.66559 0.3 1.54311)
(0.7399 0.3 1.53881)
(0.813976 0.3 1.53569)
(0.887935 0.3 1.53382)
(0.653297 0.3 1.63874)
(0.727537 0.3 1.63476)
(0.801782 0.3 1.63178)
(0.876082 0.3 1.62986)
(0.950541 0.3 1.62903)
(1.02528 0.3 1.62925)
(0.64125 0.3 1.73638)
(0.715297 0.3 1.73272)
(0.789559 0.3 1.72991)
(0.86404 0.3 1.72803)
(0.9388 0.3 1.72709)
(1.01391 0.3 1.72712)
(1.08945 0.3 1.72808)
(1.16549 0.3 1.72996)
(0.62943 0.3 1.83616)
(0.703204 0.3 1.83281)
(0.77737 0.3 1.8302)
(0.851908 0.3 1.82839)
(0.926843 0.3 1.82742)
(1.00222 0.3 1.82731)
(1.07808 0.3 1.82805)
(1.15448 0.3 1.82965)
(1.23147 0.3 1.83208)
(0.617817 0.3 1.93819)
(0.691267 0.3 1.93516)
(0.765258 0.3 1.93275)
(0.839757 0.3 1.93105)
(0.914768 0.3 1.93009)
(0.990308 0.3 1.92989)
(1.0664 0.3 1.93048)
(1.14309 0.3 1.93185)
(1.22039 0.3 1.934)
(0.606395 0.3 2.04262)
(0.679494 0.3 2.03987)
(0.753258 0.3 2.03768)
(0.827647 0.3 2.0361)
(0.902652 0.3 2.03518)
(0.978276 0.3 2.03494)
(1.05453 0.3 2.03542)
(1.13143 0.3 2.03662)
(1.20899 0.3 2.03854)
(0.59516 0.3 2.14956)
(0.667894 0.3 2.14709)
(0.741396 0.3 2.1451)
(0.815625 0.3 2.14365)
(0.890565 0.3 2.14279)
(0.966207 0.3 2.14255)
(1.04255 0.3 2.14295)
(1.1196 0.3 2.14402)
(1.19737 0.3 2.14575)
(0.584116 0.3 2.25914)
(0.656483 0.3 2.25692)
(0.729704 0.3 2.25513)
(0.803739 0.3 2.25382)
(0.878567 0.3 2.25304)
(0.954176 0.3 2.25281)
(1.03056 0.3 2.25317)
(1.10771 0.3 2.25413)
(1.18562 0.3 2.25571)
(0.573278 0.3 2.3715)
(0.645284 0.3 2.36951)
(0.718215 0.3 2.36791)
(0.792034 0.3 2.36674)
(0.86672 0.3 2.36603)
(0.942257 0.3 2.36583)
(1.01863 0.3 2.36616)
(1.09584 0.3 2.36705)
(1.17386 0.3 2.36851)
(0.562674 0.3 2.48675)
(0.63433 0.3 2.48498)
(0.70697 0.3 2.48356)
(0.780562 0.3 2.48252)
(0.855085 0.3 2.4819)
(0.930521 0.3 2.48174)
(1.00686 0.3 2.48206)
(1.08408 0.3 2.48288)
(1.16218 0.3 2.48423)
(0.552343 0.3 2.60506)
(0.623665 0.3 2.60349)
(0.69602 0.3 2.60223)
(0.769381 0.3 2.60132)
(0.843728 0.3 2.60079)
(0.919046 0.3 2.60066)
(0.995319 0.3 2.60098)
(1.07253 0.3 2.60175)
(1.15068 0.3 2.60301)
(0.54234 0.3 2.72656)
(0.613346 0.3 2.72518)
(0.685426 0.3 2.72407)
(0.758558 0.3 2.72328)
(0.832726 0.3 2.72283)
(0.907913 0.3 2.72275)
(0.984107 0.3 2.72306)
(1.06129 0.3 2.72379)
(1.13946 0.3 2.72496)
(0.532731 0.3 2.85143)
(0.603443 0.3 2.85022)
(0.675262 0.3 2.84926)
(0.748174 0.3 2.84858)
(0.822162 0.3 2.8482)
(0.897215 0.3 2.84816)
(0.973318 0.3 2.84847)
(1.05046 0.3 2.84916)
(1.12863 0.3 2.85025)
(0.523604 0.3 2.97986)
(0.594043 0.3 2.97881)
(0.66562 0.3 2.97798)
(0.738322 0.3 2.9774)
(0.812137 0.3 2.97709)
(0.887055 0.3 2.97708)
(0.963064 0.3 2.97738)
(1.04015 0.3 2.97803)
(1.11831 0.3 2.97904)
(0.515062 0.3 3.11204)
(0.585254 0.3 3.11114)
(0.656609 0.3 3.11043)
(0.729116 0.3 3.10995)
(0.802768 0.3 3.1097)
(0.877555 0.3 3.10972)
(0.95347 0.3 3.11001)
(1.0305 0.3 3.11061)
(1.10865 0.3 3.11152)
(0.507234 0.3 3.24822)
(0.577206 0.3 3.24746)
(0.64836 0.3 3.24687)
(0.720691 0.3 3.24647)
(0.794192 0.3 3.24628)
(0.868859 0.3 3.24631)
(0.944683 0.3 3.24659)
(1.02166 0.3 3.24713)
(1.09978 0.3 3.24795)
(0.500275 0.3 3.38867)
(0.570055 0.3 3.38805)
(0.641035 0.3 3.38757)
(0.71321 0.3 3.38725)
(0.786579 0.3 3.38711)
(0.861136 0.3 3.38716)
(0.936878 0.3 3.38741)
(1.0138 0.3 3.38788)
(1.09189 0.3 3.38858)
(0.494375 0.3 3.53373)
(0.563996 0.3 3.53324)
(0.634829 0.3 3.53287)
(0.706874 0.3 3.53263)
(0.78013 0.3 3.53253)
(0.854594 0.3 3.53258)
(0.930264 0.3 3.53279)
(1.00714 0.3 3.53317)
(1.08521 0.3 3.53374)
(0.489767 0.3 3.68377)
(0.559265 0.3 3.68343)
(0.629985 0.3 3.68318)
(0.701928 0.3 3.68301)
(0.775096 0.3 3.68295)
(0.849487 0.3 3.68299)
(0.925101 0.3 3.68314)
(1.00193 0.3 3.68342)
(1.07999 0.3 3.68383)
(0.486745 0.3 3.83927)
(0.556162 0.3 3.83909)
(0.626808 0.3 3.83896)
(0.698685 0.3 3.83887)
(0.771794 0.3 3.83884)
(0.846137 0.3 3.83887)
(0.921713 0.3 3.83895)
(0.99852 0.3 3.8391)
(1.07656 0.3 3.83932)
(0.48567 0.3 4)
(0.555059 0.3 4)
(0.625677 0.3 4)
(0.69753 0.3 4)
(0.770619 0.3 4)
(0.844944 0.3 4)
(0.920505 0.3 4)
(0.997303 0.3 4)
(1.07534 0.3 4)
(0.67814 0 1.44935)
(0.66559 0 1.54311)
(0.7399 0 1.53881)
(0.813976 0 1.53569)
(0.887935 0 1.53382)
(0.653297 0 1.63874)
(0.727537 0 1.63476)
(0.801782 0 1.63178)
(0.876082 0 1.62986)
(0.950541 0 1.62903)
(1.02528 0 1.62925)
(0.64125 0 1.73638)
(0.715297 0 1.73272)
(0.789559 0 1.72991)
(0.86404 0 1.72803)
(0.9388 0 1.72709)
(1.01391 0 1.72712)
(1.08945 0 1.72808)
(1.16549 0 1.72996)
(0.62943 0 1.83616)
(0.703204 0 1.83281)
(0.77737 0 1.8302)
(0.851908 0 1.82839)
(0.926843 0 1.82742)
(1.00222 0 1.82731)
(1.07808 0 1.82805)
(1.15448 0 1.82965)
(1.23147 0 1.83208)
(0.617817 0 1.93819)
(0.691267 0 1.93516)
(0.765258 0 1.93275)
(0.839757 0 1.93105)
(0.914768 0 1.93009)
(0.990308 0 1.92989)
(1.0664 0 1.93048)
(1.14309 0 1.93185)
(1.22039 0 1.934)
(0.606395 0 2.04262)
(0.679494 0 2.03987)
(0.753258 0 2.03768)
(0.827647 0 2.0361)
(0.902652 0 2.03518)
(0.978276 0 2.03494)
(1.05453 0 2.03542)
(1.13143 0 2.03662)
(1.20899 0 2.03854)
(0.59516 0 2.14956)
(0.667894 0 2.14709)
(0.741396 0 2.1451)
(0.815625 0 2.14365)
(0.890565 0 2.14279)
(0.966207 0 2.14255)
(1.04255 0 2.14295)
(1.1196 0 2.14402)
(1.19737 0 2.14575)
(0.584116 0 2.25914)
(0.656483 0 2.25692)
(0.729704 0 2.25513)
(0.803739 0 2.25382)
(0.878567 0 2.25304)
(0.954176 0 2.25281)
(1.03056 0 2.25317)
(1.10771 0 2.25413)
(1.18562 0 2.25571)
(0.573278 0 2.3715)
(0.645284 0 2.36951)
(0.718215 0 2.36791)
(0.792034 0 2.36674)
(0.86672 0 2.36603)
(0.942257 0 2.36583)
(1.01863 0 2.36616)
(1.09584 0 2.36705)
(1.17386 0 2.36851)
(0.562674 0 2.48675)
(0.63433 0 2.48498)
(0.70697 0 2.48356)
(0.780562 0 2.48252)
(0.855085 0 2.4819)
(0.930521 0 2.48174)
(1.00686 0 2.48206)
(1.08408 0 2.48288)
(1.16218 0 2.48423)
(0.552343 0 2.60506)
(0.623665 0 2.60349)
(0.69602 0 2.60223)
(0.769381 0 2.60132)
(0.843728 0 2.60079)
(0.919046 0 2.60066)
(0.995319 0 2.60098)
(1.07253 0 2.60175)
(1.15068 0 2.60301)
(0.54234 0 2.72656)
(0.613346 0 2.72518)
(0.685426 0 2.72407)
(0.758558 0 2.72328)
(0.832726 0 2.72283)
(0.907913 0 2.72275)
(0.984107 0 2.72306)
(1.06129 0 2.72379)
(1.13946 0 2.72496)
(0.532731 0 2.85143)
(0.603443 0 2.85022)
(0.675262 0 2.84926)
(0.748174 0 2.84858)
(0.822162 0 2.8482)
(0.897215 0 2.84816)
(0.973318 0 2.84847)
(1.05046 0 2.84916)
(1.12863 0 2.85025)
(0.523604 0 2.97986)
(0.594043 0 2.97881)
(0.66562 0 2.97798)
(0.738322 0 2.9774)
(0.812137 0 2.97709)
(0.887055 0 2.97708)
(0.963064 0 2.97738)
(1.04015 0 2.97803)
(1.11831 0 2.97904)
(0.515062 0 3.11204)
(0.585254 0 3.11114)
(0.656609 0 3.11043)
(0.729116 0 3.10995)
(0.802768 0 3.1097)
(0.877555 0 3.10972)
(0.95347 0 3.11001)
(1.0305 0 3.11061)
(1.10865 0 3.11152)
(0.507234 0 3.24822)
(0.577206 0 3.24746)
(0.64836 0 3.24687)
(0.720691 0 3.24647)
(0.794192 0 3.24628)
(0.868859 0 3.24631)
(0.944683 0 3.24659)
(1.02166 0 3.24713)
(1.09978 0 3.24795)
(0.500275 0 3.38867)
(0.570055 0 3.38805)
(0.641035 0 3.38757)
(0.71321 0 3.38725)
(0.786579 0 3.38711)
(0.861136 0 3.38716)
(0.936878 0 3.38741)
(1.0138 0 3.38788)
(1.09189 0 3.38858)
(0.494375 0 3.53373)
(0.563996 0 3.53324)
(0.634829 0 3.53287)
(0.706874 0 3.53263)
(0.78013 0 3.53253)
(0.854594 0 3.53258)
(0.930264 0 3.53279)
(1.00714 0 3.53317)
(1.08521 0 3.53374)
(0.489767 0 3.68377)
(0.559265 0 3.68343)
(0.629985 0 3.68318)
(0.701928 0 3.68301)
(0.775096 0 3.68295)
(0.849487 0 3.68299)
(0.925101 0 3.68314)
(1.00193 0 3.68342)
(1.07999 0 3.68383)
(0.486745 0 3.83927)
(0.556162 0 3.83909)
(0.626808 0 3.83896)
(0.698685 0 3.83887)
(0.771794 0 3.83884)
(0.846137 0 3.83887)
(0.921713 0 3.83895)
(0.99852 0 3.8391)
(1.07656 0 3.83932)
(0.48567 0 4)
(0.555059 0 4)
(0.625677 0 4)
(0.69753 0 4)
(0.770619 0 4)
(0.844944 0 4)
(0.920505 0 4)
(0.997303 0 4)
(1.07534 0 4)
)


// ************************************************************************* //
