/*--------------------------------*- C++ -*----------------------------------*\
| =========                 |                                                 |
| \\      /  F ield         | OpenFOAM: The Open Source CFD Toolbox           |
|  \\    /   O peration     | Version:  dev                                   |
|   \\  /    A nd           | Web:      www.OpenFOAM.org                      |
|    \\/     M anipulation  |                                                 |
\*---------------------------------------------------------------------------*/
FoamFile
{
    version     2.0;
    format      ascii;
    class       volVectorField;
    location    "0.26";
    object      cellDisplacement;
}
// * * * * * * * * * * * * * * * * * * * * * * * * * * * * * * * * * * * * * //

dimensions      [0 1 0 0 0 0 0];

internalField   nonuniform List<vector> 
2790
(
(0.00160308 0 2.87224e-05)
(0.00462027 0 8.31834e-05)
(0.00729215 0 0.000132179)
(0.00965582 0 0.000176544)
(0.0117447 0 0.00021692)
(0.0135882 0 0.000253756)
(0.0152119 0 0.000287329)
(0.0166384 0 0.000317825)
(0.0178854 0 0.000345991)
(0.0189703 0 0.000370126)
(0.019909 0 0.00039066)
(0.0207141 0 0.000407204)
(0.021396 0 0.000419214)
(0.0219634 0 0.000426066)
(0.0224237 0 0.000427093)
(0.0227825 0 0.000421645)
(0.0230444 0 0.000409167)
(0.0232133 0 0.000389301)
(0.0232922 0 0.000362007)
(0.0232838 0 0.000327684)
(0.0231912 0 0.000287264)
(0.0230173 0 0.000242239)
(0.0227653 0 0.000194524)
(0.0224369 0 0.000146081)
(0.0220297 0 9.79742e-05)
(0.0215308 0 4.81102e-05)
(0.0209043 0 -1.45145e-05)
(0.0200746 0 -0.000123602)
(0.0189357 0 -0.000357037)
(0.0177698 0 -0.00076219)
(0.00160243 0 8.63192e-05)
(0.0046185 0 0.000250022)
(0.00728949 0 0.000397352)
(0.00965248 0 0.000530823)
(0.0117409 0 0.00065237)
(0.0135841 0 0.000763348)
(0.0152079 0 0.000864574)
(0.0166352 0 0.000956391)
(0.0178829 0 0.00103855)
(0.0189684 0 0.00111106)
(0.0199087 0 0.00117312)
(0.0207159 0 0.00122337)
(0.0214007 0 0.00126018)
(0.021972 0 0.00128169)
(0.022437 0 0.0012859)
(0.0228018 0 0.00127087)
(0.0230711 0 0.00123488)
(0.023249 0 0.0011768)
(0.0233386 0 0.00109642)
(0.0233432 0 0.00099482)
(0.0232662 0 0.000874681)
(0.0231118 0 0.000740432)
(0.0228857 0 0.000598001)
(0.0225956 0 0.000454043)
(0.022253 0 0.000314332)
(0.0218781 0 0.000180927)
(0.0215164 0 4.76037e-05)
(0.0212915 0 -0.00010506)
(0.0215185 0 -0.000304918)
(0.0226564 0 -0.000545378)
(0.00160131 0 0.000143852)
(0.00461529 0 0.000416696)
(0.00728457 0 0.00066232)
(0.00964622 0 0.00088494)
(0.0117337 0 0.0010878)
(0.0135764 0 0.0012732)
(0.0152 0 0.0014425)
(0.016627 0 0.00159615)
(0.0178761 0 0.00173294)
(0.0189643 0 0.001855)
(0.0199079 0 0.00196002)
(0.0207194 0 0.00204577)
(0.0214099 0 0.0021096)
(0.0219884 0 0.00214846)
(0.0224628 0 0.00215904)
(0.0228393 0 0.00213803)
(0.0231231 0 0.00208248)
(0.0233185 0 0.00199028)
(0.0234292 0 0.00186075)
(0.0234587 0 0.00169529)
(0.0234113 0 0.00149796)
(0.0232924 0 0.00127588)
(0.0231106 0 0.00103914)
(0.022879 0 0.000800097)
(0.0226193 0 0.000572087)
(0.0223672 0 0.00036811)
(0.0221798 0 0.000201858)
(0.0221327 0 9.64691e-05)
(0.0222603 0 0.000104638)
(0.0223733 0 0.000278403)
(0.00159962 0 0.000200974)
(0.00461049 0 0.000582185)
(0.00727718 0 0.000925438)
(0.0096368 0 0.00123667)
(0.0117228 0 0.00152046)
(0.0135647 0 0.00178007)
(0.0151881 0 0.00201753)
(0.0166155 0 0.0022337)
(0.0178663 0 0.00242832)
(0.0189579 0 0.00260166)
(0.019906 0 0.00275167)
(0.0207236 0 0.00287551)
(0.0214222 0 0.00296963)
(0.0220113 0 0.00302988)
(0.0224991 0 0.00305166)
(0.0228925 0 0.00303029)
(0.0231972 0 0.0029614)
(0.0234178 0 0.00284164)
(0.0235586 0 0.00266941)
(0.0236235 0 0.00244585)
(0.0236171 0 0.0021757)
(0.0235456 0 0.00186819)
(0.0234184 0 0.0015372)
(0.0232501 0 0.00120096)
(0.0230638 0 0.000880625)
(0.0228923 0 0.000598159)
(0.0227765 0 0.000373524)
(0.0227481 0 0.000220212)
(0.0227909 0 0.000132929)
(0.0228188 0 6.94574e-05)
(0.00159736 0 0.000257647)
(0.00460405 0 0.000746388)
(0.00726726 0 0.00118658)
(0.00962413 0 0.0015859)
(0.0117082 0 0.00195032)
(0.0135488 0 0.0022841)
(0.0151719 0 0.00259002)
(0.0166001 0 0.00286943)
(0.0178531 0 0.00312251)
(0.0189485 0 0.00334881)
(0.019902 0 0.00354615)
(0.0207273 0 0.00371124)
(0.021436 0 0.00383978)
(0.0220383 0 0.00392664)
(0.022543 0 0.00396604)
(0.0229575 0 0.00395191)
(0.0232883 0 0.00387837)
(0.0235406 0 0.00374049)
(0.0237191 0 0.00353523)
(0.0238281 0 0.00326261)
(0.0238719 0 0.00292708)
(0.0238563 0 0.00253878)
(0.0237892 0 0.00211443)
(0.023683 0 0.00167744)
(0.0235558 0 0.0012566)
(0.0234317 0 0.000882873)
(0.0233372 0 0.000583915)
(0.0232905 0 0.0003756)
(0.0232901 0 0.000251255)
(0.0233156 0 0.000181979)
(0.00159452 0 0.000313715)
(0.00459594 0 0.000908857)
(0.00725474 0 0.00144505)
(0.0096081 0 0.00193174)
(0.0116896 0 0.0023763)
(0.0135287 0 0.0027841)
(0.0151513 0 0.00315867)
(0.0165802 0 0.00350196)
(0.0178356 0 0.0038145)
(0.0189352 0 0.00409559)
(0.0198949 0 0.00434298)
(0.0207288 0 0.00455305)
(0.0214491 0 0.00472096)
(0.0220666 0 0.00484079)
(0.0225907 0 0.00490573)
(0.0230296 0 0.0049084)
(0.0233906 0 0.00484133)
(0.0236796 0 0.00469774)
(0.0239018 0 0.00447254)
(0.0240617 0 0.00416369)
(0.0241631 0 0.00377393)
(0.0242102 0 0.00331265)
(0.0242079 0 0.00279759)
(0.0241633 0 0.00225587)
(0.0240869 0 0.00172338)
(0.0239923 0 0.00124145)
(0.0238949 0 0.000850493)
(0.0238078 0 0.000582109)
(0.0237375 0 0.000454345)
(0.0236886 0 0.000463539)
(0.00159107 0 0.000369027)
(0.0045861 0 0.00106916)
(0.00723952 0 0.00170016)
(0.00958857 0 0.00227328)
(0.0116668 0 0.00279734)
(0.0135039 0 0.00327884)
(0.0151257 0 0.00372218)
(0.0165553 0 0.00412994)
(0.017813 0 0.00450305)
(0.0189169 0 0.00484092)
(0.0198832 0 0.00514133)
(0.0207263 0 0.00540055)
(0.021459 0 0.00561342)
(0.0220928 0 0.0057735)
(0.0226378 0 0.00587318)
(0.0231032 0 0.00590395)
(0.023497 0 0.00585682)
(0.0238261 0 0.00572299)
(0.0240963 0 0.00549479)
(0.0243122 0 0.00516716)
(0.0244774 0 0.0047395)
(0.0245938 0 0.0042182)
(0.0246626 0 0.00361931)
(0.0246847 0 0.00297101)
(0.0246613 0 0.00231455)
(0.0245958 0 0.00170167)
(0.0244954 0 0.00118628)
(0.0243743 0 0.000808762)
(0.0242596 0 0.000574464)
(0.0241973 0 0.000445412)
(0.00158699 0 0.000423431)
(0.00457446 0 0.00122685)
(0.0072215 0 0.00195121)
(0.00956538 0 0.00260959)
(0.0116397 0 0.00321231)
(0.0134742 0 0.00376703)
(0.0150948 0 0.0042791)
(0.0165247 0 0.00475182)
(0.0177845 0 0.00518663)
(0.0188926 0 0.00558327)
(0.0198654 0 0.00593976)
(0.0207178 0 0.0062525)
(0.0214631 0 0.00651629)
(0.0221135 0 0.00672449)
(0.0226799 0 0.00686902)
(0.0231724 0 0.00694057)
(0.0235999 0 0.00692889)
(0.0239705 0 0.00682319)
(0.0242909 0 0.00661303)
(0.0245662 0 0.00628945)
(0.0247999 0 0.00584698)
(0.0249924 0 0.00528638)
(0.0251414 0 0.00461833)
(0.0252416 0 0.00386785)
(0.0252851 0 0.00307809)
(0.0252644 0 0.00231108)
(0.0251774 0 0.00164159)
(0.0250333 0 0.00114065)
(0.024859 0 0.00085067)
(0.0247093 0 0.000760653)
(0.00158227 0 0.000476772)
(0.00456095 0 0.00138148)
(0.00720056 0 0.00219749)
(0.00953836 0 0.00293973)
(0.011608 0 0.00362005)
(0.0134392 0 0.00424732)
(0.015058 0 0.0048279)
(0.0164878 0 0.00536589)
(0.0177493 0 0.00586341)
(0.0188611 0 0.0063207)
(0.01984 0 0.00673626)
(0.0207011 0 0.00710685)
(0.0214585 0 0.00742758)
(0.0221249 0 0.00769198)
(0.022712 0 0.00789195)
(0.0232308 0 0.00801787)
(0.0236913 0 0.00805867)
(0.0241027 0 0.00800205)
(0.0244731 0 0.00783492)
(0.0248087 0 0.00754421)
(0.0251136 0 0.00711838)
(0.0253881 0 0.00655007)
(0.0256282 0 0.00584027)
(0.0258236 0 0.00500452)
(0.0259586 0 0.00408074)
(0.0260147 0 0.0031361)
(0.025979 0 0.00226727)
(0.0258594 0 0.00158493)
(0.0257016 0 0.00117601)
(0.0255952 0 0.00104951)
(0.00157686 0 0.0005289)
(0.0045455 0 0.00153262)
(0.00717656 0 0.00243831)
(0.00950734 0 0.00326277)
(0.0115715 0 0.00401938)
(0.0133986 0 0.00471831)
(0.0150149 0 0.00536695)
(0.0164439 0 0.00597033)
(0.0177064 0 0.00653133)
(0.0188212 0 0.00705092)
(0.0198053 0 0.00752825)
(0.0206743 0 0.00796075)
(0.0214426 0 0.00834418)
(0.0221235 0 0.00867264)
(0.0227294 0 0.00893856)
(0.0232722 0 0.00913263)
(0.023763 0 0.00924372)
(0.0242124 0 0.00925883)
(0.0246297 0 0.00916304)
(0.0250232 0 0.00893974)
(0.0253987 0 0.00857126)
(0.0257585 0 0.00804061)
(0.0260992 0 0.00733499)
(0.0264094 0 0.00645266)
(0.0266679 0 0.00541439)
(0.0268444 0 0.00427891)
(0.0269084 0 0.00315673)
(0.0268507 0 0.0022045)
(0.026719 0 0.00157109)
(0.0266336 0 0.00129391)
(0.00157076 0 0.000579638)
(0.00452804 0 0.00167974)
(0.00714942 0 0.00267283)
(0.00947214 0 0.00357757)
(0.0115298 0 0.00440889)
(0.0133521 0 0.00517825)
(0.0149652 0 0.00589419)
(0.0163925 0 0.00656269)
(0.0176551 0 0.00718756)
(0.0187719 0 0.00777061)
(0.0197601 0 0.00831188)
(0.0206355 0 0.00880971)
(0.0214129 0 0.00926083)
(0.022106 0 0.00966038)
(0.0227278 0 0.0100019)
(0.023291 0 0.010277)
(0.0238075 0 0.0104756)
(0.0242892 0 0.0105852)
(0.0247472 0 0.0105905)
(0.0251918 0 0.0104731)
(0.0256321 0 0.0102108)
(0.026074 0 0.00977782)
(0.0265187 0 0.00914591)
(0.0269589 0 0.00828921)
(0.027374 0 0.00719588)
(0.0277253 0 0.00589137)
(0.0279561 0 0.00447553)
(0.0280084 0 0.00315921)
(0.0278681 0 0.00224073)
(0.0276442 0 0.00190045)
(0.00156393 0 0.000628822)
(0.00450849 0 0.00182238)
(0.00711899 0 0.00290029)
(0.0094326 0 0.00388309)
(0.0114828 0 0.00478724)
(0.0132993 0 0.00562555)
(0.0149082 0 0.00640768)
(0.016333 0 0.00714069)
(0.0175947 0 0.00782935)
(0.0187122 0 0.0084765)
(0.019703 0 0.00908321)
(0.0205831 0 0.00964895)
(0.0213672 0 0.0101717)
(0.0220695 0 0.0106482)
(0.0227035 0 0.0110733)
(0.0232821 0 0.0114408)
(0.0238181 0 0.0117423)
(0.0243242 0 0.0119674)
(0.0248131 0 0.0121027)
(0.0252974 0 0.0121307)
(0.0257894 0 0.0120286)
(0.0263006 0 0.0117662)
(0.02684 0 0.0113037)
(0.0274114 0 0.0105909)
(0.0280063 0 0.00957122)
(0.0285931 0 0.00820084)
(0.0291026 0 0.00650004)
(0.029426 0 0.00466193)
(0.0294726 0 0.00319903)
(0.0293717 0 0.00284539)
(0.00155636 0 0.000676276)
(0.0044868 0 0.00196001)
(0.0070852 0 0.00311986)
(0.00938859 0 0.00417818)
(0.0114304 0 0.00515296)
(0.0132401 0 0.00605834)
(0.0148438 0 0.00690516)
(0.016265 0 0.00770157)
(0.0175246 0 0.00845339)
(0.0186415 0 0.00916455)
(0.0196332 0 0.00983729)
(0.0205157 0 0.0104724)
(0.0213039 0 0.0110694)
(0.022012 0 0.0116266)
(0.0226536 0 0.0121413)
(0.0232418 0 0.0126094)
(0.0237897 0 0.0130258)
(0.0243105 0 0.0133833)
(0.0248176 0 0.0136726)
(0.0253253 0 0.013881)
(0.0258486 0 0.0139904)
(0.0264038 0 0.0139745)
(0.0270093 0 0.0137936)
(0.027684 0 0.0133876)
(0.0284448 0 0.0126658)
(0.0292951 0 0.0114978)
(0.0301956 0 0.00972267)
(0.0310065 0 0.00722611)
(0.031437 0 0.00418739)
(0.03116 0 0.00163629)
(0.00154797 0 0.000721882)
(0.0044628 0 0.0020923)
(0.00704783 0 0.00333106)
(0.00933985 0 0.0044622)
(0.0113721 0 0.00550525)
(0.013174 0 0.00647565)
(0.0147715 0 0.00738542)
(0.0161879 0 0.00824382)
(0.0174441 0 0.00905777)
(0.0185589 0 0.00983234)
(0.0195497 0 0.010571)
(0.0204323 0 0.011276)
(0.0212217 0 0.0119485)
(0.0219318 0 0.0125888)
(0.022576 0 0.0131965)
(0.0231675 0 0.0137707)
(0.023719 0 0.0143097)
(0.0242434 0 0.0148113)
(0.0247542 0 0.0152721)
(0.0252655 0 0.0156874)
(0.0257933 0 0.0160497)
(0.0263557 0 0.0163468)
(0.0269761 0 0.0165576)
(0.0276851 0 0.0166448)
(0.0285262 0 0.0165407)
(0.0295609 0 0.016119)
(0.0308686 0 0.01515)
(0.0325097 0 0.0132661)
(0.0343776 0 0.0101443)
(0.0358047 0 0.00601376)
(0.00153876 0 0.000765551)
(0.00443647 0 0.00221901)
(0.00700684 0 0.00353348)
(0.00928629 0 0.00473461)
(0.0113079 0 0.00584337)
(0.0131008 0 0.00687651)
(0.0146909 0 0.00784725)
(0.0161014 0 0.00876592)
(0.0173528 0 0.00964054)
(0.018464 0 0.0104773)
(0.0194519 0 0.0112811)
(0.0203323 0 0.0120554)
(0.0211198 0 0.0128032)
(0.0218281 0 0.0135269)
(0.0224702 0 0.0142286)
(0.0230585 0 0.0149105)
(0.0236052 0 0.0155749)
(0.0241222 0 0.016225)
(0.0246218 0 0.0168645)
(0.0251165 0 0.0174983)
(0.0256199 0 0.0181329)
(0.0261474 0 0.0187773)
(0.0267184 0 0.0194426)
(0.027359 0 0.020144)
(0.0281086 0 0.0209036)
(0.0290345 0 0.0217531)
(0.030263 0 0.0227371)
(0.0320333 0 0.0239001)
(0.0346853 0 0.0252067)
(0.0381456 0 0.0266626)
(0.0188263 0 -0.000182)
(0.0207989 0 -9.42534e-05)
(0.0219625 0 -2.40883e-05)
(0.0225515 0 2.30599e-05)
(0.0228299 0 5.89126e-05)
(0.0229293 0 9.07998e-05)
(0.0229055 0 0.000121927)
(0.0227857 0 0.000153151)
(0.0225861 0 0.000184091)
(0.0223187 0 0.0002138)
(0.0219927 0 0.000241177)
(0.0216147 0 0.000265225)
(0.0211893 0 0.000285179)
(0.0207183 0 0.00030056)
(0.0202016 0 0.000311159)
(0.0196366 0 0.00031699)
(0.0190191 0 0.000318231)
(0.0183428 0 0.000315164)
(0.0176002 0 0.000308121)
(0.0167818 0 0.000297441)
(0.0158772 0 0.000283444)
(0.0148744 0 0.000266413)
(0.0137605 0 0.000246663)
(0.0125172 0 0.000224958)
(0.0111275 0 0.000199469)
(0.00957601 0 0.000170929)
(0.00784133 0 0.000139304)
(0.00590007 0 0.000104342)
(0.00372623 0 6.56404e-05)
(0.00129006 0 2.26526e-05)
(0.0247523 0 -0.00020912)
(0.0235941 0 -0.000118761)
(0.0231051 0 -4.19764e-06)
(0.0230267 0 9.81926e-05)
(0.0230461 0 0.000190579)
(0.0230356 0 0.000280294)
(0.0229577 0 0.000371401)
(0.0228069 0 0.000464269)
(0.0225877 0 0.000556815)
(0.0223076 0 0.000645771)
(0.0219734 0 0.000727659)
(0.0215907 0 0.000799433)
(0.0211629 0 0.000858822)
(0.0206913 0 0.000904427)
(0.0201751 0 0.000935667)
(0.0196114 0 0.000952624)
(0.0189956 0 0.000955861)
(0.0183214 0 0.00094624)
(0.0175807 0 0.000924765)
(0.0167644 0 0.000892452)
(0.0158617 0 0.000850246)
(0.0148605 0 0.000798971)
(0.0137474 0 0.000739394)
(0.0125057 0 0.000672683)
(0.0111186 0 0.000596284)
(0.00956886 0 0.000510966)
(0.00783574 0 0.000416458)
(0.00589602 0 0.000311963)
(0.00372377 0 0.000196273)
(0.00128924 0 6.77413e-05)
(0.0237205 0 -7.11304e-05)
(0.0236952 0 1.41897e-05)
(0.0235174 0 0.000120239)
(0.0233824 0 0.000236037)
(0.023286 0 0.000361518)
(0.0231803 0 0.000497844)
(0.023034 0 0.000644136)
(0.0228352 0 0.000796766)
(0.0225827 0 0.000950048)
(0.0222801 0 0.00109744)
(0.0219314 0 0.0012327)
(0.0215402 0 0.00135065)
(0.0211085 0 0.00144758)
(0.0206362 0 0.00152133)
(0.0201214 0 0.00157109)
(0.0195607 0 0.00159714)
(0.0189485 0 0.00160052)
(0.0182783 0 0.00158271)
(0.0175418 0 0.00154541)
(0.0167295 0 0.00149031)
(0.0158306 0 0.00141896)
(0.0148329 0 0.00133266)
(0.0137228 0 0.00123245)
(0.0124844 0 0.00111906)
(0.0111009 0 0.000991434)
(0.00955442 0 0.000849413)
(0.00782439 0 0.000692249)
(0.00588774 0 0.000518539)
(0.00371866 0 0.000326243)
(0.0012875 0 0.000112602)
(0.0238284 0 0.000286472)
(0.0238451 0 0.000275124)
(0.0237718 0 0.000326564)
(0.023646 0 0.000432374)
(0.023495 0 0.000578337)
(0.0233173 0 0.000754922)
(0.0231044 0 0.000953675)
(0.0228517 0 0.00116499)
(0.0225589 0 0.00137818)
(0.022228 0 0.00158268)
(0.0218613 0 0.00176915)
(0.02146 0 0.00193036)
(0.0210242 0 0.00206138)
(0.020552 0 0.00215957)
(0.0200403 0 0.00222415)
(0.0194843 0 0.0022558)
(0.018878 0 0.00225617)
(0.0182141 0 0.00222744)
(0.0174838 0 0.00217201)
(0.0166776 0 0.00209225)
(0.0157845 0 0.00199025)
(0.0147921 0 0.00186774)
(0.0136868 0 0.00172601)
(0.0124533 0 0.00156571)
(0.0110747 0 0.00138636)
(0.00953293 0 0.00118737)
(0.00780744 0 0.000967458)
(0.00587536 0 0.000724586)
(0.003711 0 0.00045584)
(0.00128488 0 0.000157326)
(0.0240695 0 0.000488123)
(0.024066 0 0.000483117)
(0.023997 0 0.00054068)
(0.0238559 0 0.00066006)
(0.0236588 0 0.000834297)
(0.0234187 0 0.00105424)
(0.0231429 0 0.00130738)
(0.022836 0 0.00157847)
(0.0225014 0 0.00185145)
(0.0221414 0 0.00211136)
(0.0217565 0 0.00234591)
(0.0213459 0 0.00254609)
(0.0209075 0 0.00270623)
(0.0204376 0 0.00282364)
(0.0199313 0 0.00289797)
(0.0193826 0 0.00293053)
(0.0187845 0 0.00292374)
(0.0181291 0 0.00288056)
(0.0174074 0 0.0028041)
(0.0166093 0 0.00269735)
(0.0157237 0 0.00256292)
(0.0147385 0 0.00240288)
(0.0136399 0 0.00221872)
(0.0124127 0 0.00201111)
(0.0110404 0 0.00177974)
(0.00950459 0 0.00152367)
(0.00778505 0 0.00124113)
(0.00585898 0 0.000929377)
(0.00370087 0 0.000584609)
(0.00128142 0 0.00020176)
(0.0243524 0 0.000539784)
(0.0243129 0 0.000650506)
(0.0242082 0 0.000763882)
(0.0240236 0 0.000917567)
(0.0237694 0 0.00113151)
(0.023465 0 0.00140301)
(0.0231274 0 0.00171652)
(0.0227686 0 0.00205083)
(0.022395 0 0.00238409)
(0.0220088 0 0.00269716)
(0.0216093 0 0.00297524)
(0.0211931 0 0.00320833)
(0.0207558 0 0.00339074)
(0.0202916 0 0.00352039)
(0.019794 0 0.00359777)
(0.0192556 0 0.00362519)
(0.0186685 0 0.00360597)
(0.0180241 0 0.0035439)
(0.0173131 0 0.00344279)
(0.0165251 0 0.00330619)
(0.0156491 0 0.00313713)
(0.0146726 0 0.00293796)
(0.0135822 0 0.00271028)
(0.0123629 0 0.00245475)
(0.0109981 0 0.00217102)
(0.00946964 0 0.00185781)
(0.00775739 0 0.00151281)
(0.00583872 0 0.00113256)
(0.00368832 0 0.000712318)
(0.00127712 0 0.000245821)
(0.0245676 0 0.00104214)
(0.0245255 0 0.000993302)
(0.0243811 0 0.0010544)
(0.0241341 0 0.00122024)
(0.0238083 0 0.00147869)
(0.0234338 0 0.00181241)
(0.0230357 0 0.00219552)
(0.02263 0 0.00259811)
(0.0222243 0 0.00299205)
(0.0218196 0 0.00335454)
(0.0214125 0 0.00366949)
(0.0209973 0 0.00392708)
(0.0205668 0 0.0041227)
(0.0201132 0 0.00425563)
(0.0196283 0 0.00432777)
(0.0191037 0 0.00434268)
(0.0185307 0 0.00430473)
(0.0178999 0 0.00421853)
(0.0172018 0 0.00408857)
(0.016426 0 0.00391882)
(0.0155611 0 0.00371264)
(0.0145951 0 0.00347254)
(0.0135144 0 0.00320013)
(0.0123042 0 0.00289598)
(0.0109482 0 0.00255956)
(0.00942837 0 0.00218918)
(0.00772467 0 0.00178197)
(0.00581471 0 0.00133372)
(0.00367343 0 0.000838704)
(0.00127203 0 0.000289417)
(0.0248236 0 0.00113296)
(0.0247216 0 0.00120048)
(0.0244972 0 0.00133077)
(0.0241593 0 0.00155408)
(0.0237455 0 0.00188251)
(0.0232966 0 0.00229782)
(0.0228429 0 0.00276367)
(0.0224008 0 0.00324029)
(0.0219753 0 0.00369363)
(0.0215641 0 0.00409898)
(0.0211604 0 0.00444089)
(0.0207553 0 0.00471154)
(0.0203391 0 0.00490869)
(0.0199022 0 0.00503387)
(0.0194351 0 0.00509087)
(0.0189282 0 0.00508471)
(0.0183723 0 0.00502086)
(0.0177578 0 0.0049047)
(0.0170748 0 0.00474123)
(0.0163129 0 0.00453475)
(0.0154609 0 0.00428876)
(0.0145067 0 0.00400582)
(0.013437 0 0.00368742)
(0.0122372 0 0.00333395)
(0.0108912 0 0.00294454)
(0.00938108 0 0.00251706)
(0.00768712 0 0.00204803)
(0.00578712 0 0.00153241)
(0.00365631 0 0.000963474)
(0.00126617 0 0.000332448)
(0.0249358 0 0.00134554)
(0.0248119 0 0.0014846)
(0.0244978 0 0.00165674)
(0.0240478 0 0.00194268)
(0.0235359 0 0.00236433)
(0.0230172 0 0.00288525)
(0.0225222 0 0.00344889)
(0.0220622 0 0.00400328)
(0.0216361 0 0.00451045)
(0.0212356 0 0.00494702)
(0.0208496 0 0.0053013)
(0.0204661 0 0.0055697)
(0.0200733 0 0.00575377)
(0.01966 0 0.00585804)
(0.0192158 0 0.00588852)
(0.0187307 0 0.00585174)
(0.0181951 0 0.00575417)
(0.0175992 0 0.00560179)
(0.0169333 0 0.00539991)
(0.016187 0 0.00515297)
(0.0153493 0 0.00486444)
(0.0144082 0 0.00453674)
(0.0133507 0 0.00417113)
(0.0121624 0 0.00376767)
(0.0108274 0 0.00332508)
(0.00932814 0 0.00284068)
(0.007645 0 0.00231032)
(0.00575613 0 0.00172812)
(0.00363705 0 0.00108632)
(0.00125956 0 0.000374806)
(0.0249999 0 0.00210582)
(0.0247973 0 0.00197597)
(0.0243241 0 0.00205408)
(0.0237292 0 0.002401)
(0.0231208 0 0.00295484)
(0.0225538 0 0.00361487)
(0.0220471 0 0.00429081)
(0.0215993 0 0.00492015)
(0.0211991 0 0.0054671)
(0.0208312 0 0.00591543)
(0.0204802 0 0.00626123)
(0.0201313 0 0.00650753)
(0.0197715 0 0.00666083)
(0.019389 0 0.00672906)
(0.018973 0 0.00672044)
(0.0185135 0 0.00664281)
(0.0180011 0 0.00650334)
(0.0174262 0 0.00630832)
(0.0167791 0 0.00606311)
(0.0160498 0 0.00577201)
(0.0152276 0 0.00543826)
(0.0143006 0 0.00506398)
(0.0132563 0 0.00465004)
(0.0120804 0 0.00419605)
(0.0107574 0 0.00370021)
(0.00926992 0 0.00315921)
(0.00759859 0 0.00256817)
(0.00572192 0 0.00192036)
(0.00361576 0 0.00120691)
(0.00125226 0 0.000416381)
(0.0251822 0 0.00220198)
(0.0245973 0 0.00214829)
(0.0238418 0 0.00234869)
(0.0230953 0 0.00291411)
(0.0224303 0 0.00370192)
(0.0218676 0 0.00454786)
(0.0213997 0 0.00534196)
(0.0210066 0 0.00602838)
(0.0206656 0 0.00658696)
(0.0203555 0 0.00701682)
(0.0200576 0 0.00732604)
(0.0197565 0 0.00752591)
(0.0194391 0 0.0076282)
(0.0190939 0 0.00764399)
(0.0187107 0 0.00758316)
(0.0182802 0 0.00745436)
(0.0177933 0 0.00726495)
(0.017241 0 0.00702113)
(0.0166141 0 0.00672794)
(0.0159029 0 0.00638929)
(0.015097 0 0.00600795)
(0.0141851 0 0.00558552)
(0.0131547 0 0.00512237)
(0.011992 0 0.00461754)
(0.0106818 0 0.00406861)
(0.00920685 0 0.00347154)
(0.0075482 0 0.0028207)
(0.0056847 0 0.00210847)
(0.00359255 0 0.00132486)
(0.00124429 0 0.000457035)
(0.0239963 0 0.00246327)
(0.0235024 0 0.0020974)
(0.0227264 0 0.00258216)
(0.0219904 0 0.0035973)
(0.0213922 0 0.00474135)
(0.0209312 0 0.00579704)
(0.0205756 0 0.00667987)
(0.0202903 0 0.00737461)
(0.0200458 0 0.00789471)
(0.0198188 0 0.00826207)
(0.0195915 0 0.00849863)
(0.0193499 0 0.00862352)
(0.0190827 0 0.0086526)
(0.0187801 0 0.0085988)
(0.0184333 0 0.00847262)
(0.0180342 0 0.00828258)
(0.0175745 0 0.0080356)
(0.017046 0 0.00773725)
(0.0164402 0 0.00739185)
(0.0157478 0 0.0070026)
(0.0149589 0 0.00657158)
(0.0140625 0 0.00609973)
(0.0130466 0 0.00558673)
(0.0118977 0 0.00503096)
(0.0106009 0 0.00442929)
(0.0091393 0 0.00377682)
(0.00749407 0 0.00306723)
(0.0056446 0 0.00229195)
(0.0035675 0 0.00143983)
(0.00123567 0 0.000496656)
(0.0222788 0 -0.000308976)
(0.0216519 0 0.000938266)
(0.0209208 0 0.00287797)
(0.0203638 0 0.00477117)
(0.019997 0 0.00633345)
(0.0197613 0 0.00752482)
(0.0196015 0 0.00839132)
(0.0194775 0 0.00899863)
(0.019363 0 0.00940424)
(0.0192402 0 0.00965204)
(0.0190966 0 0.00977403)
(0.0189227 0 0.0097933)
(0.018711 0 0.00972668)
(0.0184543 0 0.00958671)
(0.018146 0 0.00938286)
(0.0177795 0 0.00912243)
(0.0173479 0 0.00881109)
(0.0168438 0 0.00845318)
(0.0162594 0 0.00805195)
(0.0155861 0 0.00760957)
(0.0148145 0 0.00712722)
(0.0139339 0 0.00660497)
(0.0129328 0 0.00604174)
(0.0117982 0 0.00543517)
(0.0105154 0 0.00478133)
(0.00906767 0 0.00407428)
(0.00743644 0 0.00330712)
(0.00560179 0 0.00247032)
(0.00354069 0 0.00155155)
(0.00122644 0 0.000535143)
(0.0197599 0 -0.00212029)
(0.0187524 0 0.00145077)
(0.0183317 0 0.00484312)
(0.0182578 0 0.00727444)
(0.0183355 0 0.00886832)
(0.0184478 0 0.00988993)
(0.0185507 0 0.0105243)
(0.0186237 0 0.0109006)
(0.0186578 0 0.0110978)
(0.0186489 0 0.0111643)
(0.018594 0 0.0111305)
(0.0184904 0 0.0110161)
(0.0183353 0 0.0108343)
(0.0181249 0 0.0105944)
(0.0178552 0 0.010303)
(0.0175211 0 0.00996501)
(0.0171173 0 0.00958415)
(0.0166373 0 0.00916302)
(0.0160741 0 0.00870339)
(0.0154197 0 0.00820621)
(0.0146652 0 0.00767154)
(0.0138005 0 0.0070985)
(0.0128143 0 0.00648514)
(0.0116941 0 0.00582828)
(0.0104258 0 0.00512325)
(0.00899248 0 0.00436265)
(0.00737563 0 0.00353938)
(0.00555648 0 0.00264288)
(0.00351226 0 0.00165956)
(0.00121664 0 0.00057235)
(0.0111172 0 0.00885557)
(0.0131326 0 0.0098243)
(0.01474 0 0.0111661)
(0.0158326 0 0.0121331)
(0.0165939 0 0.0126851)
(0.0171359 0 0.0129599)
(0.0175234 0 0.0130577)
(0.0177957 0 0.0130379)
(0.0179753 0 0.0129332)
(0.0180758 0 0.0127629)
(0.0181052 0 0.0125389)
(0.0180683 0 0.0122687)
(0.0179666 0 0.011957)
(0.0178001 0 0.0116072)
(0.0175668 0 0.0112213)
(0.0172636 0 0.0108011)
(0.0168862 0 0.0103473)
(0.0164292 0 0.00986072)
(0.0158864 0 0.00934127)
(0.0152503 0 0.0087885)
(0.0145124 0 0.00820124)
(0.0136633 0 0.00757759)
(0.0126919 0 0.00691464)
(0.0115862 0 0.00620838)
(0.0103328 0 0.00545368)
(0.00891388 0 0.00464198)
(0.00731151 0 0.00376402)
(0.00550857 0 0.00280963)
(0.0034821 0 0.00176385)
(0.00120621 0 0.000608255)
(0.00152863 0 0.0008079)
(0.00440748 0 0.00234184)
(0.00696151 0 0.00372945)
(0.00922697 0 0.00499849)
(0.0112365 0 0.00617103)
(0.0130192 0 0.00726518)
(0.0146007 0 0.00829529)
(0.0160039 0 0.00927277)
(0.0172491 0 0.0102067)
(0.0183549 0 0.0111045)
(0.019338 0 0.0119721)
(0.0202138 0 0.0128146)
(0.0209966 0 0.0136365)
(0.0216994 0 0.0144423)
(0.0223346 0 0.0152364)
(0.0229138 0 0.016024)
(0.0234479 0 0.0168114)
(0.0239474 0 0.0176066)
(0.0244222 0 0.0184199)
(0.0248818 0 0.0192654)
(0.0253351 0 0.0201627)
(0.0257904 0 0.0211391)
(0.0262548 0 0.0222348)
(0.0267326 0 0.0235111)
(0.0272205 0 0.025066)
(0.0276935 0 0.0270602)
(0.0280669 0 0.0297582)
(0.0281108 0 0.0335561)
(0.0273377 0 0.0388331)
(0.025036 0 0.045459)
(0.00151735 0 0.000848956)
(0.00437523 0 0.00246098)
(0.00691116 0 0.00391965)
(0.00916073 0 0.00525422)
(0.0111566 0 0.00648862)
(0.0129276 0 0.00764197)
(0.0144991 0 0.00872974)
(0.0158935 0 0.00976433)
(0.017131 0 0.0107559)
(0.0182297 0 0.0117128)
(0.0192059 0 0.0126422)
(0.0200747 0 0.0135505)
(0.0208497 0 0.0144437)
(0.0215434 0 0.0153279)
(0.0221673 0 0.0162097)
(0.0227318 0 0.0170967)
(0.0232465 0 0.0179982)
(0.0237197 0 0.0189259)
(0.0241586 0 0.0198949)
(0.0245688 0 0.0209253)
(0.0249536 0 0.0220438)
(0.0253127 0 0.0232869)
(0.02564 0 0.0247053)
(0.0259191 0 0.0263696)
(0.0261144 0 0.0283757)
(0.0261562 0 0.0308461)
(0.025919 0 0.0339077)
(0.025206 0 0.0376139)
(0.0237698 0 0.0417863)
(0.0212877 0 0.0459609)
(0.00150483 0 0.000888062)
(0.00433949 0 0.00257449)
(0.00685581 0 0.00410133)
(0.00908783 0 0.00549851)
(0.011068 0 0.00679122)
(0.0128258 0 0.00800103)
(0.0143858 0 0.00914372)
(0.01577 0 0.0102327)
(0.0169982 0 0.0112789)
(0.018088 0 0.0122917)
(0.0190555 0 0.0132793)
(0.019915 0 0.0142491)
(0.0206796 0 0.0152084)
(0.0213609 0 0.0161644)
(0.0219696 0 0.0171254)
(0.0225149 0 0.0181004)
(0.0230047 0 0.0191008)
(0.0234452 0 0.0201401)
(0.023841 0 0.0212353)
(0.0241939 0 0.0224081)
(0.0245024 0 0.0236861)
(0.0247594 0 0.025104)
(0.0249503 0 0.0267053)
(0.0250489 0 0.0285413)
(0.0250113 0 0.0306663)
(0.0247704 0 0.0331224)
(0.024232 0 0.0359059)
(0.0232806 0 0.0389138)
(0.0217843 0 0.0418874)
(0.019542 0 0.0443696)
(0.00149095 0 0.000924867)
(0.00429994 0 0.00268136)
(0.00679461 0 0.00427248)
(0.00900747 0 0.00572891)
(0.0109703 0 0.00707657)
(0.0127132 0 0.00833888)
(0.0142603 0 0.00953326)
(0.0156328 0 0.0106731)
(0.0168501 0 0.0117703)
(0.0179294 0 0.012835)
(0.0188862 0 0.0138762)
(0.0197343 0 0.014902)
(0.020486 0 0.0159206)
(0.0211524 0 0.0169401)
(0.0217428 0 0.0179695)
(0.0222654 0 0.0190188)
(0.0227266 0 0.0200996)
(0.0231307 0 0.0212257)
(0.0234801 0 0.0224135)
(0.0237737 0 0.0236828)
(0.0240067 0 0.0250565)
(0.0241686 0 0.0265608)
(0.0242417 0 0.0282235)
(0.0241994 0 0.030069)
(0.0240034 0 0.0321105)
(0.0236037 0 0.0343337)
(0.0229411 0 0.0366747)
(0.021953 0 0.0389939)
(0.0205787 0 0.0410515)
(0.0187746 0 0.0424645)
(0.00147562 0 0.000959004)
(0.00425622 0 0.0027805)
(0.00672689 0 0.00443132)
(0.00891873 0 0.0059427)
(0.0108629 0 0.00734188)
(0.0125893 0 0.00865304)
(0.0141218 0 0.00989455)
(0.0154812 0 0.0110814)
(0.0166861 0 0.0122252)
(0.0177534 0 0.013337)
(0.0186978 0 0.0144262)
(0.0195326 0 0.0155016)
(0.0202695 0 0.0165717)
(0.0209187 0 0.017645)
(0.0214887 0 0.0187306)
(0.0219864 0 0.0198385)
(0.0224171 0 0.0209796)
(0.0227838 0 0.0221665)
(0.023087 0 0.023413)
(0.0233242 0 0.0247344)
(0.023489 0 0.0261465)
(0.0235705 0 0.0276646)
(0.023552 0 0.0293)
(0.0234114 0 0.0310548)
(0.0231205 0 0.0329143)
(0.0226471 0 0.0348365)
(0.021959 0 0.03674)
(0.0210292 0 0.038493)
(0.019846 0 0.0399047)
(0.0184443 0 0.0407164)
(0.00145875 0 0.000990111)
(0.00420808 0 0.00287085)
(0.00665197 0 0.00457596)
(0.00882088 0 0.00613743)
(0.010745 0 0.00758386)
(0.0124538 0 0.00894019)
(0.0139702 0 0.0102246)
(0.0153149 0 0.0114531)
(0.016506 0 0.0126386)
(0.0175597 0 0.0137921)
(0.0184902 0 0.0149232)
(0.0193102 0 0.0160408)
(0.0200308 0 0.0171535)
(0.0206614 0 0.01827)
(0.0212097 0 0.0193988)
(0.0216818 0 0.0205491)
(0.022082 0 0.0217303)
(0.0224123 0 0.0229526)
(0.0226725 0 0.0242263)
(0.0228595 0 0.0255612)
(0.0229673 0 0.0269658)
(0.0229858 0 0.028445)
(0.0229024 0 0.0299969)
(0.0227007 0 0.0316088)
(0.0223627 0 0.0332518)
(0.0218707 0 0.0348751)
(0.0212113 0 0.0364003)
(0.0203806 0 0.0377193)
(0.0193925 0 0.0386957)
(0.0183018 0 0.0391745)
(0.00144044 0 0.00101781)
(0.00415563 0 0.0029512)
(0.00656932 0 0.004704)
(0.00871314 0 0.00631038)
(0.0106164 0 0.00779977)
(0.0123062 0 0.00919645)
(0.0138053 0 0.0105196)
(0.0151339 0 0.011785)
(0.0163097 0 0.0130062)
(0.0173484 0 0.0141948)
(0.0182639 0 0.015361)
(0.019068 0 0.0165128)
(0.0197713 0 0.0176591)
(0.0203825 0 0.0188076)
(0.0209087 0 0.0199664)
(0.0213556 0 0.021143)
(0.0217266 0 0.0223451)
(0.0220235 0 0.02358)
(0.0222459 0 0.0248539)
(0.0223911 0 0.0261716)
(0.0224541 0 0.0275348)
(0.0224274 0 0.0289407)
(0.0223023 0 0.0303786)
(0.0220686 0 0.031828)
(0.021717 0 0.0332551)
(0.0212402 0 0.0346105)
(0.020637 0 0.0358278)
(0.0199155 0 0.0368256)
(0.0190992 0 0.0375134)
(0.0182386 0 0.0378035)
(0.00142051 0 0.00104162)
(0.00409868 0 0.00302034)
(0.00648038 0 0.00481479)
(0.00859699 0 0.00646045)
(0.0104771 0 0.00798699)
(0.0121463 0 0.00941866)
(0.0136268 0 0.0107751)
(0.0149382 0 0.0120723)
(0.0160977 0 0.0133238)
(0.0171203 0 0.0145408)
(0.0180196 0 0.015734)
(0.018807 0 0.0169119)
(0.0194925 0 0.0180822)
(0.0200843 0 0.0192519)
(0.020589 0 0.0204277)
(0.0210119 0 0.0216158)
(0.0213563 0 0.0228216)
(0.0216239 0 0.0240494)
(0.0218147 0 0.025302)
(0.021927 0 0.0265797)
(0.0219574 0 0.0278791)
(0.0219013 0 0.0291922)
(0.0217536 0 0.0305038)
(0.0215097 0 0.0317905)
(0.0211661 0 0.0330192)
(0.0207232 0 0.034147)
(0.0201864 0 0.0351217)
(0.0195692 0 0.0358853)
(0.0188955 0 0.0363808)
(0.0182054 0 0.0365604)
(0.00139894 0 0.00106123)
(0.0040372 0 0.0030775)
(0.00638476 0 0.00490683)
(0.00847221 0 0.00658535)
(0.0103272 0 0.00814287)
(0.0119742 0 0.00960366)
(0.0134348 0 0.0109874)
(0.0147279 0 0.0123104)
(0.0158701 0 0.013586)
(0.016876 0 0.0148255)
(0.0177585 0 0.0160385)
(0.0185288 0 0.0172335)
(0.0191964 0 0.0184179)
(0.0197692 0 0.0195981)
(0.0202537 0 0.0207792)
(0.0206547 0 0.0219655)
(0.0209757 0 0.0231602)
(0.0212188 0 0.0243652)
(0.0213846 0 0.0255803)
(0.0214726 0 0.0268024)
(0.0214815 0 0.0280249)
(0.021409 0 0.0292369)
(0.0212535 0 0.0304216)
(0.0210142 0 0.0315559)
(0.0206922 0 0.0326105)
(0.020292 0 0.0335505)
(0.0198223 0 0.0343371)
(0.0192978 0 0.0349306)
(0.0187395 0 0.0352961)
(0.0181778 0 0.0354089)
(0.00137577 0 0.00107633)
(0.00397129 0 0.00312168)
(0.00628249 0 0.00497843)
(0.00833885 0 0.00668286)
(0.010167 0 0.00826478)
(0.0117904 0 0.00974838)
(0.0132298 0 0.0111533)
(0.0145035 0 0.0124957)
(0.0156276 0 0.0137888)
(0.0166162 0 0.0150437)
(0.0174818 0 0.0162695)
(0.0182351 0 0.0174741)
(0.0188852 0 0.0186636)
(0.01944 0 0.0198438)
(0.0199057 0 0.0210188)
(0.0202874 0 0.0221919)
(0.0205887 0 0.0233636)
(0.0208122 0 0.0245339)
(0.0209594 0 0.0257002)
(0.0210311 0 0.0268574)
(0.0210277 0 0.0279969)
(0.0209492 0 0.029107)
(0.0207965 0 0.030171)
(0.0205716 0 0.0311682)
(0.0202785 0 0.0320742)
(0.0199237 0 0.0328619)
(0.0195172 0 0.0335034)
(0.0190725 0 0.0339726)
(0.0186071 0 0.034249)
(0.0181434 0 0.0343204)
(0.00135107 0 0.00108657)
(0.00390112 0 0.00315192)
(0.00617373 0 0.005028)
(0.00819712 0 0.0067509)
(0.00999677 0 0.00835021)
(0.0115952 0 0.00984989)
(0.0130124 0 0.0112694)
(0.0142659 0 0.0126246)
(0.0153713 0 0.0139285)
(0.0163422 0 0.0151916)
(0.0171908 0 0.0164227)
(0.0179273 0 0.0176289)
(0.0185608 0 0.0188157)
(0.019099 0 0.0199876)
(0.019548 0 0.0211471)
(0.0199131 0 0.0222967)
(0.0201984 0 0.023436)
(0.0204071 0 0.024563)
(0.0205415 0 0.0256734)
(0.0206038 0 0.026761)
(0.0205955 0 0.0278166)
(0.0205187 0 0.0288287)
(0.0203761 0 0.029782)
(0.0201715 0 0.030659)
(0.0199105 0 0.0314401)
(0.0196003 0 0.0321051)
(0.0192508 0 0.0326348)
(0.0188739 0 0.0330124)
(0.0184834 0 0.0332264)
(0.0180962 0 0.033272)
(0.00132492 0 0.00109166)
(0.00382689 0 0.0031673)
(0.00605879 0 0.00505405)
(0.00804744 0 0.00678749)
(0.00981713 0 0.00839677)
(0.0113894 0 0.00990546)
(0.0127834 0 0.0113327)
(0.014016 0 0.0126938)
(0.0151022 0 0.0140016)
(0.0160554 0 0.015266)
(0.0168871 0 0.0164951)
(0.0176075 0 0.0176955)
(0.0182254 0 0.0188719)
(0.0187484 0 0.0200276)
(0.019183 0 0.0211646)
(0.0195344 0 0.0222833)
(0.0198074 0 0.0233828)
(0.0200056 0 0.0244603)
(0.0201323 0 0.025511)
(0.0201905 0 0.026528)
(0.0201833 0 0.0275019)
(0.0201137 0 0.0284225)
(0.0199858 0 0.0292766)
(0.0198046 0 0.0300497)
(0.0195761 0 0.0307267)
(0.0193079 0 0.0312933)
(0.0190089 0 0.0317363)
(0.0186892 0 0.0320457)
(0.0183598 0 0.0322156)
(0.0180332 0 0.0322453)
(0.00129743 0 0.00109129)
(0.00374889 0 0.00316697)
(0.0059381 0 0.0050552)
(0.00789037 0 0.0067908)
(0.00962876 0 0.00840224)
(0.0111738 0 0.00991254)
(0.0125438 0 0.0113403)
(0.0137549 0 0.0127005)
(0.0148218 0 0.0140051)
(0.0157572 0 0.0152639)
(0.0165725 0 0.0164842)
(0.0172775 0 0.0176718)
(0.017881 0 0.0188308)
(0.0183906 0 0.0199636)
(0.0188129 0 0.0210716)
(0.0191535 0 0.0221541)
(0.0194174 0 0.0232096)
(0.019609 0 0.0242342)
(0.0197322 0 0.0252233)
(0.0197908 0 0.0261703)
(0.0197888 0 0.027067)
(0.0197301 0 0.0279041)
(0.0196197 0 0.0286704)
(0.0194629 0 0.0293544)
(0.019266 0 0.0299452)
(0.0190361 0 0.0304324)
(0.0187813 0 0.0308078)
(0.0185099 0 0.0310655)
(0.0182308 0 0.0312032)
(0.0179525 0 0.0312223)
(0.00126872 0 0.0010852)
(0.00366749 0 0.00315014)
(0.00581221 0 0.0050302)
(0.00772664 0 0.00675913)
(0.00943256 0 0.00836456)
(0.0109495 0 0.00986878)
(0.0122948 0 0.0112897)
(0.0134842 0 0.0126419)
(0.0145316 0 0.0139366)
(0.0154495 0 0.0151829)
(0.0162488 0 0.0163877)
(0.0169393 0 0.0175561)
(0.0175298 0 0.0186915)
(0.0180277 0 0.0197958)
(0.0184398 0 0.0208694)
(0.0187721 0 0.0219115)
(0.0190299 0 0.0229198)
(0.019218 0 0.0238906)
(0.019341 0 0.024819)
(0.0194033 0 0.0256988)
(0.0194095 0 0.0265231)
(0.0193641 0 0.0272845)
(0.0192724 0 0.0279737)
(0.0191399 0 0.0285818)
(0.0189726 0 0.0291008)
(0.0187773 0 0.0295238)
(0.0185607 0 0.0298459)
(0.0183301 0 0.0300639)
(0.0180924 0 0.0301777)
(0.0178541 0 0.0301896)
(0.00123895 0 0.00107316)
(0.00358313 0 0.00311611)
(0.00568181 0 0.0049779)
(0.00755715 0 0.00669097)
(0.0092296 0 0.00828188)
(0.0107176 0 0.00977206)
(0.0120379 0 0.0111787)
(0.0132053 0 0.0125156)
(0.0142333 0 0.0137935)
(0.015134 0 0.0150208)
(0.015918 0 0.0162039)
(0.0165951 0 0.0173472)
(0.0171737 0 0.0184535)
(0.0176616 0 0.0195243)
(0.0180655 0 0.0205596)
(0.0183917 0 0.0215581)
(0.0186459 0 0.0225174)
(0.0188331 0 0.023434)
(0.0189585 0 0.0243032)
(0.0190269 0 0.0251197)
(0.0190432 0 0.0258774)
(0.0190124 0 0.026571)
(0.0189396 0 0.0271927)
(0.0188304 0 0.0277359)
(0.0186905 0 0.028195)
(0.0185259 0 0.0285658)
(0.0183426 0 0.0288454)
(0.0181466 0 0.0290327)
(0.0179435 0 0.0291288)
(0.0177386 0 0.0291367)
(0.00120832 0 0.00105495)
(0.00349634 0 0.00306427)
(0.0055477 0 0.00489728)
(0.00738291 0 0.0065849)
(0.00902114 0 0.00815247)
(0.0104798 0 0.00962041)
(0.0117747 0 0.0110051)
(0.01292 0 0.0123195)
(0.0139288 0 0.0135738)
(0.0148128 0 0.0147757)
(0.0155823 0 0.015931)
(0.0162468 0 0.0170437)
(0.0168149 0 0.0181162)
(0.0172942 0 0.0191494)
(0.0176918 0 0.0201431)
(0.0180139 0 0.0210959)
(0.0182664 0 0.0220054)
(0.0184549 0 0.0228682)
(0.0185846 0 0.0236804)
(0.0186606 0 0.0244372)
(0.0186881 0 0.0251346)
(0.0186722 0 0.0257675)
(0.0186179 0 0.02633)
(0.0185306 0 0.0268175)
(0.0184156 0 0.0272265)
(0.0182782 0 0.0275543)
(0.0181237 0 0.0277997)
(0.0179571 0 0.0279628)
(0.0177832 0 0.0280455)
(0.017606 0 0.0280509)
(0.00117704 0 0.0010304)
(0.00340772 0 0.00299405)
(0.00541078 0 0.0047874)
(0.00720511 0 0.00643965)
(0.00880856 0 0.00797476)
(0.0102375 0 0.00941203)
(0.0115068 0 0.0107669)
(0.0126303 0 0.0120515)
(0.0136202 0 0.0132754)
(0.0144879 0 0.0144457)
(0.0152436 0 0.0155676)
(0.0158966 0 0.0166446)
(0.0164554 0 0.0176788)
(0.0169276 0 0.0186709)
(0.0173202 0 0.0196204)
(0.0176398 0 0.0205259)
(0.0178923 0 0.0213853)
(0.0180835 0 0.0221956)
(0.0182188 0 0.0229532)
(0.0183034 0 0.0236545)
(0.0183427 0 0.0242965)
(0.0183416 0 0.0248749)
(0.018305 0 0.0253854)
(0.0182379 0 0.025825)
(0.0181453 0 0.0261915)
(0.0180319 0 0.0264836)
(0.0179024 0 0.0267011)
(0.0177611 0 0.0268449)
(0.0176118 0 0.0269174)
(0.017458 0 0.0269216)
(0.00114533 0 0.000999332)
(0.00331792 0 0.00290496)
(0.00527207 0 0.00464744)
(0.00702507 0 0.00625407)
(0.00859345 0 0.0077473)
(0.00999252 0 0.00914521)
(0.0112364 0 0.0104622)
(0.0123381 0 0.0117097)
(0.0133096 0 0.0128964)
(0.0141617 0 0.0140289)
(0.0149044 0 0.0151119)
(0.0155468 0 0.0161484)
(0.0160973 0 0.0171403)
(0.0165635 0 0.018088)
(0.0169526 0 0.0189911)
(0.0172709 0 0.0198483)
(0.0175247 0 0.0206576)
(0.0177197 0 0.0214165)
(0.0178614 0 0.0221221)
(0.0179551 0 0.0227713)
(0.0180061 0 0.0233623)
(0.0180192 0 0.0238917)
(0.0179992 0 0.0243563)
(0.0179507 0 0.0247543)
(0.0178781 0 0.0250845)
(0.017786 0 0.0253465)
(0.0176781 0 0.0255408)
(0.0175584 0 0.0256691)
(0.0174302 0 0.0257335)
(0.0172963 0 0.0257374)
(0.00111346 0 0.000961622)
(0.00322767 0 0.00279658)
(0.00513269 0 0.00447662)
(0.00684423 0 0.00602705)
(0.00837752 0 0.00746868)
(0.00974684 0 0.0088183)
(0.0109655 0 0.0100893)
(0.0120459 0 0.011292)
(0.0129994 0 0.0124347)
(0.0138365 0 0.0135232)
(0.0145669 0 0.0145618)
(0.0151997 0 0.0155533)
(0.0157429 0 0.016499)
(0.0162042 0 0.0173995)
(0.0165907 0 0.0182542)
(0.0169088 0 0.0190621)
(0.0171647 0 0.0198213)
(0.0173642 0 0.0205299)
(0.0175127 0 0.0211856)
(0.0176155 0 0.0217858)
(0.017678 0 0.0223297)
(0.0177046 0 0.0228146)
(0.0176999 0 0.0232382)
(0.0176682 0 0.0235996)
(0.0176136 0 0.0238982)
(0.01754 0 0.0241345)
(0.0174511 0 0.0243093)
(0.01735 0 0.0244246)
(0.0172398 0 0.0244828)
(0.017123 0 0.0244868)
(0.00108172 0 0.000917136)
(0.00313778 0 0.00266847)
(0.00499388 0 0.0042742)
(0.00666418 0 0.00575751)
(0.00816265 0 0.00713751)
(0.00950257 0 0.00842961)
(0.0106964 0 0.00964605)
(0.011756 0 0.0107964)
(0.0126921 0 0.0118881)
(0.0135149 0 0.0129264)
(0.0142339 0 0.0139151)
(0.0148578 0 0.0148568)
(0.0153946 0 0.0157526)
(0.0158518 0 0.0166029)
(0.0162365 0 0.0174073)
(0.0165551 0 0.0181647)
(0.0168137 0 0.0188739)
(0.0170181 0 0.0195331)
(0.0171736 0 0.0201405)
(0.0172854 0 0.0206943)
(0.0173587 0 0.0211941)
(0.017398 0 0.021638)
(0.0174073 0 0.0220245)
(0.0173907 0 0.0223531)
(0.017352 0 0.0226239)
(0.0172947 0 0.0228377)
(0.0172222 0 0.0229958)
(0.0171373 0 0.0231001)
(0.0170427 0 0.0231531)
(0.0169404 0 0.0231575)
(0.0010504 0 0.000865749)
(0.00304911 0 0.00252023)
(0.00485696 0 0.00403944)
(0.00648664 0 0.00544436)
(0.0079509 0 0.00675233)
(0.00926203 0 0.00797735)
(0.0104317 0 0.00913052)
(0.0114711 0 0.0102205)
(0.0123905 0 0.0112539)
(0.0131998 0 0.0122356)
(0.0139081 0 0.0131689)
(0.0145239 0 0.0140559)
(0.015055 0 0.0148978)
(0.0155089 0 0.0156949)
(0.0158925 0 0.0164467)
(0.0162121 0 0.0171525)
(0.0164737 0 0.0178112)
(0.0166831 0 0.0184214)
(0.0168454 0 0.0189817)
(0.0169658 0 0.0194908)
(0.0170493 0 0.0199489)
(0.0171002 0 0.0203546)
(0.0171221 0 0.0207068)
(0.017119 0 0.0210055)
(0.0170944 0 0.0212513)
(0.0170515 0 0.021445)
(0.0169933 0 0.0215883)
(0.0169224 0 0.021683)
(0.0168411 0 0.0217315)
(0.0167515 0 0.0217365)
(0.00101983 0 0.000807331)
(0.00296259 0 0.00235144)
(0.00472338 0 0.00377155)
(0.0063135 0 0.00508642)
(0.00774451 0 0.00631158)
(0.00902773 0 0.00745956)
(0.0101741 0 0.00854031)
(0.0111941 0 0.00956156)
(0.0120977 0 0.0105292)
(0.0128943 0 0.0114475)
(0.0135926 0 0.0123194)
(0.014201 0 0.0131467)
(0.0147271 0 0.0139304)
(0.0151782 0 0.0146709)
(0.0155611 0 0.0153676)
(0.015882 0 0.0160201)
(0.0161469 0 0.0166274)
(0.0163612 0 0.0171884)
(0.0165301 0 0.0177021)
(0.0166584 0 0.0181677)
(0.0167513 0 0.0185856)
(0.0168127 0 0.0189549)
(0.0168461 0 0.0192748)
(0.016855 0 0.0195456)
(0.0168428 0 0.0197681)
(0.0168125 0 0.0199435)
(0.0167667 0 0.0200733)
(0.0167078 0 0.0201593)
(0.0166382 0 0.0202039)
(0.0165594 0 0.0202094)
(0.000990374 0 0.000741738)
(0.00287922 0 0.00216161)
(0.00459472 0 0.00346966)
(0.0061468 0 0.0046824)
(0.00754591 0 0.0058135)
(0.00880244 0 0.00687402)
(0.00992661 0 0.00787273)
(0.0109283 0 0.00881643)
(0.011817 0 0.00971027)
(0.0126016 0 0.010558)
(0.0132908 0 0.0113621)
(0.0138924 0 0.0121242)
(0.0144141 0 0.012845)
(0.014863 0 0.0135249)
(0.0152455 0 0.0141636)
(0.0155679 0 0.0147604)
(0.0158359 0 0.0153147)
(0.0160549 0 0.0158257)
(0.01623 0 0.0162926)
(0.0163657 0 0.0167149)
(0.0164672 0 0.0170933)
(0.016538 0 0.0174271)
(0.0165815 0 0.0177158)
(0.0166011 0 0.01796)
(0.0165997 0 0.0181605)
(0.0165802 0 0.0183185)
(0.0165452 0 0.0184356)
(0.0164969 0 0.0185135)
(0.0164371 0 0.0185544)
(0.0163678 0 0.0185604)
(0.00096241 0 0.000668804)
(0.00280012 0 0.00195022)
(0.0044727 0 0.0031328)
(0.0059888 0 0.0042308)
(0.00735779 0 0.00525606)
(0.0085892 0 0.00621814)
(0.00969254 0 0.00712463)
(0.0106771 0 0.0079814)
(0.0115519 0 0.00879285)
(0.0123256 0 0.00956216)
(0.0130064 0 0.0102915)
(0.013602 0 0.0109821)
(0.0141199 0 0.0116348)
(0.0145668 0 0.0122496)
(0.0149492 0 0.0128263)
(0.0152731 0 0.0133644)
(0.0155442 0 0.0138635)
(0.0157676 0 0.0143228)
(0.0159483 0 0.0147418)
(0.0160907 0 0.0151202)
(0.0161998 0 0.0154589)
(0.0162791 0 0.0157573)
(0.0163315 0 0.0160152)
(0.0163603 0 0.0162331)
(0.0163683 0 0.016412)
(0.0163583 0 0.0165531)
(0.0163325 0 0.0166578)
(0.0162931 0 0.0167278)
(0.016242 0 0.016765)
(0.0161806 0 0.0167714)
(0.000936363 0 0.000588331)
(0.0027265 0 0.00171662)
(0.00435922 0 0.00275981)
(0.00584198 0 0.00372992)
(0.00718313 0 0.00463693)
(0.00839139 0 0.00548894)
(0.00947559 0 0.00629234)
(0.0104445 0 0.00705205)
(0.0113067 0 0.00777177)
(0.0120705 0 0.00845413)
(0.0127438 0 0.00910089)
(0.0133341 0 0.00971312)
(0.0138486 0 0.0102913)
(0.0142939 0 0.0108356)
(0.0146763 0 0.0113457)
(0.0150018 0 0.0118212)
(0.0152757 0 0.0122617)
(0.0155031 0 0.0126668)
(0.0156888 0 0.0130359)
(0.0158371 0 0.0133689)
(0.0159529 0 0.0136666)
(0.0160395 0 0.0139289)
(0.0160997 0 0.0141554)
(0.0161365 0 0.0143468)
(0.0161526 0 0.0145039)
(0.0161506 0 0.0146279)
(0.0161328 0 0.0147202)
(0.016101 0 0.0147821)
(0.0160571 0 0.0148155)
(0.0160026 0 0.0148219)
(0.000912709 0 0.000500086)
(0.00265973 0 0.00146008)
(0.00425644 0 0.00234937)
(0.00570917 0 0.00317777)
(0.00702531 0 0.00395343)
(0.00821283 0 0.00468296)
(0.00927995 0 0.00537156)
(0.0102349 0 0.00602324)
(0.011086 0 0.00664098)
(0.0118411 0 0.00722688)
(0.0125078 0 0.00778232)
(0.0130935 0 0.00830812)
(0.0136051 0 0.00880461)
(0.0140491 0 0.00927182)
(0.0144317 0 0.00970954)
(0.0147586 0 0.0101174)
(0.015035 0 0.0104951)
(0.015266 0 0.0108421)
(0.015456 0 0.0111582)
(0.0156094 0 0.0114431)
(0.015731 0 0.0116979)
(0.0158239 0 0.0119222)
(0.0158907 0 0.0121159)
(0.0159342 0 0.0122796)
(0.0159572 0 0.0124141)
(0.0159619 0 0.0125203)
(0.0159507 0 0.0125995)
(0.0159253 0 0.012653)
(0.0158874 0 0.0126821)
(0.0158386 0 0.0126885)
(0.000891996 0 0.000403798)
(0.00260137 0 0.00117973)
(0.00416683 0 0.00189996)
(0.00559358 0 0.00257208)
(0.00688816 0 0.00320245)
(0.00805786 0 0.0037962)
(0.00911035 0 0.00435735)
(0.0100535 0 0.004889)
(0.010895 0 0.00539342)
(0.0116427 0 0.0058722)
(0.0123039 0 0.00632636)
(0.0128858 0 0.00675646)
(0.0133951 0 0.00716273)
(0.0138381 0 0.0075451)
(0.0142209 0 0.00790336)
(0.014549 0 0.0082372)
(0.0148276 0 0.00854626)
(0.0150616 0 0.00883024)
(0.0152553 0 0.00908887)
(0.015413 0 0.00932204)
(0.0155394 0 0.00953047)
(0.0156375 0 0.00971402)
(0.0157096 0 0.00987256)
(0.0157587 0 0.0100066)
(0.0157873 0 0.0101168)
(0.0157976 0 0.010204)
(0.0157917 0 0.0102692)
(0.0157715 0 0.0103134)
(0.0157385 0 0.0103378)
(0.0156943 0 0.0103436)
(0.000874877 0 0.000299158)
(0.00255331 0 0.00087462)
(0.00409328 0 0.00140986)
(0.00549897 0 0.00191032)
(0.00677617 0 0.00238054)
(0.00793153 0 0.00282417)
(0.00897228 0 0.00324409)
(0.0099059 0 0.00364249)
(0.0107399 0 0.00402097)
(0.0114818 0 0.0043806)
(0.0121387 0 0.00472208)
(0.0127175 0 0.00504576)
(0.013225 0 0.00535171)
(0.0136673 0 0.00563986)
(0.0140503 0 0.00590998)
(0.0143794 0 0.0061618)
(0.0146599 0 0.00639503)
(0.0148962 0 0.0066094)
(0.0150929 0 0.0068047)
(0.0152539 0 0.00698083)
(0.0153841 0 0.00713832)
(0.0154863 0 0.00727709)
(0.0155627 0 0.00739701)
(0.0156161 0 0.00749847)
(0.015649 0 0.00758197)
(0.0156635 0 0.00764815)
(0.0156618 0 0.00769772)
(0.0156456 0 0.00773149)
(0.0156165 0 0.00775035)
(0.0155758 0 0.00775523)
(0.000862169 0 0.000185834)
(0.00251785 0 0.000543692)
(0.00403933 0 0.000877231)
(0.00542988 0 0.00118972)
(0.00669462 0 0.00148388)
(0.00783976 0 0.00176192)
(0.00887217 0 0.00202556)
(0.00979905 0 0.00227611)
(0.0106277 0 0.00251449)
(0.0113655 0 0.00274134)
(0.0120193 0 0.00295703)
(0.0125961 0 0.00316173)
(0.0131024 0 0.00335544)
(0.0135442 0 0.00353807)
(0.0139274 0 0.00370944)
(0.0142574 0 0.00386935)
(0.0145391 0 0.00401756)
(0.0147772 0 0.0041539)
(0.014976 0 0.0042782)
(0.0151394 0 0.00439037)
(0.0152723 0 0.00449073)
(0.0153773 0 0.00457923)
(0.0154567 0 0.00465577)
(0.0155131 0 0.00472059)
(0.015549 0 0.004774)
(0.0155666 0 0.00481639)
(0.0155678 0 0.00484822)
(0.0155543 0 0.00487)
(0.0155278 0 0.0048823)
(0.0154897 0 0.0048857)
(0.000854979 0 6.34946e-05)
(0.002498 0 0.000185875)
(0.00400945 0 0.000300124)
(0.00539186 0 0.000407325)
(0.00664994 0 0.00050839)
(0.00778963 0 0.000604057)
(0.00881761 0 0.000694899)
(0.00974093 0 0.000781347)
(0.0105668 0 0.000863707)
(0.0113024 0 0.000942183)
(0.0119547 0 0.00101689)
(0.0125304 0 0.00108786)
(0.0130361 0 0.0011551)
(0.0134777 0 0.00121856)
(0.013861 0 0.00127816)
(0.0141914 0 0.00133382)
(0.0144739 0 0.00138546)
(0.014713 0 0.00143299)
(0.0149129 0 0.00147636)
(0.0150776 0 0.00151553)
(0.0152119 0 0.00155059)
(0.0153185 0 0.00158153)
(0.0153995 0 0.00160831)
(0.0154575 0 0.001631)
(0.015495 0 0.00164972)
(0.0155142 0 0.0016646)
(0.0155169 0 0.00167579)
(0.0155049 0 0.00168346)
(0.0154798 0 0.00168783)
(0.015443 0 0.00168909)
(0.0197302 0 0.0530542)
(0.0126885 0 0.0519246)
(0.00632004 0 0.0451425)
(0.0175202 0 0.0485973)
(0.0143988 0 0.0481611)
(0.0118176 0 0.045431)
(0.0171097 0 0.0450633)
(0.0155009 0 0.0446839)
(0.0141151 0 0.0434267)
(0.0171854 0 0.042578)
(0.0161797 0 0.0422474)
(0.0152832 0 0.0414936)
(0.0173374 0 0.0406544)
(0.0166409 0 0.0403779)
(0.0160045 0 0.0398601)
(0.0174865 0 0.0390614)
(0.0169728 0 0.0388331)
(0.0164957 0 0.0384498)
(0.0176125 0 0.0376801)
(0.0172169 0 0.0374909)
(0.0168452 0 0.0371937)
(0.0177094 0 0.0364408)
(0.017395 0 0.0362825)
(0.0170967 0 0.0360448)
(0.0177761 0 0.035298)
(0.0175201 0 0.0351641)
(0.0172752 0 0.0349695)
(0.0178115 0 0.0342197)
(0.0175994 0 0.0341054)
(0.0173949 0 0.0339432)
(0.0178182 0 0.0331813)
(0.0176395 0 0.0330828)
(0.0174662 0 0.0329458)
(0.0177973 0 0.0321636)
(0.017645 0 0.0320781)
(0.0174963 0 0.0319608)
(0.0177502 0 0.0311495)
(0.0176193 0 0.031075)
(0.0174906 0 0.0309739)
(0.0176794 0 0.0301257)
(0.0175658 0 0.0300605)
(0.0174534 0 0.0299728)
(0.0175862 0 0.0290797)
(0.0174866 0 0.0290224)
(0.0173879 0 0.0289459)
(0.0174727 0 0.028)
(0.0173851 0 0.0279497)
(0.0172978 0 0.0278828)
(0.0173409 0 0.0268765)
(0.0172635 0 0.0268321)
(0.0171858 0 0.0267733)
(0.017193 0 0.0256976)
(0.0171243 0 0.0256584)
(0.0170549 0 0.0256064)
(0.0170315 0 0.0244517)
(0.0169703 0 0.0244171)
(0.016908 0 0.0243712)
(0.0168592 0 0.0231267)
(0.0168043 0 0.0230962)
(0.0167483 0 0.0230556)
(0.016679 0 0.0217096)
(0.0166298 0 0.0216828)
(0.0165791 0 0.021647)
(0.0164945 0 0.0201861)
(0.01645 0 0.0201627)
(0.0164041 0 0.0201313)
(0.0163093 0 0.0185404)
(0.0162691 0 0.0185201)
(0.0162272 0 0.0184927)
(0.0161278 0 0.0167545)
(0.0160911 0 0.016737)
(0.0160527 0 0.0167134)
(0.0159545 0 0.014808)
(0.0159209 0 0.0147932)
(0.0158855 0 0.0147732)
(0.0157945 0 0.0126772)
(0.0157635 0 0.0126651)
(0.0157306 0 0.0126485)
(0.0156535 0 0.0103349)
(0.0156245 0 0.0103254)
(0.0155937 0 0.0103122)
(0.0155375 0 0.00774908)
(0.0155101 0 0.00774217)
(0.0154809 0 0.0077325)
(0.015453 0 0.00488202)
(0.0154267 0 0.00487778)
(0.0153987 0 0.00487178)
(0.0154073 0 0.00168787)
(0.0153815 0 0.00168643)
(0.015354 0 0.00168437)
(0.00751409 0 0.0343979)
(0.0101459 0 0.0260616)
(0.0123847 0 0.0212292)
(0.0140153 0 0.0187477)
(0.0151806 0 0.0173756)
(0.0160169 0 0.0165033)
(0.016617 0 0.0158689)
(0.0170458 0 0.0153481)
(0.0173437 0 0.0148809)
(0.0175359 0 0.0144367)
(0.017638 0 0.0139987)
(0.0176595 0 0.0135565)
(0.0176057 0 0.0131037)
(0.017479 0 0.0126357)
(0.0172792 0 0.0121495)
(0.0170046 0 0.0116423)
(0.016652 0 0.0111123)
(0.0162169 0 0.0105577)
(0.0156935 0 0.00997644)
(0.0150751 0 0.00936665)
(0.0143537 0 0.00872585)
(0.0135199 0 0.00805097)
(0.0125634 0 0.00733812)
(0.0114721 0 0.00658239)
(0.0102327 0 0.00577752)
(0.00882869 0 0.00491526)
(0.00724306 0 0.00398424)
(0.00545745 0 0.00297304)
(0.0034499 0 0.001866)
(0.00119506 0 0.000643409)
(0.0104627 0 0.0398536)
(0.0109303 0 0.0332736)
(0.0120856 0 0.0280122)
(0.0133213 0 0.024288)
(0.0143992 0 0.0217454)
(0.0152634 0 0.0199785)
(0.0159305 0 0.0186877)
(0.0164328 0 0.0176866)
(0.0167996 0 0.0168589)
(0.0170527 0 0.0161372)
(0.0172074 0 0.0154801)
(0.0172739 0 0.0148613)
(0.0172589 0 0.0142632)
(0.0171654 0 0.0136737)
(0.0169945 0 0.013084)
(0.0167453 0 0.0124875)
(0.0164151 0 0.0118791)
(0.0160001 0 0.0112546)
(0.0154951 0 0.0106102)
(0.0148936 0 0.00994235)
(0.0141881 0 0.00924717)
(0.0133695 0 0.00852049)
(0.0124278 0 0.00775741)
(0.0113512 0 0.00695205)
(0.0101266 0 0.00609719)
(0.00873841 0 0.00518371)
(0.00716996 0 0.00420004)
(0.00540272 0 0.00313302)
(0.00341536 0 0.00196595)
(0.00118309 0 0.000677809)
(0.0126904 0 0.0404746)
(0.0123009 0 0.0359077)
(0.0126769 0 0.0315989)
(0.0133811 0 0.0280038)
(0.0141569 0 0.0251661)
(0.014878 0 0.0229636)
(0.0154936 0 0.0212449)
(0.0159905 0 0.0198731)
(0.016373 0 0.0187421)
(0.0166509 0 0.0177744)
(0.0168334 0 0.0169163)
(0.0169279 0 0.0161315)
(0.0169391 0 0.0153948)
(0.01687 0 0.0146879)
(0.0167215 0 0.0139976)
(0.0164928 0 0.0133136)
(0.0161815 0 0.0126282)
(0.0157839 0 0.0119349)
(0.0152952 0 0.0112282)
(0.0147092 0 0.010503)
(0.0140184 0 0.00975425)
(0.0132144 0 0.00897661)
(0.0122871 0 0.00816421)
(0.0112251 0 0.00731025)
(0.0100156 0 0.00640663)
(0.00864358 0 0.00544343)
(0.00709273 0 0.00440849)
(0.0053447 0 0.00328739)
(0.00337864 0 0.00206232)
(0.00117035 0 0.000710961)
(0.0141717 0 0.0397702)
(0.0135327 0 0.036649)
(0.0134831 0 0.0333413)
(0.0137881 0 0.03024)
(0.0142629 0 0.027538)
(0.0147837 0 0.0252664)
(0.0152787 0 0.0233759)
(0.0157114 0 0.0217932)
(0.0160654 0 0.0204519)
(0.0163356 0 0.0192924)
(0.016522 0 0.0182661)
(0.0166267 0 0.0173366)
(0.0166513 0 0.0164753)
(0.0165971 0 0.0156605)
(0.0164636 0 0.0148761)
(0.0162499 0 0.0141094)
(0.0159532 0 0.0133504)
(0.01557 0 0.012591)
(0.0150952 0 0.0118242)
(0.0145228 0 0.0110434)
(0.0138456 0 0.0102426)
(0.0130552 0 0.00941546)
(0.0121417 0 0.0085552)
(0.0110941 0 0.00765416)
(0.00989978 0 0.00670343)
(0.00854425 0 0.00569232)
(0.00701146 0 0.00460797)
(0.0052834 0 0.00343494)
(0.00333972 0 0.00215433)
(0.00115681 0 0.000742595)
(0.0151614 0 0.0387298)
(0.014503 0 0.0365378)
(0.0142547 0 0.0340295)
(0.0143052 0 0.0314826)
(0.0145427 0 0.0290793)
(0.0148747 0 0.0269192)
(0.0152325 0 0.0250232)
(0.0155724 0 0.0233687)
(0.0158678 0 0.0219209)
(0.0161041 0 0.0206413)
(0.0162736 0 0.019494)
(0.0163724 0 0.0184482)
(0.0163979 0 0.0174826)
(0.0163489 0 0.016574)
(0.0162232 0 0.0157054)
(0.0160187 0 0.0148632)
(0.0157322 0 0.0140363)
(0.0153598 0 0.013215)
(0.0148962 0 0.0123913)
(0.0143355 0 0.0115578)
(0.0136703 0 0.0107073)
(0.0128924 0 0.00983288)
(0.0119922 0 0.0089268)
(0.0109586 0 0.00798071)
(0.00977942 0 0.00698496)
(0.00844052 0 0.00592818)
(0.00692621 0 0.00479676)
(0.00521886 0 0.00357437)
(0.00329861 0 0.00224116)
(0.00114248 0 0.000772427)
(0.0158428 0 0.0376423)
(0.0152413 0 0.0360443)
(0.0149139 0 0.0341228)
(0.014817 0 0.0320627)
(0.0148882 0 0.0300006)
(0.0150654 0 0.0280366)
(0.0152952 0 0.0262317)
(0.0155367 0 0.0245952)
(0.0157608 0 0.023118)
(0.0159477 0 0.0217819)
(0.0160846 0 0.0205653)
(0.0161638 0 0.0194429)
(0.0161791 0 0.0183971)
(0.0161263 0 0.017412)
(0.0160013 0 0.016472)
(0.0158005 0 0.0155639)
(0.0155198 0 0.014676)
(0.0151546 0 0.0137986)
(0.0146994 0 0.0129227)
(0.0141481 0 0.0120402)
(0.0134934 0 0.0111434)
(0.0127268 0 0.0102244)
(0.0118389 0 0.00927521)
(0.0108189 0 0.00828664)
(0.00965472 0 0.00724846)
(0.00833257 0 0.00614866)
(0.00683712 0 0.00497298)
(0.00515116 0 0.00370433)
(0.00325535 0 0.00232196)
(0.00112736 0 0.000800154)
(0.0163258 0 0.0365836)
(0.0157971 0 0.0353752)
(0.0154506 0 0.0338773)
(0.015274 0 0.032206)
(0.015236 0 0.0304653)
(0.0152966 0 0.0287315)
(0.0154187 0 0.0270648)
(0.0155688 0 0.0255018)
(0.0157198 0 0.0240497)
(0.015851 0 0.022705)
(0.0159471 0 0.0214577)
(0.0159973 0 0.0202943)
(0.0159936 0 0.0191995)
(0.0159291 0 0.0181602)
(0.0157983 0 0.0171632)
(0.0155957 0 0.0162004)
(0.0153164 0 0.0152607)
(0.014955 0 0.0143339)
(0.0145055 0 0.0134113)
(0.0139614 0 0.0124846)
(0.0133153 0 0.0115453)
(0.0125588 0 0.0105855)
(0.0116824 0 0.00959643)
(0.0106754 0 0.0085685)
(0.00952597 0 0.00749097)
(0.00822061 0 0.00635132)
(0.00674435 0 0.0051347)
(0.00508041 0 0.00382336)
(0.00320999 0 0.00239581)
(0.00111148 0 0.000825465)
(0.0166736 0 0.035566)
(0.0162136 0 0.0346232)
(0.0158757 0 0.0334328)
(0.0156602 0 0.0320666)
(0.015553 0 0.0305973)
(0.015531 0 0.029088)
(0.0155682 0 0.0275851)
(0.0156396 0 0.0261258)
(0.0157226 0 0.0247341)
(0.0157978 0 0.0234162)
(0.0158497 0 0.0221709)
(0.0158662 0 0.0209922)
(0.0158375 0 0.0198719)
(0.0157556 0 0.0188014)
(0.0156133 0 0.0177678)
(0.0154043 0 0.0167626)
(0.0151223 0 0.0157811)
(0.0147614 0 0.0148134)
(0.014315 0 0.0138505)
(0.013776 0 0.0128848)
(0.0131368 0 0.0119079)
(0.012389 0 0.0109114)
(0.011523 0 0.00988634)
(0.0105285 0 0.00882272)
(0.00939347 0 0.00770948)
(0.0081049 0 0.00653363)
(0.0066481 0 0.00527989)
(0.00500676 0 0.00392998)
(0.00316263 0 0.00246179)
(0.00109486 0 0.000848036)
(0.0169235 0 0.0345835)
(0.0165229 0 0.0338286)
(0.016205 0 0.0328649)
(0.0159744 0 0.0317364)
(0.0158257 0 0.0304928)
(0.0157465 0 0.0291812)
(0.0157196 0 0.0278422)
(0.0157268 0 0.0265051)
(0.0157501 0 0.0251944)
(0.015773 0 0.0239271)
(0.015781 0 0.0227082)
(0.015762 0 0.0215373)
(0.0157054 0 0.0204113)
(0.0156023 0 0.019325)
(0.0154448 0 0.018272)
(0.0152254 0 0.0172417)
(0.0149373 0 0.0162293)
(0.0145741 0 0.0152293)
(0.0141281 0 0.0142339)
(0.0135921 0 0.0132353)
(0.0129582 0 0.0122259)
(0.0122177 0 0.0111973)
(0.0113613 0 0.0101408)
(0.0103785 0 0.00904567)
(0.00925758 0 0.00790085)
(0.00798572 0 0.00669299)
(0.00654861 0 0.00540648)
(0.00493038 0 0.00402264)
(0.00311339 0 0.00251894)
(0.00107755 0 0.000867537)
(0.0170982 0 0.0336252)
(0.016748 0 0.0330077)
(0.0164536 0 0.0322141)
(0.0162212 0 0.0312714)
(0.0160494 0 0.030213)
(0.0159318 0 0.0290729)
(0.0158577 0 0.0278831)
(0.0158143 0 0.0266706)
(0.0157876 0 0.0254544)
(0.015764 0 0.0242522)
(0.0157309 0 0.0230767)
(0.0156767 0 0.0219312)
(0.0155913 0 0.0208162)
(0.0154651 0 0.0197296)
(0.0152898 0 0.0186677)
(0.0150574 0 0.0176252)
(0.0147611 0 0.0165965)
(0.014393 0 0.0155753)
(0.0139451 0 0.0145545)
(0.0134101 0 0.0135301)
(0.0127798 0 0.0124944)
(0.0120455 0 0.0114391)
(0.0111977 0 0.0103555)
(0.0102259 0 0.00923366)
(0.00911866 0 0.00806195)
(0.00786341 0 0.00682678)
(0.00644615 0 0.00551237)
(0.00485149 0 0.00409981)
(0.00306241 0 0.00256628)
(0.00105959 0 0.000883635)
(0.0172123 0 0.0326795)
(0.0169042 0 0.0321656)
(0.0166339 0 0.0315021)
(0.0164069 0 0.0307055)
(0.0162239 0 0.0297982)
(0.0160816 0 0.0288044)
(0.0159737 0 0.0277487)
(0.0158914 0 0.0266534)
(0.015824 0 0.0255339)
(0.0157605 0 0.0244062)
(0.0156903 0 0.0232856)
(0.0156032 0 0.0221783)
(0.0154894 0 0.0210874)
(0.0153396 0 0.0200135)
(0.0151454 0 0.0189552)
(0.0148987 0 0.0179096)
(0.0145918 0 0.016873)
(0.0142169 0 0.0158414)
(0.0137657 0 0.0148067)
(0.0132301 0 0.0137635)
(0.012602 0 0.0127079)
(0.0118727 0 0.011632)
(0.0110325 0 0.0105271)
(0.0100711 0 0.00938341)
(0.00897711 0 0.00818958)
(0.00773833 0 0.00693238)
(0.00634104 0 0.00559545)
(0.00477035 0 0.00415994)
(0.00300984 0 0.00260286)
(0.00104105 0 0.000896001)
(0.0172768 0 0.0317349)
(0.0170038 0 0.0313009)
(0.0167561 0 0.0307389)
(0.0165379 0 0.0300587)
(0.016351 0 0.029275)
(0.016194 0 0.0284049)
(0.0160626 0 0.0274665)
(0.0159508 0 0.0264776)
(0.0158512 0 0.0254533)
(0.0157545 0 0.024405)
(0.015652 0 0.0233448)
(0.015535 0 0.0222842)
(0.0153944 0 0.0212273)
(0.0152217 0 0.0201764)
(0.0150084 0 0.0191321)
(0.0147463 0 0.0180932)
(0.0144277 0 0.0170575)
(0.0140446 0 0.0160219)
(0.0135889 0 0.0149821)
(0.013052 0 0.0139304)
(0.0124249 0 0.0128615)
(0.0116995 0 0.0117711)
(0.0108662 0 0.010651)
(0.00991451 0 0.00949147)
(0.00883343 0 0.00828115)
(0.00761086 0 0.00700716)
(0.00623361 0 0.00565362)
(0.00468722 0 0.00420149)
(0.00295589 0 0.00262774)
(0.00102199 0 0.000904311)
(0.0172991 0 0.0307803)
(0.0170558 0 0.0304094)
(0.0168286 0 0.0299279)
(0.0166209 0 0.0293415)
(0.0164345 0 0.0286597)
(0.0162688 0 0.0278942)
(0.0161216 0 0.0270583)
(0.0159885 0 0.0261656)
(0.0158638 0 0.0252295)
(0.01574 0 0.0242587)
(0.0156101 0 0.0232634)
(0.0154668 0 0.022255)
(0.015302 0 0.0212391)
(0.0151076 0 0.0202192)
(0.0148756 0 0.0191973)
(0.0145981 0 0.0181735)
(0.0142673 0 0.0171469)
(0.0138752 0 0.0161154)
(0.0134137 0 0.0150756)
(0.0128747 0 0.0140232)
(0.0122486 0 0.0129508)
(0.0115262 0 0.0118524)
(0.010699 0 0.0107232)
(0.00975657 0 0.00955391)
(0.00868806 0 0.00833352)
(0.00748157 0 0.00704905)
(0.00612433 0 0.00568511)
(0.00460241 0 0.00422293)
(0.00290076 0 0.00264)
(0.00100249 0 0.000908252)
(0.0172849 0 0.0298054)
(0.0170669 0 0.0294853)
(0.0168582 0 0.0290687)
(0.0166615 0 0.0285588)
(0.0164783 0 0.0279614)
(0.0163086 0 0.0272846)
(0.0161508 0 0.0265378)
(0.0160021 0 0.0257313)
(0.015858 0 0.0248752)
(0.015713 0 0.0239794)
(0.0155607 0 0.0230507)
(0.0153947 0 0.0220971)
(0.0152082 0 0.0211264)
(0.0149939 0 0.0201434)
(0.0147444 0 0.0191505)
(0.014452 0 0.0181489)
(0.014109 0 0.0171386)
(0.0137076 0 0.0161184)
(0.0132399 0 0.0150859)
(0.0126975 0 0.0140376)
(0.0120719 0 0.0129689)
(0.0113531 0 0.0118719)
(0.0105313 0 0.0107401)
(0.00959767 0 0.00956745)
(0.00854136 0 0.00834337)
(0.00735083 0 0.00705527)
(0.00601364 0 0.005688)
(0.00451638 0 0.00422313)
(0.00284468 0 0.00263873)
(0.00098264 0 0.000907527)
(0.0172389 0 0.0288003)
(0.0170425 0 0.0285219)
(0.0168503 0 0.0281585)
(0.0166645 0 0.0277116)
(0.0164861 0 0.0271849)
(0.0163154 0 0.0265835)
(0.0161512 0 0.0259142)
(0.0159915 0 0.0251844)
(0.0158328 0 0.0244021)
(0.0156708 0 0.0235756)
(0.0155004 0 0.0227118)
(0.0153156 0 0.0218157)
(0.0151102 0 0.0208925)
(0.0148781 0 0.0199502)
(0.0146125 0 0.0189915)
(0.0143061 0 0.0180181)
(0.0139514 0 0.0170306)
(0.0135409 0 0.0160283)
(0.0130668 0 0.0150098)
(0.0125208 0 0.0139723)
(0.0118944 0 0.0129118)
(0.0111789 0 0.0118233)
(0.0103636 0 0.0106982)
(0.00943826 0 0.0095289)
(0.00839385 0 0.00830798)
(0.00721908 0 0.00702326)
(0.00590191 0 0.00566007)
(0.00442946 0 0.00420058)
(0.00278799 0 0.00262328)
(0.000962527 0 0.000901841)
(0.0171651 0 0.0277555)
(0.0169873 0 0.0275117)
(0.01681 0 0.0271925)
(0.0166345 0 0.0267983)
(0.0164618 0 0.0263312)
(0.0162921 0 0.0257944)
(0.0161244 0 0.0251926)
(0.0159572 0 0.0245313)
(0.0157878 0 0.0238163)
(0.0156128 0 0.0230547)
(0.0154278 0 0.0222527)
(0.0152273 0 0.0214124)
(0.0150058 0 0.0205392)
(0.0147583 0 0.0196409)
(0.0144783 0 0.0187206)
(0.014159 0 0.0177802)
(0.0137935 0 0.0168209)
(0.0133743 0 0.0158426)
(0.0128938 0 0.0148444)
(0.0123442 0 0.0138241)
(0.011717 0 0.0127785)
(0.0110035 0 0.011703)
(0.0101945 0 0.0105917)
(0.00927886 0 0.00943528)
(0.00824608 0 0.00822468)
(0.00708688 0 0.0069508)
(0.00578963 0 0.00559955)
(0.00434201 0 0.00415378)
(0.00273094 0 0.00259274)
(0.000942292 0 0.000891003)
(0.0170671 0 0.0266613)
(0.0169054 0 0.0264465)
(0.0167413 0 0.0261645)
(0.0165756 0 0.025815)
(0.016409 0 0.0253987)
(0.0162415 0 0.0249178)
(0.0160725 0 0.0243752)
(0.0159005 0 0.0237748)
(0.0157234 0 0.0231211)
(0.0155384 0 0.0224197)
(0.0153418 0 0.0216757)
(0.0151285 0 0.0208899)
(0.0148939 0 0.0200681)
(0.0146331 0 0.0192161)
(0.0143405 0 0.0183373)
(0.0140098 0 0.0174341)
(0.0136343 0 0.0165078)
(0.0132071 0 0.0155589)
(0.0127208 0 0.0145869)
(0.0121677 0 0.01359)
(0.0115396 0 0.0125658)
(0.010828 0 0.01151)
(0.010024 0 0.0104175)
(0.00911815 0 0.00928135)
(0.00809867 0 0.00809095)
(0.00695484 0 0.00683576)
(0.00567738 0 0.00550473)
(0.0042545 0 0.00408151)
(0.00267379 0 0.00254626)
(0.000922019 0 0.000874693)
(0.0169481 0 0.0255077)
(0.0168006 0 0.0253177)
(0.0166482 0 0.0250674)
(0.0164917 0 0.024756)
(0.0163313 0 0.0243837)
(0.0161669 0 0.0239514)
(0.0159979 0 0.0234611)
(0.0158231 0 0.0229154)
(0.0156407 0 0.0223175)
(0.0154482 0 0.0216719)
(0.0152424 0 0.0209821)
(0.0150193 0 0.0202508)
(0.0147742 0 0.0194813)
(0.0145021 0 0.0186761)
(0.0141986 0 0.0178411)
(0.0138579 0 0.0169784)
(0.0134737 0 0.0160894)
(0.0130392 0 0.0151748)
(0.0125476 0 0.0142345)
(0.0119913 0 0.0132671)
(0.0113625 0 0.0122705)
(0.010653 0 0.0112413)
(0.00985393 0 0.0101747)
(0.00895622 0 0.00906426)
(0.00795016 0 0.00790206)
(0.00682365 0 0.00667611)
(0.00556579 0 0.00537403)
(0.00416746 0 0.00398266)
(0.00261693 0 0.0024832)
(0.00090183 0 0.00085267)
(0.0168117 0 0.0242839)
(0.0166765 0 0.0241152)
(0.0165346 0 0.0238924)
(0.0163865 0 0.0236142)
(0.0162322 0 0.0232803)
(0.0160714 0 0.022891)
(0.0159035 0 0.0224475)
(0.0157274 0 0.0219512)
(0.0155415 0 0.0214046)
(0.0153436 0 0.0208113)
(0.0151309 0 0.0201738)
(0.0149001 0 0.019495)
(0.0146463 0 0.0187753)
(0.0143652 0 0.0180193)
(0.0140526 0 0.0172304)
(0.0137033 0 0.0164113)
(0.0133114 0 0.0155634)
(0.0128707 0 0.0146878)
(0.0123745 0 0.0137844)
(0.0118155 0 0.0128523)
(0.0111863 0 0.0118898)
(0.0104789 0 0.0108939)
(0.00968478 0 0.00986031)
(0.00879519 0 0.00878333)
(0.00780075 0 0.00765555)
(0.00669168 0 0.00646759)
(0.00545557 0 0.00520592)
(0.00408151 0 0.00385617)
(0.00256077 0 0.00240294)
(0.000881874 0 0.00082474)
(0.016661 0 0.0229784)
(0.0165367 0 0.0228286)
(0.0164043 0 0.0226299)
(0.0162639 0 0.0223809)
(0.0161154 0 0.0220811)
(0.0159585 0 0.0217303)
(0.0157924 0 0.0213289)
(0.0156161 0 0.020878)
(0.015428 0 0.020379)
(0.0152264 0 0.0198348)
(0.0150087 0 0.0192474)
(0.0147716 0 0.0186185)
(0.0145113 0 0.01795)
(0.0142234 0 0.0172447)
(0.013903 0 0.016503)
(0.0135464 0 0.01573)
(0.0131481 0 0.014927)
(0.0127021 0 0.0140947)
(0.0122019 0 0.0132334)
(0.0116408 0 0.0123425)
(0.0110116 0 0.0114205)
(0.0103065 0 0.0104647)
(0.00951742 0 0.00947162)
(0.00863588 0 0.00843595)
(0.00765293 0 0.007351)
(0.00655919 0 0.00620815)
(0.00534487 0 0.00499662)
(0.00399738 0 0.00370111)
(0.00250582 0 0.00230499)
(0.000862305 0 0.000790714)
(0.0164997 0 0.0215788)
(0.016385 0 0.0214457)
(0.016261 0 0.0212685)
(0.0161277 0 0.0210459)
(0.0159847 0 0.0207769)
(0.0158318 0 0.020461)
(0.0156679 0 0.0200984)
(0.0154922 0 0.0196894)
(0.0153031 0 0.0192351)
(0.0150991 0 0.0187378)
(0.0148778 0 0.0181989)
(0.0146361 0 0.0176197)
(0.0143709 0 0.0170024)
(0.0140771 0 0.0163468)
(0.0137507 0 0.0156548)
(0.0133883 0 0.014931)
(0.0129846 0 0.0141765)
(0.0125342 0 0.0133921)
(0.0120309 0 0.0125781)
(0.0114683 0 0.0117342)
(0.0108394 0 0.0108591)
(0.0101368 0 0.00995065)
(0.00935285 0 0.00900565)
(0.00847932 0 0.00801949)
(0.00750767 0 0.00698612)
(0.00642899 0 0.00589774)
(0.00523401 0 0.00474452)
(0.00391309 0 0.00351421)
(0.00245274 0 0.00218895)
(0.000843233 0 0.000750356)
(0.0163316 0 0.0200712)
(0.0162253 0 0.0199533)
(0.0161089 0 0.0197957)
(0.0159819 0 0.0195971)
(0.0158442 0 0.0193563)
(0.0156951 0 0.0190728)
(0.0155338 0 0.0187463)
(0.0153592 0 0.018377)
(0.0151698 0 0.0179654)
(0.0149644 0 0.0175134)
(0.0147407 0 0.0170219)
(0.0144957 0 0.0164918)
(0.0142265 0 0.0159247)
(0.0139283 0 0.0153197)
(0.0135974 0 0.014681)
(0.0132303 0 0.0140097)
(0.0128224 0 0.0133075)
(0.0123685 0 0.0125756)
(0.0118628 0 0.0118143)
(0.0112992 0 0.0110234)
(0.0106709 0 0.010202)
(0.00997115 0 0.0093482)
(0.00919235 0 0.00845928)
(0.00832672 0 0.00753119)
(0.00736612 0 0.00655855)
(0.0063021 0 0.00553438)
(0.00512602 0 0.00444996)
(0.00382948 0 0.00329475)
(0.00239895 0 0.00205137)
(0.000824436 0 0.0007031)
(0.0161607 0 0.0184401)
(0.0160619 0 0.0183362)
(0.0159521 0 0.0181968)
(0.015831 0 0.0180205)
(0.0156981 0 0.0178063)
(0.0155527 0 0.0175534)
(0.015394 0 0.0172614)
(0.0152208 0 0.0169302)
(0.0150317 0 0.01656)
(0.0148256 0 0.0161523)
(0.0146004 0 0.0157079)
(0.014353 0 0.0152269)
(0.0140805 0 0.0147106)
(0.0137796 0 0.0141597)
(0.0134458 0 0.0135768)
(0.0130747 0 0.0129605)
(0.0126634 0 0.0123146)
(0.0122067 0 0.01164)
(0.0116993 0 0.010937)
(0.0111351 0 0.0102056)
(0.010508 0 0.00944493)
(0.00981113 0 0.00865358)
(0.00903748 0 0.00782913)
(0.00817956 0 0.0069681)
(0.00722963 0 0.00606578)
(0.00617962 0 0.00511599)
(0.00502132 0 0.00411088)
(0.00374629 0 0.00304062)
(0.00234546 0 0.00189248)
(0.000806798 0 0.000649355)
(0.0159915 0 0.0166678)
(0.0158992 0 0.0165772)
(0.0157952 0 0.016455)
(0.0156793 0 0.0163001)
(0.0155508 0 0.0161113)
(0.0154089 0 0.015888)
(0.0152527 0 0.0156295)
(0.0150811 0 0.0153357)
(0.0148927 0 0.0150066)
(0.0146866 0 0.0146434)
(0.0144605 0 0.0142464)
(0.0142115 0 0.013816)
(0.0139371 0 0.0133531)
(0.0136341 0 0.0128588)
(0.0132976 0 0.0123328)
(0.0129237 0 0.0117757)
(0.0125098 0 0.0111908)
(0.0120512 0 0.010579)
(0.0115426 0 0.00994056)
(0.0109784 0 0.00927548)
(0.0103526 0 0.00858321)
(0.00965873 0 0.00786255)
(0.00889012 0 0.00711148)
(0.00803963 0 0.00632705)
(0.00709985 0 0.00550519)
(0.00606315 0 0.00464054)
(0.0049217 0 0.00372622)
(0.0036675 0 0.00275351)
(0.00229225 0 0.00171145)
(0.000787107 0 0.000586307)
(0.0158288 0 0.0147343)
(0.015742 0 0.0146564)
(0.0156432 0 0.014551)
(0.0155318 0 0.0144169)
(0.0154071 0 0.0142533)
(0.0152684 0 0.0140592)
(0.0151147 0 0.0138342)
(0.0149448 0 0.013578)
(0.0147573 0 0.0132904)
(0.0145514 0 0.0129725)
(0.0143249 0 0.0126245)
(0.0140751 0 0.0122464)
(0.0137993 0 0.0118392)
(0.0134946 0 0.0114038)
(0.0131562 0 0.0109392)
(0.0127804 0 0.0104461)
(0.0123647 0 0.00992789)
(0.0119047 0 0.00938507)
(0.0113954 0 0.00881809)
(0.0108314 0 0.00822698)
(0.0102071 0 0.00761138)
(0.00951633 0 0.00697032)
(0.00875257 0 0.00630219)
(0.00790907 0 0.00560454)
(0.0069788 0 0.00487395)
(0.00595451 0 0.00410588)
(0.00482884 0 0.00329447)
(0.00359438 0 0.00243231)
(0.00224373 0 0.00151021)
(0.000769622 0 0.000516953)
(0.0156777 0 0.0126162)
(0.0155957 0 0.0125509)
(0.0155012 0 0.0124622)
(0.0153937 0 0.0123492)
(0.0152724 0 0.0122109)
(0.0151365 0 0.0120466)
(0.014985 0 0.0118558)
(0.0148167 0 0.0116381)
(0.0146301 0 0.0113936)
(0.0144247 0 0.0111228)
(0.0141982 0 0.0108261)
(0.0139479 0 0.0105034)
(0.0136712 0 0.0101553)
(0.0133654 0 0.00978263)
(0.0130256 0 0.00938439)
(0.0126483 0 0.00896124)
(0.0122314 0 0.00851605)
(0.0117705 0 0.00804939)
(0.0112609 0 0.00756168)
(0.0106974 0 0.00705303)
(0.0100747 0 0.00652321)
(0.00938679 0 0.00597152)
(0.00862752 0 0.00539668)
(0.00779042 0 0.00479674)
(0.00686879 0 0.00416895)
(0.00585579 0 0.00350959)
(0.00474451 0 0.00281385)
(0.00352811 0 0.00207567)
(0.00220001 0 0.00128756)
(0.00075396 0 0.000440424)
(0.0155439 0 0.0102864)
(0.0154657 0 0.010234)
(0.0153748 0 0.0101625)
(0.0152705 0 0.0100712)
(0.0151521 0 0.00995916)
(0.0150186 0 0.00982592)
(0.014869 0 0.00967099)
(0.0147021 0 0.00949407)
(0.0145164 0 0.00929503)
(0.0143116 0 0.00907453)
(0.0140852 0 0.00883265)
(0.0138346 0 0.00856931)
(0.0135574 0 0.00828505)
(0.0132508 0 0.00798049)
(0.0129101 0 0.00765477)
(0.0125318 0 0.00730846)
(0.012114 0 0.00694394)
(0.0116526 0 0.00656173)
(0.0111429 0 0.00616222)
(0.0105801 0 0.00574558)
(0.00995882 0 0.0053117)
(0.00927351 0 0.0048601)
(0.00851821 0 0.00438984)
(0.00768671 0 0.00389945)
(0.00677261 0 0.00338681)
(0.00576943 0 0.00284904)
(0.0046707 0 0.0022824)
(0.00347011 0 0.00168217)
(0.00216177 0 0.00104251)
(0.00074027 0 0.000356362)
(0.0154335 0 0.00771346)
(0.0153583 0 0.00767446)
(0.0152701 0 0.00762111)
(0.0151684 0 0.00755275)
(0.0150521 0 0.00746882)
(0.0149205 0 0.00736887)
(0.0147724 0 0.00725252)
(0.0146067 0 0.00711956)
(0.0144218 0 0.00696987)
(0.0142174 0 0.00680395)
(0.0139913 0 0.00662185)
(0.0137406 0 0.00642352)
(0.0134631 0 0.00620934)
(0.0131559 0 0.00597982)
(0.0128146 0 0.00573427)
(0.0124356 0 0.0054732)
(0.0120173 0 0.00519842)
(0.0115555 0 0.00491035)
(0.0110459 0 0.00460934)
(0.0104836 0 0.00429558)
(0.00986366 0 0.00396903)
(0.00918052 0 0.00362942)
(0.00842846 0 0.00327612)
(0.00760152 0 0.00290811)
(0.00669355 0 0.00252391)
(0.00569837 0 0.00212146)
(0.00460987 0 0.00169809)
(0.00342222 0 0.0012504)
(0.0021301 0 0.000774221)
(0.0007289 0 0.000264471)
(0.0153529 0 0.00485988)
(0.0152798 0 0.00483535)
(0.0151936 0 0.00480167)
(0.0150936 0 0.00475843)
(0.0149789 0 0.00470528)
(0.0148486 0 0.00464192)
(0.0147015 0 0.00456813)
(0.0145366 0 0.00448376)
(0.0143523 0 0.00438874)
(0.0141483 0 0.00428338)
(0.0139223 0 0.00416776)
(0.0136716 0 0.00404182)
(0.0133938 0 0.00390584)
(0.0130864 0 0.00376013)
(0.0127446 0 0.0036043)
(0.0123652 0 0.0034387)
(0.0119465 0 0.0032645)
(0.0114846 0 0.00308199)
(0.010975 0 0.00289143)
(0.0104132 0 0.00269297)
(0.00979415 0 0.00248663)
(0.00911257 0 0.00227229)
(0.00836284 0 0.0020496)
(0.00753917 0 0.00181797)
(0.00663561 0 0.00157651)
(0.00564618 0 0.00132401)
(0.00456506 0 0.00105886)
(0.00338678 0 0.000778991)
(0.00210652 0 0.000481896)
(0.000720381 0 0.0001645)
(0.0153091 0 0.00168027)
(0.0152371 0 0.00167176)
(0.0151519 0 0.00166007)
(0.0150528 0 0.00164503)
(0.0149389 0 0.00162652)
(0.0148093 0 0.00160445)
(0.0146628 0 0.00157874)
(0.0144983 0 0.00154934)
(0.0143143 0 0.00151623)
(0.0141104 0 0.00147951)
(0.0138846 0 0.00143922)
(0.0136339 0 0.00139535)
(0.013356 0 0.00134799)
(0.0130483 0 0.00129726)
(0.0127063 0 0.00124304)
(0.0123267 0 0.00118545)
(0.0119078 0 0.00112492)
(0.0114457 0 0.00106154)
(0.0109362 0 0.000995418)
(0.0103746 0 0.000926615)
(0.00975605 0 0.000855151)
(0.0090753 0 0.000780993)
(0.00832681 0 0.000704033)
(0.00750489 0 0.000624082)
(0.00660367 0 0.000540848)
(0.00561731 0 0.000453924)
(0.00454016 0 0.000362771)
(0.00336695 0 0.0002667)
(0.00209317 0 0.000164867)
(0.000715499 0 5.62473e-05)
)
;

boundaryField
{
    inlet
    {
        type            cellMotion;
        value           uniform (0 0 0);
    }
    outlet
    {
        type            cellMotion;
        value           uniform (0 0 0);
    }
    flap
    {
        type            cellMotion;
        value           nonuniform List<vector> 
33
(
(0.0154232 0 -0.00137399)
(0.0264209 0 -0.00083299)
(0.0220307 0 0.000802389)
(0.0227933 0 -0.000112209)
(0.0233838 0 8.96505e-05)
(0.0236083 0 0.000620738)
(0.024188 0 0.000255076)
(0.0245047 0 0.000763558)
(0.0254965 0 0.00105418)
(0.0266398 0 0.00107409)
(0.0272644 0 0.00169825)
(0.0292775 0 0.00381899)
(0.029711 0 -0.00178079)
(0.0367342 0 -9.21111e-05)
(0.0419636 0 0.0295709)
(0.0275811 0 0.0616144)
(0.00873873 0 0.0674772)
(-0.000587938 0 0.040838)
(0.0161293 0 -0.000406457)
(0.027353 0 -0.000299552)
(0.0230221 0 -0.000189769)
(0.0237568 0 0.000363748)
(0.024047 0 0.000569847)
(0.0243927 0 0.000298316)
(0.0245508 0 0.00125637)
(0.0249138 0 0.00106194)
(0.0249752 0 0.00105002)
(0.0249653 0 0.00245595)
(0.0259632 0 0.00213067)
(0.0243594 0 0.00391712)
(0.022787 0 -0.00115307)
(0.0217663 0 -0.00713437)
(0.00880456 0 0.00730512)
)
;
    }
    upperWall
    {
        type            slip;
    }
    lowerWall
    {
        type            slip;
    }
    frontAndBack
    {
        type            empty;
    }
}


// ************************************************************************* //
