/*--------------------------------*- C++ -*----------------------------------*\
| =========                 |                                                 |
| \\      /  F ield         | OpenFOAM: The Open Source CFD Toolbox           |
|  \\    /   O peration     | Version:  dev                                   |
|   \\  /    A nd           | Web:      www.OpenFOAM.org                      |
|    \\/     M anipulation  |                                                 |
\*---------------------------------------------------------------------------*/
FoamFile
{
    version     2.0;
    format      ascii;
    class       surfaceScalarField;
    location    "3.2";
    object      meshPhi;
}
// * * * * * * * * * * * * * * * * * * * * * * * * * * * * * * * * * * * * * //

dimensions      [0 3 -1 0 0 0 0];

internalField   nonuniform List<scalar> 
5457
(
-8.02559e-06
1.71833e-07
-1.36432e-05
4.71686e-07
-1.56817e-05
6.83563e-07
-1.39284e-05
7.98993e-07
-8.69493e-06
8.21784e-07
-6.43157e-07
7.60631e-07
9.34535e-06
6.2791e-07
2.02829e-05
4.39091e-07
3.11754e-05
2.12188e-07
4.11076e-05
-3.29852e-08
4.93159e-05
-2.75858e-07
5.5245e-05
-4.96589e-07
5.85843e-05
-6.77871e-07
5.92769e-05
-8.06718e-07
5.75037e-05
-8.75847e-07
5.36416e-05
-8.84276e-07
4.8203e-05
-8.37347e-07
4.17659e-05
-7.46118e-07
3.49044e-05
-6.25497e-07
2.81309e-05
-4.91701e-07
2.17035e-05
-3.61326e-07
1.58468e-05
-2.47198e-07
1.09133e-05
-1.54974e-07
7.04335e-06
-8.68189e-08
4.17991e-06
-4.20563e-08
2.20809e-06
-1.64671e-08
9.78146e-07
-4.36902e-09
3.22273e-07
-1.33694e-10
6.409e-08
6.28294e-10
1.76321e-10
-8.23792e-06
3.46051e-07
-1.40123e-05
9.50022e-07
-1.6152e-05
1.37725e-06
-1.44543e-05
1.61104e-06
-9.23379e-06
1.65912e-06
-1.1559e-06
1.53884e-06
8.89358e-06
1.27482e-06
1.99212e-05
8.97867e-07
3.09257e-05
4.43866e-07
4.09838e-05
-4.76618e-08
4.93212e-05
-5.35563e-07
5.53726e-05
-9.8e-07
5.88182e-05
-1.34609e-06
5.95945e-05
-1.60757e-06
5.78785e-05
-1.74965e-06
5.40466e-05
-1.77003e-06
4.86134e-05
-1.67899e-06
4.21613e-05
-1.49861e-06
3.52699e-05
-1.25886e-06
2.84548e-05
-9.92411e-07
2.19863e-05
-7.32077e-07
1.6078e-05
-5.02878e-07
1.10823e-05
-3.16718e-07
7.16124e-06
-1.78825e-07
4.25635e-06
-8.79941e-08
2.25239e-06
-3.57098e-08
9.99679e-07
-1.05356e-08
3.30161e-07
-1.24857e-09
6.59807e-08
8.15931e-10
2.87436e-10
-8.48e-06
5.23479e-07
-1.44455e-05
1.43745e-06
-1.67267e-05
2.08523e-06
-1.51287e-05
2.44225e-06
-9.96824e-06
2.5204e-06
-1.91133e-06
2.34564e-06
8.15563e-06
1.95464e-06
1.92376e-05
1.39324e-06
3.03309e-05
7.14833e-07
4.05084e-05
-2.17738e-08
4.89879e-05
-7.55163e-07
5.51938e-05
-1.4256e-06
5.87972e-05
-1.98056e-06
5.97237e-05
-2.38027e-06
5.81411e-05
-2.60179e-06
5.44194e-05
-2.64109e-06
4.90678e-05
-2.51346e-06
4.26667e-05
-2.25152e-06
3.57974e-05
-1.89963e-06
2.89791e-05
-1.50662e-06
2.24727e-05
-1.12012e-06
1.64836e-05
-7.75919e-07
1.13914e-05
-4.93447e-07
7.38315e-06
-2.82905e-07
4.4029e-06
-1.43112e-07
2.33758e-06
-6.1332e-08
1.0406e-06
-2.05793e-08
3.44767e-07
-4.31798e-09
6.93105e-08
2.13267e-10
2.2515e-10
-8.73295e-06
7.04695e-07
-1.49145e-05
1.93583e-06
-1.73741e-05
2.81088e-06
-1.59211e-05
3.2979e-06
-1.0873e-05
3.41321e-06
-2.89347e-06
3.19137e-06
7.13487e-06
2.68081e-06
1.822e-05
1.94197e-06
2.93615e-05
1.04518e-06
3.96356e-05
6.76959e-08
4.82555e-05
-9.09309e-07
5.46362e-05
-1.80634e-06
5.84404e-05
-2.55369e-06
5.9581e-05
-3.09833e-06
5.82103e-05
-3.40852e-06
5.46841e-05
-3.4779e-06
4.94983e-05
-3.32643e-06
4.32243e-05
-2.99625e-06
3.64394e-05
-2.54489e-06
2.9664e-05
-2.03633e-06
2.31291e-05
-1.53087e-06
1.70368e-05
-1.07299e-06
1.18193e-05
-6.91435e-07
7.69265e-06
-4.04216e-07
4.60792e-06
-2.11216e-07
2.45671e-06
-9.58466e-08
1.09717e-06
-3.59295e-08
3.64419e-07
-9.9683e-09
7.35682e-08
-1.35095e-09
-3.81785e-11
-9.04792e-06
8.90617e-07
-1.55059e-05
2.44787e-06
-1.81984e-05
3.55878e-06
-1.69398e-05
4.18455e-06
-1.20484e-05
4.34637e-06
-4.18451e-06
4.08739e-06
5.77527e-06
3.46737e-06
1.68437e-05
2.56057e-06
2.80251e-05
1.45371e-06
3.84015e-05
2.42301e-07
4.7185e-05
-9.73763e-07
5.378e-05
-2.09652e-06
5.78377e-05
-3.03981e-06
5.92566e-05
-3.73748e-06
5.81682e-05
-4.14891e-06
5.49071e-05
-4.26454e-06
4.99518e-05
-4.10701e-06
4.38602e-05
-3.72642e-06
3.72017e-05
-3.19229e-06
3.04953e-05
-2.58258e-06
2.39334e-05
-1.96757e-06
1.77148e-05
-1.39798e-06
1.23405e-05
-9.13981e-07
8.06495e-06
-5.45088e-07
4.85096e-06
-2.93684e-07
2.5967e-06
-1.39936e-07
1.16307e-06
-5.68681e-08
3.86719e-07
-1.82765e-08
7.81098e-08
-3.84841e-09
-4.83026e-10
-9.42751e-06
1.08204e-06
-1.62224e-05
2.97595e-06
-1.92022e-05
4.33285e-06
-1.81871e-05
5.10786e-06
-1.34968e-05
5.32755e-06
-5.78781e-06
5.04375e-06
4.07106e-06
4.32677e-06
1.51003e-05
3.26391e-06
2.63106e-05
1.95806e-06
3.67892e-05
5.22413e-07
4.57499e-05
-9.25878e-07
5.2591e-05
-2.27231e-06
5.69488e-05
-3.41517e-06
5.87024e-05
-4.27505e-06
5.79597e-05
-4.80241e-06
5.503e-05
-4.98334e-06
5.03684e-05
-4.84088e-06
4.4514e-05
-4.4313e-06
3.80244e-05
-3.83457e-06
3.14154e-05
-3.14111e-06
2.48332e-05
-2.42814e-06
1.84725e-05
-1.74994e-06
1.29168e-05
-1.16043e-06
8.46971e-06
-7.04822e-07
5.10877e-06
-3.89757e-07
2.74142e-06
-1.92791e-07
1.22981e-06
-8.26947e-08
4.08529e-07
-2.88001e-08
8.21565e-08
-7.07252e-09
-1.05137e-09
-9.87342e-06
1.27966e-06
-1.70659e-05
3.52202e-06
-2.03867e-05
5.13632e-06
-1.96633e-05
6.07242e-06
-1.52189e-05
6.3631e-06
-7.70589e-06
6.06855e-06
2.01577e-06
5.26897e-06
1.2978e-05
4.06504e-06
2.42024e-05
2.575e-06
3.47791e-05
9.2743e-07
4.39222e-05
-7.44567e-07
5.10292e-05
-2.31106e-06
5.57227e-05
-3.65588e-06
5.78584e-05
-4.68687e-06
5.75171e-05
-5.34487e-06
5.49795e-05
-5.61049e-06
5.06717e-05
-5.50628e-06
4.51075e-05
-5.09249e-06
3.88297e-05
-4.45655e-06
3.23482e-05
-3.69944e-06
2.57587e-05
-2.90252e-06
1.92508e-05
-2.12089e-06
1.35013e-05
-1.42449e-06
8.87172e-06
-8.78498e-07
5.35671e-06
-4.95736e-07
2.87452e-06
-2.51781e-07
1.28802e-06
-1.11701e-07
4.26155e-07
-4.06062e-08
8.48984e-08
-1.06499e-08
-1.65408e-09
-1.03874e-05
1.484e-06
-1.80382e-05
4.08763e-06
-2.17528e-05
5.97164e-06
-2.13681e-05
7.08167e-06
-1.72139e-05
7.45723e-06
-9.94e-06
7.16696e-06
-3.94452e-07
6.30176e-06
1.04694e-05
4.97542e-06
2.16858e-05
3.31912e-06
3.23482e-05
1.47489e-06
4.16723e-05
-4.09634e-07
4.90546e-05
-2.19002e-06
5.41064e-05
-3.73661e-06
5.66596e-05
-4.94544e-06
5.67651e-05
-5.74745e-06
5.46702e-05
-6.11699e-06
5.07676e-05
-6.07507e-06
4.55438e-05
-5.68359e-06
3.9522e-05
-5.03475e-06
3.32005e-05
-4.23713e-06
2.66238e-05
-3.37283e-06
1.99776e-05
-2.49583e-06
1.4037e-05
-1.69423e-06
9.22904e-06
-1.05699e-06
5.56654e-06
-6.04955e-07
2.97883e-06
-3.1239e-07
1.32851e-06
-1.41155e-07
4.36098e-07
-5.23301e-08
8.561e-08
-1.40804e-08
-2.19646e-09
-1.09714e-05
1.69549e-06
-1.91414e-05
4.67394e-06
-2.3301e-05
6.84049e-06
-2.33007e-05
8.13777e-06
-1.948e-05
8.6125e-06
-1.24881e-05
8.34297e-06
-3.15892e-06
7.43211e-06
7.57137e-06
6.00464e-06
1.87496e-05
4.20232e-06
2.94754e-05
2.17962e-06
3.89691e-05
9.74015e-08
4.6627e-05
-1.88718e-06
5.20473e-05
-3.63248e-06
5.50395e-05
-5.02321e-06
5.56225e-05
-5.98077e-06
5.40064e-05
-6.47271e-06
5.05493e-05
-6.51627e-06
4.57104e-05
-6.17293e-06
3.99881e-05
-5.53797e-06
3.38635e-05
-4.72498e-06
2.73303e-05
-3.81323e-06
2.0571e-05
-2.85313e-06
1.44609e-05
-1.9525e-06
9.49615e-06
-1.22738e-06
5.70827e-06
-7.08222e-07
3.0369e-06
-3.68585e-07
1.34287e-06
-1.67568e-07
4.35428e-07
-6.23291e-08
8.36689e-08
-1.67958e-08
-2.57371e-09
-1.1628e-05
1.91448e-06
-2.03783e-05
5.28173e-06
-2.50319e-05
7.74378e-06
-2.546e-05
9.24176e-06
-2.20143e-05
9.83106e-06
-1.53458e-05
9.60062e-06
-6.27491e-06
8.66524e-06
4.28143e-06
7.15917e-06
1.53833e-05
5.23377e-06
2.61406e-05
3.05419e-06
3.57811e-05
7.9253e-07
4.37016e-05
-1.383e-06
4.9488e-05
-3.32051e-06
5.29255e-05
-4.89421e-06
5.40013e-05
-6.01616e-06
5.28884e-05
-6.64656e-06
4.99092e-05
-6.79714e-06
4.54904e-05
-6.5268e-06
4.01042e-05
-5.93136e-06
3.42165e-05
-5.12778e-06
2.77716e-05
-4.19098e-06
2.09448e-05
-3.16542e-06
1.47078e-05
-2.17804e-06
9.62722e-06
-1.37393e-06
5.75263e-06
-7.94589e-07
3.03239e-06
-4.13376e-07
1.32361e-06
-1.87031e-07
4.21557e-07
-6.88201e-08
7.84381e-08
-1.81903e-08
-2.67306e-09
-1.23609e-05
2.14126e-06
-2.17521e-05
5.91157e-06
-2.69451e-05
8.68171e-06
-2.78425e-05
1.03935e-05
-2.4812e-05
1.11132e-05
-1.85075e-05
1.0941e-05
-9.73775e-06
1.00028e-05
6.0099e-07
8.44169e-06
1.15805e-05
6.41809e-06
2.23262e-05
4.10657e-06
3.2079e-05
1.68757e-06
4.02348e-05
-6.62098e-07
4.63694e-05
-2.78112e-06
5.02438e-05
-4.53444e-06
5.18148e-05
-5.82548e-06
5.12188e-05
-6.60663e-06
4.87409e-05
-6.88297e-06
4.47708e-05
-6.7089e-06
3.97537e-05
-6.17815e-06
3.41412e-05
-5.40853e-06
2.78396e-05
-4.47019e-06
2.1013e-05
-3.40158e-06
1.47144e-05
-2.34687e-06
9.57899e-06
-1.47934e-06
5.67252e-06
-8.52221e-07
2.95024e-06
-4.39297e-07
1.2636e-06
-1.95377e-07
3.91694e-07
-6.988e-08
6.89717e-08
-1.75791e-08
-2.35531e-09
-1.31755e-05
2.37618e-06
-2.32681e-05
6.56393e-06
-2.90401e-05
9.65391e-06
-3.04423e-05
1.15914e-05
-2.78642e-05
1.24567e-05
-2.19635e-05
1.23614e-05
-1.35386e-05
1.14426e-05
-3.46451e-06
9.85163e-06
7.34337e-06
7.75603e-06
1.80254e-05
5.33922e-06
2.7843e-05
2.78857e-06
3.61948e-05
2.86112e-07
4.26441e-05
-1.99913e-06
4.69323e-05
-3.92377e-06
4.8987e-05
-5.38349e-06
4.8909e-05
-6.3229e-06
4.69446e-05
-6.73976e-06
4.3447e-05
-6.68241e-06
3.88322e-05
-6.24039e-06
3.35339e-05
-5.52972e-06
2.74359e-05
-4.61529e-06
2.06959e-05
-3.53055e-06
1.44241e-05
-2.43476e-06
9.31281e-06
-1.52609e-06
5.44313e-06
-8.69017e-07
2.77552e-06
-4.38498e-07
1.15433e-06
-1.87967e-07
3.41504e-07
-6.31558e-08
5.33194e-08
-1.40078e-08
-1.38096e-09
-1.40801e-05
2.61974e-06
-2.49338e-05
7.23953e-06
-3.1315e-05
1.06595e-05
-3.32506e-05
1.28327e-05
-3.11573e-05
1.3857e-05
-2.56983e-05
1.38567e-05
-1.76633e-05
1.29795e-05
-7.90586e-06
1.13848e-05
2.67792e-06
9.24554e-06
1.32414e-05
6.75178e-06
2.30669e-05
4.09686e-06
3.15624e-05
1.4666e-06
3.82803e-05
-9.64737e-07
4.29451e-05
-3.04722e-06
4.5458e-05
-4.66981e-06
4.58859e-05
-5.76981e-06
4.44376e-05
-6.33738e-06
4.14304e-05
-6.41371e-06
3.72497e-05
-6.08248e-06
3.23086e-05
-5.45574e-06
2.64831e-05
-4.59298e-06
1.99302e-05
-3.52385e-06
1.37902e-05
-2.41928e-06
8.79509e-06
-1.49736e-06
5.04025e-06
-8.32672e-07
2.49015e-06
-4.02206e-07
9.82384e-07
-1.58828e-07
2.62198e-07
-4.50677e-08
2.67726e-08
-5.75569e-09
7.74256e-10
-1.50861e-05
2.87276e-06
-2.67603e-05
7.93957e-06
-3.37666e-05
1.16973e-05
-3.62562e-05
1.41129e-05
-3.46742e-05
1.53078e-05
-2.96915e-05
1.54188e-05
-2.20915e-05
1.46049e-05
-1.27057e-05
1.30329e-05
-2.40448e-06
1.08794e-05
7.98283e-06
8.33883e-06
1.77553e-05
5.60888e-06
2.63323e-05
2.87849e-06
3.32614e-05
3.25156e-07
3.82537e-05
-1.89684e-06
4.11874e-05
-3.67118e-06
4.20984e-05
-4.92874e-06
4.11607e-05
-5.65233e-06
3.86563e-05
-5.87551e-06
3.49407e-05
-5.67483e-06
3.04039e-05
-5.15666e-06
2.49281e-05
-4.37516e-06
1.86724e-05
-3.35711e-06
1.27773e-05
-2.28054e-06
7.9964e-06
-1.37718e-06
4.43738e-06
-7.3015e-07
2.06845e-06
-3.19518e-07
7.23255e-07
-9.89478e-08
1.33528e-07
-8.96038e-09
-2.272e-08
1.08817e-08
5.44582e-09
-1.60877e-05
3.10935e-06
-2.86868e-05
8.62439e-06
-3.64046e-05
1.27569e-05
-3.94555e-05
1.5437e-05
-3.84087e-05
1.6812e-05
-3.3937e-05
1.70514e-05
-2.68189e-05
1.63229e-05
-1.78633e-05
1.48001e-05
-7.90755e-06
1.26623e-05
2.24092e-06
1.01055e-05
1.18942e-05
7.33103e-06
2.04843e-05
4.53019e-06
2.75598e-05
1.88158e-06
3.28228e-05
-4.58347e-07
3.61325e-05
-2.36972e-06
3.7498e-05
-3.77821e-06
3.70611e-05
-4.65994e-06
3.50712e-05
-5.0408e-06
3.18539e-05
-4.98957e-06
2.77754e-05
-4.6055e-06
2.27334e-05
-3.93726e-06
1.68892e-05
-3.00872e-06
1.1355e-05
-1.99977e-06
6.88576e-06
-1.14881e-06
3.59968e-06
-5.45634e-07
1.46972e-06
-1.74692e-07
3.29865e-07
7.83344e-09
-9.4977e-08
6.13128e-08
-1.3874e-07
4.83033e-08
2.20781e-08
-1.72548e-07
-1.0382e-11
-9.03099e-07
-6.57123e-10
-2.94969e-06
-1.22176e-09
-7.04876e-06
-1.41725e-09
-1.37413e-05
3.05716e-09
-2.32631e-05
2.23961e-08
-3.55561e-05
7.25955e-08
-5.03522e-05
1.71939e-07
-6.72618e-05
3.37852e-07
-8.42861e-05
5.77829e-07
-9.97407e-05
8.89416e-07
-0.000114136
1.26528e-06
-0.000127689
1.68626e-06
-0.000139991
2.12504e-06
-0.00015062
2.55401e-06
-0.000159183
2.94575e-06
-0.000165334
3.27917e-06
-0.000168789
3.54077e-06
-0.000169356
3.72289e-06
-0.000166939
3.82195e-06
-0.000161536
3.83764e-06
-0.000153226
3.77263e-06
-0.000142153
3.63027e-06
-0.000128494
3.41269e-06
-0.000112433
3.11976e-06
-9.41287e-05
2.7494e-06
-7.36895e-05
2.29746e-06
-5.11549e-05
1.75818e-06
-2.64558e-05
1.12375e-06
3.93321e-07
-1.76614e-07
-1.36105e-10
-9.22927e-07
-1.3711e-09
-2.99934e-06
-2.89156e-09
-7.13044e-06
-3.4354e-09
-1.38356e-05
6.22309e-09
-2.3332e-05
4.68192e-08
-3.55574e-05
1.49838e-07
-5.02426e-05
3.51948e-07
-6.69677e-05
6.86614e-07
-8.39416e-05
1.16735e-06
-9.9423e-05
1.78853e-06
-0.000113774
2.53523e-06
-0.000127339
3.36945e-06
-0.000139682
4.23662e-06
-0.000150361
5.0789e-06
-0.000158973
5.84638e-06
-0.000165167
6.50271e-06
-0.000168655
7.01832e-06
-0.000169244
7.37827e-06
-0.000166839
7.57488e-06
-0.00016144
7.60664e-06
-0.00015313
7.47892e-06
-0.000142054
7.19819e-06
-0.000128394
6.76843e-06
-0.000112335
6.1889e-06
-9.40384e-05
5.45532e-06
-7.36121e-05
4.55925e-06
-5.10969e-05
3.48906e-06
-2.64249e-05
2.22955e-06
7.80142e-07
-1.80039e-07
-2.0311e-10
-9.38002e-07
-1.81276e-09
-3.0257e-06
-3.89301e-09
-7.13683e-06
-3.33072e-09
-1.37527e-05
1.48607e-08
-2.30718e-05
8.18095e-08
-3.5039e-05
2.43568e-07
-4.94014e-05
5.5395e-07
-6.57537e-05
1.06005e-06
-8.24906e-05
1.77895e-06
-9.78803e-05
2.70011e-06
-0.000112177
3.80092e-06
-0.000125771
5.02665e-06
-0.000138198
6.29663e-06
-0.000148995
7.52944e-06
-0.000157744
8.65588e-06
-0.000164078
9.62068e-06
-0.000167701
1.03804e-05
-0.000168413
1.09108e-05
-0.000166117
1.12019e-05
-0.000160816
1.1253e-05
-0.000152592
1.10687e-05
-0.000141595
1.06582e-05
-0.000128007
1.00269e-05
-0.000112015
9.17238e-06
-9.3783e-05
8.08825e-06
-7.34188e-05
6.76171e-06
-5.09655e-05
5.17526e-06
-2.63581e-05
3.30657e-06
1.15671e-06
-1.81466e-07
-1.89781e-10
-9.41545e-07
-1.78919e-09
-3.00952e-06
-3.27944e-09
-7.02959e-06
1.32152e-09
-1.34392e-05
3.34747e-08
-2.24284e-05
1.34508e-07
-3.39596e-05
3.64283e-07
-4.78108e-05
7.90226e-07
-6.36243e-05
1.47025e-06
-7.99389e-05
2.422e-06
-9.51227e-05
3.6281e-06
-0.000109368
5.0582e-06
-0.000123009
6.6434e-06
-0.00013556
8.28385e-06
-0.00014654
9.87972e-06
-0.000155505
1.13419e-05
-0.000162067
1.25962e-05
-0.000165921
1.35876e-05
-0.000166855
1.428e-05
-0.000164767
1.46627e-05
-0.000159656
1.47387e-05
-0.000151608
1.45097e-05
-0.000140772
1.39839e-05
-0.000127332
1.31647e-05
-0.000111475
1.20495e-05
-9.33649e-05
1.06306e-05
-7.31142e-05
8.89059e-06
-5.07666e-05
6.80651e-06
-2.62588e-05
4.34923e-06
1.52142e-06
-1.81535e-07
-9.9623e-11
-9.368e-07
-1.22252e-09
-2.96144e-06
-5.42891e-10
-6.8412e-06
1.18795e-08
-1.29729e-05
6.4735e-08
-2.15434e-05
2.09457e-07
-3.2535e-05
5.17539e-07
-4.5764e-05
1.06671e-06
-6.09222e-05
1.92275e-06
-7.67076e-05
3.10088e-06
-9.16328e-05
4.57288e-06
-0.000105821
6.30111e-06
-0.000119519
8.20827e-06
-0.000132221
1.0181e-05
-0.000143419
1.21034e-05
-0.000152641
1.38684e-05
-0.000159478
1.53869e-05
-0.000163611
1.65936e-05
-0.000164818
1.74451e-05
-0.000162993
1.79251e-05
-0.000158128
1.80327e-05
-0.000150308
1.77721e-05
-0.000139686
1.71487e-05
-0.000126442
1.61604e-05
-0.000110763
1.48031e-05
-9.28157e-05
1.30674e-05
-7.27147e-05
1.09334e-05
-5.05059e-05
8.37311e-06
-2.61289e-05
5.35124e-06
1.87205e-06
-1.7997e-07
9.01982e-11
-9.22401e-07
1.00485e-10
-2.88197e-06
5.15033e-09
-6.58556e-06
3.02429e-08
-1.23939e-05
1.11759e-07
-2.04912e-05
3.10547e-07
-3.08828e-05
7.06996e-07
-4.34284e-05
1.38617e-06
-5.78681e-05
2.4182e-06
-7.30665e-05
3.81383e-06
-8.77004e-05
5.5295e-06
-0.000101821
7.5203e-06
-0.000115572
9.7084e-06
-0.000128424
1.19699e-05
-0.000139845
1.41761e-05
-0.000149337
1.62068e-05
-0.000156468
1.79609e-05
-0.000160899
1.93638e-05
-0.000162405
2.03686e-05
-0.000160874
2.09499e-05
-0.000156293
2.10981e-05
-0.000148745
2.08164e-05
-0.000138378
2.0109e-05
-0.000125368
1.89739e-05
-0.000109903
1.74004e-05
-9.21515e-05
1.53723e-05
-7.223e-05
1.28686e-05
-5.01878e-05
9.85861e-06
-2.59701e-05
6.30182e-06
2.20472e-06
-1.76698e-07
4.05364e-10
-8.98832e-07
2.42013e-09
-2.77766e-06
1.45668e-08
-6.28485e-06
5.79963e-08
-1.17488e-05
1.76782e-07
-1.9353e-05
4.39816e-07
-2.91287e-05
9.33898e-07
-4.09795e-05
1.74836e-06
-5.4685e-05
2.95384e-06
-6.92715e-05
4.55344e-06
-8.35944e-05
6.48931e-06
-9.76324e-05
8.7101e-06
-0.000111414
1.11387e-05
-0.000124392
1.36454e-05
-0.000136014
1.6093e-05
-0.000145759
1.83517e-05
-0.000153176
2.03116e-05
-0.000157909
2.18898e-05
-0.000159725
2.30328e-05
-0.0001585
2.37091e-05
-0.000154221
2.39049e-05
-0.000146967
2.36156e-05
-0.000136881
2.28389e-05
-0.000124137
2.15748e-05
-0.000108918
1.98105e-05
-9.13902e-05
1.75204e-05
-7.16727e-05
1.46769e-05
-4.98205e-05
1.12484e-05
-2.57863e-05
7.19179e-06
2.51625e-06
-1.72042e-07
8.92842e-10
-8.68936e-07
5.96794e-09
-2.6593e-06
2.83372e-08
-5.96555e-06
9.62513e-08
-1.10886e-05
2.61073e-07
-1.82139e-05
5.9792e-07
-2.73982e-05
1.19737e-06
-3.85857e-05
2.15008e-06
-5.15863e-05
3.52452e-06
-6.55689e-05
5.31331e-06
-7.95679e-05
7.44612e-06
-9.34975e-05
9.86648e-06
-0.000107272
1.2497e-05
-0.000120332
1.52072e-05
-0.000132109
1.7855e-05
-0.000142067
2.03048e-05
-0.000149738
2.24402e-05
-0.000154755
2.41715e-05
-0.000156869
2.54375e-05
-0.000155949
2.62011e-05
-0.000151976
2.64449e-05
-0.000145023
2.61589e-05
-0.000135231
2.5332e-05
-0.000122771
2.39563e-05
-0.000107824
2.20209e-05
-9.05464e-05
1.94978e-05
-7.10541e-05
1.63481e-05
-4.9411e-05
1.25356e-05
-2.55809e-05
8.01675e-06
2.80512e-06
-1.66731e-07
1.59339e-09
-8.37245e-07
1.09772e-08
-2.54089e-06
4.71286e-08
-5.65814e-06
1.46035e-07
-1.04679e-05
3.65393e-07
-1.71585e-05
7.84471e-07
-2.58087e-05
1.49514e-06
-3.63954e-05
2.58674e-06
-4.87558e-05
4.12398e-06
-6.21778e-05
6.08872e-06
-7.58499e-05
8.39653e-06
-8.96361e-05
1.09855e-05
-0.000103353
1.3781e-05
-0.000116435
1.66552e-05
-0.000128306
1.94641e-05
-0.000138417
2.20694e-05
-0.00014629
2.43504e-05
-0.000151546
2.62122e-05
-0.000153927
2.7587e-05
-0.000153293
2.84318e-05
-0.000149617
2.87222e-05
-0.000142967
2.8444e-05
-0.000133472
2.75815e-05
-0.000121301
2.61154e-05
-0.000106637
2.40298e-05
-8.96301e-05
2.12981e-05
-7.03834e-05
1.78751e-05
-4.89664e-05
1.37157e-05
-2.53575e-05
8.77396e-06
3.07035e-06
-1.61876e-07
2.55146e-09
-8.09801e-07
1.77314e-08
-2.43928e-06
7.17435e-08
-5.39596e-06
2.08405e-07
-9.94125e-06
4.90234e-07
-1.62655e-05
9.98589e-07
-2.44638e-05
1.82462e-06
-3.45363e-05
3.05446e-06
-4.63438e-05
4.7476e-06
-5.92688e-05
6.87504e-06
-7.26198e-05
9.33681e-06
-8.62248e-05
1.20651e-05
-9.98279e-05
1.49915e-05
-0.000112864
1.7993e-05
-0.000124753
2.09266e-05
-0.000134942
2.36536e-05
-0.000142948
2.60515e-05
-0.000148385
2.80214e-05
-0.000150986
2.94903e-05
-0.000150603
3.04087e-05
-0.000147202
3.07451e-05
-0.000140842
3.04788e-05
-0.000131643
2.95897e-05
-0.000119761
2.80519e-05
-0.000105379
2.5839e-05
-8.86501e-05
2.29221e-05
-6.96681e-05
1.92561e-05
-4.84945e-05
1.47865e-05
-2.51195e-05
9.4623e-06
3.3115e-06
-1.58965e-07
3.83569e-09
-7.94191e-07
2.66677e-08
-2.37389e-06
1.03321e-07
-5.21424e-06
2.84724e-07
-9.56155e-06
6.36292e-07
-1.56055e-05
1.23974e-06
-2.34509e-05
2.18401e-06
-3.31117e-05
3.55067e-06
-4.44662e-05
5.39262e-06
-5.69651e-05
7.66932e-06
-7.00046e-05
1.02649e-05
-8.3392e-05
1.31058e-05
-9.68233e-05
1.61318e-05
-0.00010974
1.92275e-05
-0.000121566
2.22525e-05
-0.000131751
2.507e-05
-0.000139812
2.75575e-05
-0.000145361
2.96139e-05
-0.000148123
3.11615e-05
-0.000147946
3.21448e-05
-0.000144785
3.25252e-05
-0.000138692
3.22744e-05
-0.000129775
3.13666e-05
-0.000118179
2.97713e-05
-0.000104075
2.74516e-05
-8.76226e-05
2.43734e-05
-6.89166e-05
2.04919e-05
-4.80005e-05
1.57471e-05
-2.48702e-05
1.00814e-05
3.52855e-06
-1.60189e-07
5.57018e-09
-8.00579e-07
3.86056e-08
-2.36801e-06
1.43749e-07
-5.15114e-06
3.77227e-07
-9.38075e-06
8.05391e-07
-1.52416e-05
1.509e-06
-2.28416e-05
2.57382e-06
-3.21987e-05
4.07546e-06
-4.32024e-05
6.05894e-06
-5.53471e-05
8.47215e-06
-6.80862e-05
1.11824e-05
-8.1221e-05
1.4111e-05
-9.4424e-05
1.72086e-05
-0.000107148
2.03687e-05
-0.000118828
2.34551e-05
-0.000128924
2.63346e-05
-0.000136957
2.88862e-05
-0.000142542
3.10079e-05
-0.000145401
3.26187e-05
-0.000145377
3.36572e-05
-0.000142415
3.40777e-05
-0.000136555
3.38441e-05
-0.000127899
3.29243e-05
-0.00011658
3.12819e-05
-0.000102748
2.88734e-05
-8.65655e-05
2.56569e-05
-6.81349e-05
2.15856e-05
-4.74874e-05
1.65987e-05
-2.46131e-05
1.0632e-05
3.72196e-06
-1.70171e-07
8.12667e-09
-8.45531e-07
5.54059e-08
-2.45351e-06
1.96634e-07
-5.25207e-06
4.90299e-07
-9.45319e-06
1.00221e-06
-1.5231e-05
1.81089e-06
-2.26905e-05
2.99775e-06
-3.18491e-05
4.63231e-06
-4.26056e-05
6.75358e-06
-5.44635e-05
9.29405e-06
-6.69056e-05
1.2099e-05
-7.97534e-05
1.50903e-05
-9.26745e-05
1.82345e-05
-0.000105136
2.14327e-05
-0.00011659
2.45537e-05
-0.000126511
2.7469e-05
-0.000134433
3.00611e-05
-0.000139976
3.22281e-05
-0.000142865
3.38864e-05
-0.000142936
3.49693e-05
-0.000140128
3.54244e-05
-0.000134467
3.52079e-05
-0.000126044
3.42799e-05
-0.00011498
3.2598e-05
-0.000101413
3.01148e-05
-8.54948e-05
2.67807e-05
-6.73327e-05
2.2544e-05
-4.69583e-05
1.73444e-05
-2.43485e-05
1.11141e-05
3.89157e-06
-2.04605e-07
1.31545e-08
-9.63862e-07
8.21775e-08
-2.68227e-06
2.69983e-07
-5.58018e-06
6.34481e-07
-9.84524e-06
1.23954e-06
-1.56342e-05
2.15928e-06
-2.30462e-05
3.46994e-06
-3.21056e-05
5.23779e-06
-4.27272e-05
7.50117e-06
-5.4347e-05
1.0163e-05
-6.64675e-05
1.30346e-05
-7.8994e-05
1.60596e-05
-9.15825e-05
1.92287e-05
-0.000103713
2.24421e-05
-0.000114862
2.5573e-05
-0.000124527
2.85001e-05
-0.000132257
3.11106e-05
-0.000137684
3.33036e-05
-0.000140536
3.49936e-05
-0.000140646
3.61094e-05
-0.000137944
3.65921e-05
-0.000132446
3.63903e-05
-0.000124228
3.54564e-05
-0.000113398
3.37415e-05
-0.000100085
3.11936e-05
-8.44258e-05
2.77577e-05
-6.65221e-05
2.33768e-05
-4.64124e-05
1.79896e-05
-2.40727e-05
1.15296e-05
4.03747e-06
-3.50148e-07
4.03109e-08
-1.27623e-06
1.44624e-07
-3.18469e-06
3.96421e-07
-6.26018e-06
8.46524e-07
-1.06646e-05
1.55456e-06
-1.65361e-05
2.58938e-06
-2.39718e-05
4.02321e-06
-3.30167e-05
5.92338e-06
-4.35612e-05
8.31301e-06
-5.49502e-05
1.10623e-05
-6.67425e-05
1.39832e-05
-7.8925e-05
1.70394e-05
-9.11326e-05
2.02214e-05
-0.000102864
2.34287e-05
-0.000113632
2.65455e-05
-0.000122961
2.94615e-05
-0.000130422
3.20691e-05
-0.00013566
3.42697e-05
-0.000138411
3.59759e-05
-0.000138505
3.71124e-05
-0.000135866
3.76143e-05
-0.000130496
3.74231e-05
-0.000122456
3.64836e-05
-0.000111842
3.47403e-05
-9.87718e-05
3.21358e-05
-8.3363e-05
2.86104e-05
-6.57085e-05
2.4103e-05
-4.58543e-05
1.8551e-05
-2.37877e-05
1.18898e-05
4.16364e-06
-1.75135e-05
3.30617e-06
-3.16117e-05
9.22418e-06
-4.06467e-05
1.37721e-05
-4.4526e-05
1.67959e-05
-4.40117e-05
1.83888e-05
-3.99399e-05
1.87723e-05
-3.3101e-05
1.81518e-05
-2.43146e-05
1.67053e-05
-1.44084e-05
1.46146e-05
-4.19019e-06
1.2074e-05
5.63623e-06
9.28622e-06
1.44945e-05
6.44463e-06
2.19229e-05
3.7277e-06
2.76075e-05
1.29192e-06
3.13871e-05
-7.41003e-07
3.32473e-05
-2.29289e-06
3.33061e-05
-3.33404e-06
3.17909e-05
-3.88298e-06
2.90101e-05
-4.00041e-06
2.53181e-05
-3.77748e-06
2.06307e-05
-3.2573e-06
1.51121e-05
-2.45936e-06
9.85655e-06
-1.55817e-06
5.63114e-06
-7.9205e-07
2.56867e-06
-2.56541e-07
6.46628e-07
5.84274e-08
-3.03343e-07
1.93103e-07
-5.63527e-07
2.04731e-07
-4.74924e-07
1.54671e-07
1.0144e-07
-2.55029e-07
-1.85215e-05
3.48369e-06
-3.38029e-05
9.74165e-06
-4.42835e-05
1.46554e-05
-4.93951e-05
1.80861e-05
-4.9618e-05
2.00085e-05
-4.60575e-05
2.05829e-05
-3.96688e-05
2.00859e-05
-3.12612e-05
1.87412e-05
-2.16345e-05
1.6729e-05
-1.15719e-05
1.42378e-05
-1.78222e-06
1.14682e-05
7.15555e-06
8.61521e-06
1.47799e-05
5.8567e-06
2.07692e-05
3.34752e-06
2.49472e-05
1.20968e-06
2.72792e-05
-4.76066e-07
2.78596e-05
-1.67509e-06
2.68921e-05
-2.39917e-06
2.46639e-05
-2.70118e-06
2.15123e-05
-2.66424e-06
1.73801e-05
-2.32748e-06
1.24053e-05
-1.70059e-06
7.61438e-06
-9.40584e-07
3.77517e-06
-2.83006e-07
1.03073e-06
1.68806e-07
-6.38552e-07
4.19929e-07
-1.3986e-06
5.06698e-07
-1.5238e-06
4.8308e-07
-1.34398e-06
4.08547e-07
3.42889e-07
-1.1792e-06
-1.95103e-05
3.65691e-06
-3.57664e-05
1.02289e-05
-4.74885e-05
1.54253e-05
-5.41561e-05
1.91982e-05
-5.56418e-05
2.15337e-05
-5.2794e-05
2.24349e-05
-4.69048e-05
2.21145e-05
-3.89589e-05
2.08902e-05
-2.97011e-05
1.8986e-05
-1.98762e-05
1.65735e-05
-1.01993e-05
1.38507e-05
-1.25116e-06
1.10152e-05
6.51019e-06
8.24202e-06
1.27587e-05
5.6829e-06
1.73068e-05
3.4589e-06
2.01025e-05
1.65228e-06
2.12189e-05
3.01715e-07
2.0838e-05
-5.98437e-07
1.92274e-05
-1.09382e-06
1.67116e-05
-1.26114e-06
1.3281e-05
-1.1432e-06
8.96463e-06
-7.2636e-07
4.68993e-06
-1.26664e-07
1.27456e-06
4.13667e-07
-1.14768e-06
7.75336e-07
-2.59332e-06
9.62452e-07
-3.22279e-06
1.00631e-06
-3.29858e-06
9.57445e-07
-3.14188e-06
8.73028e-07
8.13469e-07
-3.07442e-06
-2.05589e-05
3.82252e-06
-3.77743e-05
1.06997e-05
-5.04527e-05
1.61531e-05
-5.84434e-05
2.01694e-05
-6.15769e-05
2.28427e-05
-6.00135e-05
2.41725e-05
-5.48316e-05
2.41859e-05
-4.74176e-05
2.31463e-05
-3.8616e-05
2.13748e-05
-2.9096e-05
1.90667e-05
-1.9605e-05
1.64149e-05
-1.07158e-05
1.36247e-05
-2.87728e-06
1.08638e-05
3.5826e-06
8.27891e-06
8.46815e-06
5.9893e-06
1.17121e-05
4.07786e-06
1.33683e-05
2.58689e-06
1.35972e-05
1.51667e-06
1.26472e-05
8.29062e-07
1.08325e-05
4.54283e-07
8.21515e-06
3.41916e-07
4.66321e-06
5.19397e-07
9.32319e-07
9.27129e-07
-2.07626e-06
1.34147e-06
-4.20815e-06
1.61656e-06
-5.48088e-06
1.74216e-06
-6.05541e-06
1.74812e-06
-6.19127e-06
1.68387e-06
-6.20536e-06
1.60385e-06
1.56605e-06
-6.3793e-06
-2.16654e-05
3.97955e-06
-3.99137e-05
1.11477e-05
-5.35316e-05
1.6855e-05
-6.25106e-05
2.1089e-05
-6.70435e-05
2.39858e-05
-6.71858e-05
2.56588e-05
-6.32981e-05
2.61186e-05
-5.6677e-05
2.54478e-05
-4.8413e-05
2.38924e-05
-3.9242e-05
2.17037e-05
-3.00108e-05
1.91406e-05
-2.12531e-05
1.64238e-05
-1.33999e-05
1.37022e-05
-6.78086e-06
1.11163e-05
-1.59653e-06
8.78301e-06
2.07128e-06
6.78554e-06
4.25719e-06
5.16991e-06
5.09863e-06
3.94267e-06
4.81807e-06
3.07495e-06
3.70378e-06
2.50969e-06
1.85985e-06
2.20326e-06
-8.62922e-07
2.16161e-06
-3.93704e-06
2.33843e-06
-6.53204e-06
2.57695e-06
-8.40704e-06
2.74642e-06
-9.55707e-06
2.80917e-06
-1.01433e-05
2.78139e-06
-1.04331e-05
2.70821e-06
-1.07228e-05
2.64003e-06
2.62853e-06
-1.12153e-05
-2.28359e-05
4.12683e-06
-4.21828e-05
1.15698e-05
-5.68269e-05
1.7521e-05
-6.67692e-05
2.19748e-05
-7.2334e-05
2.50681e-05
-7.39188e-05
2.6954e-05
-7.17144e-05
2.77489e-05
-6.64088e-05
2.75151e-05
-5.8997e-05
2.63517e-05
-5.03376e-05
2.44266e-05
-4.14253e-05
2.20087e-05
-3.28807e-05
1.9387e-05
-2.50781e-05
1.67323e-05
-1.83589e-05
1.41697e-05
-1.29219e-05
1.1816e-05
-8.8659e-06
9.75338e-06
-6.1763e-06
8.03293e-06
-4.74164e-06
6.66741e-06
-4.37438e-06
5.63812e-06
-4.83479e-06
4.90342e-06
-6.02781e-06
4.42956e-06
-7.96545e-06
4.19832e-06
-1.02655e-05
4.15086e-06
-1.23506e-05
4.18274e-06
-1.39703e-05
4.21309e-06
-1.50519e-05
4.20376e-06
-1.57076e-05
4.14678e-06
-1.61938e-05
4.0671e-06
-1.67843e-05
4.00742e-06
4.01563e-06
-1.75998e-05
-2.40746e-05
4.26302e-06
-4.45897e-05
1.19619e-05
-6.03323e-05
1.8145e-05
-7.13298e-05
2.28127e-05
-7.78959e-05
2.61091e-05
-8.05391e-05
2.81825e-05
-7.97391e-05
2.91839e-05
-7.59345e-05
2.9241e-05
-6.98802e-05
2.84838e-05
-6.22326e-05
2.70112e-05
-5.38617e-05
2.4935e-05
-4.5611e-05
2.2492e-05
-3.79231e-05
1.99242e-05
-3.11753e-05
1.74083e-05
-2.55389e-05
1.50583e-05
-2.11441e-05
1.29523e-05
-1.79944e-05
1.11502e-05
-1.60051e-05
9.66916e-06
-1.50272e-05
8.49928e-06
-1.48727e-05
7.61164e-06
-1.54432e-05
6.97157e-06
-1.66591e-05
6.54921e-06
-1.82043e-05
6.29564e-06
-1.97131e-05
6.13672e-06
-2.10314e-05
6.01978e-06
-2.20701e-05
5.92316e-06
-2.28733e-05
5.83774e-06
-2.35959e-05
5.76487e-06
-2.44658e-05
5.7201e-06
5.74058e-06
-2.5551e-05
-2.53842e-05
4.38663e-06
-4.71395e-05
1.232e-05
-6.40547e-05
1.87201e-05
-7.61825e-05
2.35939e-05
-8.38473e-05
2.70919e-05
-8.75314e-05
2.93667e-05
-8.78246e-05
3.05689e-05
-8.52642e-05
3.08397e-05
-8.06159e-05
3.03488e-05
-7.43784e-05
2.9251e-05
-6.70266e-05
2.76159e-05
-5.93493e-05
2.55401e-05
-5.19572e-05
2.32093e-05
-4.52543e-05
2.08064e-05
-3.94731e-05
1.8475e-05
-3.48059e-05
1.63449e-05
-3.12592e-05
1.44882e-05
-2.87717e-05
1.29177e-05
-2.72326e-05
1.16309e-05
-2.64955e-05
1.06093e-05
-2.64306e-05
9.81441e-06
-2.69348e-05
9.20429e-06
-2.77855e-05
8.74845e-06
-2.87382e-05
8.40976e-06
-2.97016e-05
8.15225e-06
-3.06422e-05
7.95815e-06
-3.15891e-05
7.82261e-06
-3.25863e-05
7.74389e-06
-3.37695e-05
7.72302e-06
7.77991e-06
-3.51425e-05
-2.67659e-05
4.49602e-06
-4.98347e-05
1.26392e-05
-6.79974e-05
1.9239e-05
-8.13322e-05
2.43084e-05
-9.01752e-05
2.80037e-05
-9.50104e-05
3.04815e-05
-9.64125e-05
3.18947e-05
-9.49798e-05
3.2392e-05
-9.14616e-05
3.21284e-05
-8.64667e-05
3.12678e-05
-8.0344e-05
2.99361e-05
-7.36547e-05
2.82376e-05
-6.69436e-05
2.62889e-05
-6.0543e-05
2.41797e-05
-5.47589e-05
2.19984e-05
-4.98901e-05
1.98935e-05
-4.60333e-05
1.80058e-05
-4.3123e-05
1.63756e-05
-4.10902e-05
1.49979e-05
-3.98212e-05
1.38651e-05
-3.91466e-05
1.29321e-05
-3.89534e-05
1.21466e-05
-3.91475e-05
1.1501e-05
-3.95852e-05
1.09949e-05
-4.01929e-05
1.06061e-05
-4.09596e-05
1.03148e-05
-4.19122e-05
1.01103e-05
-4.30949e-05
9.99187e-06
-4.45804e-05
9.96274e-06
1.00288e-05
-4.62506e-05
-2.82196e-05
4.58944e-06
-5.26751e-05
1.29145e-05
-7.21602e-05
1.96934e-05
-8.67788e-05
2.49451e-05
-9.68791e-05
2.88306e-05
-0.000102947
3.15097e-05
-0.000105553
3.3137e-05
-0.00010531
3.38633e-05
-0.000102879
3.38388e-05
-9.88998e-05
3.32112e-05
-9.3826e-05
3.21093e-05
-8.81846e-05
3.06686e-05
-8.23878e-05
2.90206e-05
-7.67132e-05
2.72588e-05
-7.13159e-05
2.54115e-05
-6.64473e-05
2.3506e-05
-6.23811e-05
2.16636e-05
-5.91345e-05
1.99979e-05
-5.66958e-05
1.85542e-05
-5.49636e-05
1.7334e-05
-5.37323e-05
1.62833e-05
-5.28885e-05
1.53421e-05
-5.24787e-05
1.45249e-05
-5.24453e-05
1.3867e-05
-5.27259e-05
1.33573e-05
-5.3298e-05
1.29737e-05
-5.41717e-05
1.27014e-05
-5.5397e-05
1.25325e-05
-5.70217e-05
1.24621e-05
1.24854e-05
-5.88186e-05
-2.97447e-05
4.66519e-06
-5.56601e-05
1.3141e-05
-7.65425e-05
2.00755e-05
-9.25216e-05
2.54932e-05
-0.000103958
2.95587e-05
-0.000111339
3.24339e-05
-0.00011523
3.42742e-05
-0.000116237
3.52294e-05
-0.000114982
3.54451e-05
-0.000112058
3.50612e-05
-0.000107967
3.42073e-05
-0.000103237
3.30099e-05
-9.82691e-05
3.15872e-05
-9.34122e-05
3.0057e-05
-8.87415e-05
2.84955e-05
-8.42897e-05
2.69004e-05
-8.02906e-05
2.52831e-05
-7.68878e-05
2.37121e-05
-7.41303e-05
2.22552e-05
-7.20071e-05
2.09604e-05
-7.0301e-05
1.98098e-05
-6.88796e-05
1.87366e-05
-6.79337e-05
1.77704e-05
-6.74846e-05
1.698e-05
-6.74724e-05
1.6364e-05
-6.78661e-05
1.58965e-05
-6.86611e-05
1.55586e-05
-6.98742e-05
1.5337e-05
-7.15272e-05
1.52213e-05
1.52018e-05
-7.33451e-05
-3.13409e-05
4.72143e-06
-5.87888e-05
1.33132e-05
-8.11434e-05
2.03765e-05
-9.85594e-05
2.59405e-05
-0.000111409
3.01724e-05
-0.000120182
3.32351e-05
-0.000125435
3.52833e-05
-0.000127761
3.64644e-05
-0.000127755
3.69196e-05
-0.000125983
3.67829e-05
-0.000122956
3.61797e-05
-0.000119152
3.52286e-05
-0.000114971
3.40392e-05
-0.000110776
3.27091e-05
-0.000106767
3.13254e-05
-0.000102949
2.994e-05
-9.94009e-05
2.85712e-05
-9.62191e-05
2.72337e-05
-9.34059e-05
2.59275e-05
-9.1047e-05
2.46705e-05
-8.8942e-05
2.34576e-05
-8.70157e-05
2.22611e-05
-8.56175e-05
2.11651e-05
-8.48267e-05
2.02665e-05
-8.45765e-05
1.95636e-05
-8.48255e-05
1.90254e-05
-8.55544e-05
1.8629e-05
-8.67589e-05
1.8357e-05
-8.84406e-05
1.81953e-05
1.81305e-05
-9.02994e-05
-3.30042e-05
4.75598e-06
-6.20538e-05
1.34249e-05
-8.59522e-05
2.05859e-05
-0.000104879
2.62724e-05
-0.000119217
3.06529e-05
-0.000129455
3.38899e-05
-0.000136144
3.61362e-05
-0.00013986
3.75363e-05
-0.000141176
3.82264e-05
-0.000140638
3.83349e-05
-0.000138745
3.79812e-05
-0.000135949
3.72765e-05
-0.000132636
3.63221e-05
-0.000129125
3.5207e-05
-0.000125669
3.4006e-05
-0.000122381
3.27723e-05
-0.000119364
3.15548e-05
-0.000116657
3.03914e-05
-0.000114183
2.92767e-05
-0.00011193
2.81812e-05
-0.000109604
2.70249e-05
-0.000107296
2.5781e-05
-0.000105566
2.46058e-05
-0.000104535
2.36369e-05
-0.000104125
2.28742e-05
-0.000104285
2.22837e-05
-0.000104983
2.18402e-05
-0.000106201
2.15239e-05
-0.000107924
2.13183e-05
2.12073e-05
-0.00010983
-3.47271e-05
4.76656e-06
-6.54412e-05
1.34692e-05
-9.0949e-05
2.06926e-05
-0.000111453
2.64736e-05
-0.000127348
3.09805e-05
-0.00013912
3.43742e-05
-0.000147313
3.68047e-05
-0.000152487
3.84125e-05
-0.000155197
3.93287e-05
-0.000155969
3.96758e-05
-0.000155285
3.95669e-05
-0.000153579
3.91061e-05
-0.000151222
3.83869e-05
-0.000148523
3.74915e-05
-0.000145719
3.6489e-05
-0.000142971
3.54341e-05
-0.00014043
3.43716e-05
-0.000138162
3.33329e-05
-0.000136161
3.23408e-05
-0.000134329
3.13947e-05
-0.000132098
3.03638e-05
-0.000129627
2.91629e-05
-0.00012774
2.79779e-05
-0.000126605
2.69879e-05
-0.000126138
2.61993e-05
-0.000126283
2.55793e-05
-0.000127002
2.51034e-05
-0.000128266
2.47515e-05
-0.000130052
2.45062e-05
2.43499e-05
-0.000132014
-3.65018e-05
4.75094e-06
-6.89361e-05
1.34397e-05
-9.61128e-05
2.06859e-05
-0.000118256
2.65291e-05
-0.00013577
3.11361e-05
-0.00014914
3.46648e-05
-0.000158901
3.72614e-05
-0.000165598
3.90617e-05
-0.00016977
4.01915e-05
-0.000171924
4.0767e-05
-0.000172528
4.08949e-05
-0.000171999
4.06723e-05
-0.000170696
4.01864e-05
-0.000168921
3.95133e-05
-0.000166914
3.87178e-05
-0.00016486
3.78536e-05
-0.000162906
3.6965e-05
-0.000161148
3.60879e-05
-0.000159673
3.52525e-05
-0.000158285
3.44262e-05
-0.000156257
3.34545e-05
-0.000153863
3.23001e-05
-0.000152049
3.11698e-05
-0.000150972
3.02143e-05
-0.000150567
2.94354e-05
-0.000150784
2.88101e-05
-0.000151585
2.83179e-05
-0.000152937
2.79406e-05
-0.000154806
2.76613e-05
2.74617e-05
-0.000156831
-3.83205e-05
4.7069e-06
-7.25239e-05
1.33297e-05
-0.000101423
2.05549e-05
-0.000125262
2.6424e-05
-0.000144452
3.11004e-05
-0.000159479
3.47381e-05
-0.000170867
3.74787e-05
-0.00017915
3.94524e-05
-0.00018485
4.07792e-05
-0.000188459
4.1569e-05
-0.000190429
4.19221e-05
-0.000191164
4.19292e-05
-0.000191015
4.1671e-05
-0.000190279
4.12185e-05
-0.000189199
4.06326e-05
-0.000187975
3.99648e-05
-0.000186764
3.92582e-05
-0.000185696
3.85495e-05
-0.000184885
3.78717e-05
-0.000183859
3.7149e-05
-0.000181997
3.62221e-05
-0.000179909
3.51395e-05
-0.000178391
3.41085e-05
-0.000177533
3.32227e-05
-0.000177309
3.24805e-05
-0.000177687
3.18698e-05
-0.000178633
3.13759e-05
-0.000180113
3.09834e-05
-0.00018209
3.06768e-05
3.04379e-05
-0.000184183
-4.01746e-05
4.63224e-06
-7.61882e-05
1.31327e-05
-0.000106856
2.02887e-05
-0.000132441
2.61428e-05
-0.00015336
3.08537e-05
-0.000170097
3.45702e-05
-0.000183168
3.74282e-05
-0.000193096
3.9552e-05
-0.000200386
4.10553e-05
-0.000205518
4.20415e-05
-0.000208931
4.26045e-05
-0.000211015
4.28285e-05
-0.000212116
4.27887e-05
-0.000212527
4.25507e-05
-0.000212495
4.21714e-05
-0.000212224
4.16991e-05
-0.000211883
4.11742e-05
-0.000211611
4.06302e-05
-0.000211523
4.00929e-05
-0.000210941
3.94773e-05
-0.000209407
3.86433e-05
-0.000207778
3.76662e-05
-0.00020668
3.67364e-05
-0.000206158
3.59259e-05
-0.000206214
3.52334e-05
-0.00020683
3.46508e-05
-0.000207979
3.41668e-05
-0.000209627
3.37682e-05
-0.000211733
3.34412e-05
3.31682e-05
-0.000213904
-4.20549e-05
4.52477e-06
-7.99114e-05
1.28421e-05
-0.000112387
1.98764e-05
-0.00013976
2.567e-05
-0.000162453
3.0376e-05
-0.000180948
3.41366e-05
-0.000195752
3.70812e-05
-0.000207377
3.93276e-05
-0.000216316
4.09826e-05
-0.000223035
4.21431e-05
-0.000227961
4.28965e-05
-0.000231475
4.33209e-05
-0.000233916
4.34856e-05
-0.000235574
4.34513e-05
-0.000236697
4.32705e-05
-0.000237492
4.2988e-05
-0.000238132
4.26411e-05
-0.000238756
4.22601e-05
-0.000239469
4.18682e-05
-0.00023952
4.13797e-05
-0.000238513
4.06604e-05
-0.000237406
3.97915e-05
-0.000236782
3.89585e-05
-0.000236672
3.82257e-05
-0.000237082
3.75898e-05
-0.000238
3.70438e-05
-0.0002394
3.65778e-05
-0.000241249
3.61806e-05
-0.000243505
3.58398e-05
3.55385e-05
-0.000245761
-4.39514e-05
4.38231e-06
-8.36739e-05
1.24514e-05
-0.000117987
1.93068e-05
-0.000147182
2.49902e-05
-0.000171687
2.96472e-05
-0.00019198
3.34125e-05
-0.00020856
3.64084e-05
-0.000221928
3.87453e-05
-0.000232566
4.0523e-05
-0.000240929
4.18315e-05
-0.000247432
4.27517e-05
-0.000252448
4.33554e-05
-0.00025631
4.37063e-05
-0.000259303
4.38602e-05
-0.000261677
4.38652e-05
-0.000263638
4.37623e-05
-0.000265361
4.35857e-05
-0.000266988
4.33633e-05
-0.000268627
4.31166e-05
-0.000269466
4.27605e-05
-0.000269101
4.21633e-05
-0.00026857
4.14063e-05
-0.000268476
4.06707e-05
-0.00026884
4.00175e-05
-0.000269662
3.94424e-05
-0.00027093
3.89382e-05
-0.000272619
3.84964e-05
-0.000274694
3.81066e-05
-0.000277113
3.7758e-05
3.74342e-05
-0.000279458
-4.58534e-05
4.20276e-06
-8.74547e-05
1.19543e-05
-0.000123626
1.85691e-05
-0.000154669
2.40878e-05
-0.000181013
2.8647e-05
-0.000203134
3.23733e-05
-0.000221524
3.53804e-05
-0.000236672
3.77712e-05
-0.000249052
3.9638e-05
-0.000259105
4.10638e-05
-0.000267239
4.21225e-05
-0.000273818
4.28801e-05
-0.000279168
4.33946e-05
-0.000283573
4.37166e-05
-0.000287277
4.38898e-05
-0.00029049
4.39517e-05
-0.000293386
4.39332e-05
-0.000296111
4.386e-05
-0.000298775
4.37519e-05
-0.000300506
4.35251e-05
-0.000300875
4.30501e-05
-0.000300988
4.24057e-05
-0.000301482
4.1768e-05
-0.00030237
4.11955e-05
-0.00030365
4.06832e-05
-0.000305306
4.02245e-05
-0.000307312
3.98112e-05
-0.000309632
3.94341e-05
-0.000312222
3.90835e-05
3.87439e-05
-0.000314656
-4.77496e-05
3.98406e-06
-9.12318e-05
1.13444e-05
-0.000129271
1.76528e-05
-0.000162175
2.29476e-05
-0.000190377
2.73557e-05
-0.000214346
3.09942e-05
-0.000234568
3.39679e-05
-0.000251524
3.63714e-05
-0.000265674
3.82891e-05
-0.000277453
3.97967e-05
-0.000287258
4.09614e-05
-0.000295447
4.18428e-05
-0.000302339
4.24934e-05
-0.000308214
4.29587e-05
-0.000313314
4.32781e-05
-0.000317847
4.34852e-05
-0.000321988
4.36079e-05
-0.000325883
4.36694e-05
-0.000329645
4.36877e-05
-0.000332344
4.3581e-05
-0.000333517
4.3223e-05
-0.000334337
4.2689e-05
-0.000335469
4.21479e-05
-0.000336925
4.16554e-05
-0.000338697
4.12067e-05
-0.000340769
4.07954e-05
-0.000343114
4.0414e-05
-0.000345693
4.00544e-05
-0.000348461
3.97078e-05
3.93596e-05
-0.000350983
-4.96284e-05
3.72425e-06
-9.49816e-05
1.06158e-05
-0.000134886
1.65474e-05
-0.000169655
2.15547e-05
-0.000199719
2.57537e-05
-0.000225545
2.9251e-05
-0.000247609
3.2142e-05
-0.000266383
3.45122e-05
-0.000282321
3.64381e-05
-0.000295846
3.79875e-05
-0.000307348
3.92209e-05
-0.000317176
4.01916e-05
-0.000325646
4.09463e-05
-0.000333031
4.15255e-05
-0.000339572
4.19643e-05
-0.000345472
4.22924e-05
-0.000350908
4.25346e-05
-0.000356024
4.27115e-05
-0.000360934
4.28392e-05
-0.000364652
4.28386e-05
-0.000366684
4.25886e-05
-0.000368257
4.21596e-05
-0.000370067
4.17114e-05
-0.000372122
4.12968e-05
-0.000374413
4.0911e-05
-0.000376922
4.05481e-05
-0.000379619
4.02015e-05
-0.000382466
3.98638e-05
-0.000385416
3.95272e-05
3.91786e-05
-0.000388028
-5.14778e-05
3.42149e-06
-9.86803e-05
9.76282e-06
-0.000140435
1.52432e-05
-0.000177058
1.98951e-05
-0.000208976
2.38224e-05
-0.00023665
2.71206e-05
-0.000260551
2.98748e-05
-0.000281141
3.21613e-05
-0.000298865
3.40478e-05
-0.000314139
3.55946e-05
-0.000327343
3.6855e-05
-0.000338823
3.78758e-05
-0.000348885
3.86981e-05
-0.000357801
3.93575e-05
-0.000365804
3.98844e-05
-0.000373099
4.03048e-05
-0.000379857
4.06403e-05
-0.000386221
4.09089e-05
-0.000392306
4.11246e-05
-0.00039707
4.12124e-05
-0.000399994
4.1058e-05
-0.000402353
4.07261e-05
-0.000404866
4.03653e-05
-0.000407541
4.00247e-05
-0.000410367
3.97e-05
-0.000413324
3.93858e-05
-0.000416381
3.90762e-05
-0.000419501
3.87648e-05
-0.000422636
3.84449e-05
3.81045e-05
-0.000425338
-5.32862e-05
3.07409e-06
-0.000102303
8.78031e-06
-0.00014588
1.37312e-05
-0.000184331
1.79555e-05
-0.000218078
2.15443e-05
-0.000247578
2.4581e-05
-0.000273291
2.71401e-05
-0.000295675
2.92879e-05
-0.000315165
3.10834e-05
-0.000332169
3.25787e-05
-0.000347061
3.38199e-05
-0.00036018
3.48475e-05
-0.000371827
3.56967e-05
-0.000382267
3.6398e-05
-0.000391733
3.69776e-05
-0.000400423
3.74575e-05
-0.000408505
3.78563e-05
-0.000416123
3.8189e-05
-0.000423384
3.84675e-05
-0.000429203
3.86226e-05
-0.000433031
3.85487e-05
-0.000436189
3.83037e-05
-0.000439416
3.8023e-05
-0.000442718
3.77515e-05
-0.000446084
3.74851e-05
-0.000449492
3.72193e-05
-0.000452912
3.69488e-05
-0.000456305
3.66682e-05
-0.000459624
3.63718e-05
3.60491e-05
-0.000462418
-5.50425e-05
2.68058e-06
-0.000105828
7.66366e-06
-0.000151184
1.20033e-05
-0.00019142
1.57242e-05
-0.000226955
1.89037e-05
-0.000258235
2.16127e-05
-0.000285717
2.39141e-05
-0.000309849
2.58642e-05
-0.00033106
2.75127e-05
-0.000349752
2.89037e-05
-0.000366291
3.00757e-05
-0.000381011
3.10628e-05
-0.000394208
3.18943e-05
-0.000406143
3.25956e-05
-0.000417043
3.31886e-05
-0.000427102
3.36916e-05
-0.000436487
3.41197e-05
-0.000445335
3.44855e-05
-0.000453754
3.47987e-05
-0.00046061
3.49971e-05
-0.000465335
3.49863e-05
-0.000469285
3.48164e-05
-0.00047322
3.46073e-05
-0.000477142
3.43987e-05
-0.000481041
3.41873e-05
-0.000484894
3.39691e-05
-0.000488671
3.37397e-05
-0.000492334
3.34945e-05
-0.000495836
3.3229e-05
3.29341e-05
-0.000498721
-5.67373e-05
2.23971e-06
-0.000109232
6.40904e-06
-0.000156311
1.00528e-05
-0.000198273
1.31912e-05
-0.000235532
1.58872e-05
-0.000268527
1.81985e-05
-0.000297708
2.01763e-05
-0.000323517
2.18662e-05
-0.000346378
2.33085e-05
-0.000366685
2.45387e-05
-0.000384801
2.5588e-05
-0.000401055
2.64838e-05
-0.000415736
2.72496e-05
-0.000429103
2.79058e-05
-0.000441377
2.84698e-05
-0.000452751
2.89561e-05
-0.000463386
2.93768e-05
-0.000473417
2.97418e-05
-0.000482947
3.00587e-05
-0.000490802
3.02742e-05
-0.00049639
3.03074e-05
-0.000501106
3.01995e-05
-0.000505722
3.00523e-05
-0.000510243
2.98999e-05
-0.000514655
2.97396e-05
-0.000518938
2.95679e-05
-0.00052306
2.93815e-05
-0.000526984
2.91765e-05
-0.000530664
2.89495e-05
2.86929e-05
-0.000533639
-5.83647e-05
1.75057e-06
-0.000112501
5.01352e-06
-0.00016123
7.87433e-06
-0.00020484
1.03486e-05
-0.000243736
1.24843e-05
-0.000278353
1.43253e-05
-0.000309135
1.59107e-05
-0.000336519
1.72751e-05
-0.000360924
1.8449e-05
-0.000382741
1.94594e-05
-0.000402329
2.03299e-05
-0.000420012
2.1081e-05
-0.000436077
2.17306e-05
-0.000450778
2.22939e-05
-0.000464334
2.2784e-05
-0.000476933
2.32116e-05
-0.000488735
2.35857e-05
-0.000499869
2.39137e-05
-0.000510438
2.42011e-05
-0.000519224
2.44057e-05
-0.000525618
2.44623e-05
-0.000531046
2.44025e-05
-0.000536298
2.4307e-05
-0.000541376
2.42036e-05
-0.000546269
2.409e-05
-0.000550954
2.39636e-05
-0.000555401
2.38218e-05
-0.000559572
2.36619e-05
-0.000563423
2.3481e-05
2.32736e-05
-0.00056649
-5.9925e-05
1.21256e-06
-0.000115629
3.47521e-06
-0.000165922
5.4646e-06
-0.00021108
7.19141e-06
-0.000251501
8.68818e-06
-0.000287615
9.9846e-06
-0.000319865
1.1107e-05
-0.000348685
1.20788e-05
-0.00037449
1.29205e-05
-0.000397671
1.36503e-05
-0.000418583
1.42841e-05
-0.000437548
1.48357e-05
-0.000454853
1.53169e-05
-0.000470747
1.5738e-05
-0.00048545
1.61077e-05
-0.000499146
1.6433e-05
-0.000511992
1.672e-05
-0.000524118
1.69734e-05
-0.00053562
1.71968e-05
-0.000545243
1.73609e-05
-0.000552353
1.74196e-05
-0.000558412
1.73933e-05
-0.000564227
1.7339e-05
-0.000569802
1.7277e-05
-0.000575124
1.72056e-05
-0.000580171
1.71231e-05
-0.000584913
1.70275e-05
-0.000589312
1.69171e-05
-0.000593325
1.679e-05
1.66423e-05
-0.000596482
-6.14311e-05
6.25406e-07
-0.000118629
1.79335e-06
-0.000170386
2.82235e-06
-0.000216968
3.71797e-06
-0.00025877
4.49674e-06
-0.000296222
5.17367e-06
-0.000329766
5.76209e-06
-0.000359837
6.27378e-06
-0.000386852
6.71916e-06
-0.000411199
7.10736e-06
-0.000433237
7.44638e-06
-0.000453287
7.74315e-06
-0.000471635
8.00367e-06
-0.000488532
8.23304e-06
-0.000504195
8.43557e-06
-0.00051881
8.61486e-06
-0.000532534
8.77381e-06
-0.000545494
8.9147e-06
-0.00055779
9.03908e-06
-0.000568128
9.13254e-06
-0.000575829
9.17119e-06
-0.000582391
9.16399e-06
-0.000588664
9.14058e-06
-0.000594648
9.11239e-06
-0.00060033
9.0785e-06
-0.000605684
9.03797e-06
-0.000610679
8.98983e-06
-0.000615277
8.93315e-06
-0.000619437
8.86702e-06
8.78929e-06
-0.000622681
-6.29313e-05
-0.000121569
-0.000174689
-0.000222556
-0.000265571
-0.000304166
-0.000338788
-0.000369878
-0.000397856
-0.000423117
-0.000446021
-0.000466894
-0.000486024
-0.000503666
-0.000520038
-0.00053533
-0.000549698
-0.000563274
-0.000576162
-0.000587036
-0.000595154
-0.000602052
-0.000608644
-0.000614921
-0.000620865
-0.00062645
-0.000631642
-0.000636402
-0.000640686
-0.00064401
-2.45303e-07
3.24169e-08
-2.7239e-07
3.18011e-08
3.48165e-08
-3.56187e-07
-1.15677e-06
1.4541e-07
-1.22573e-06
1.51593e-07
1.56447e-07
-1.42073e-06
-3.16656e-06
3.79433e-07
-3.3264e-06
4.00786e-07
4.073e-07
-3.63498e-06
-6.67025e-06
7.59227e-07
-6.95072e-06
7.98969e-07
8.09428e-07
-7.35924e-06
-1.17415e-05
1.29478e-06
-1.21602e-05
1.35298e-06
1.36845e-06
-1.26666e-05
-1.83514e-05
1.98995e-06
-1.89059e-05
2.0645e-06
2.08431e-06
-1.95165e-05
-2.64807e-05
2.84882e-06
-2.71511e-05
2.93619e-06
2.95863e-06
-2.78745e-05
-3.62437e-05
3.87661e-06
-3.69869e-05
3.97887e-06
3.99844e-06
-3.78066e-05
-4.75442e-05
5.0022e-06
-4.83896e-05
5.1252e-06
5.1575e-06
-4.93551e-05
-6.02315e-05
6.20884e-06
-6.12421e-05
6.34381e-06
6.38861e-06
-6.24185e-05
-7.47932e-05
7.54403e-06
-7.5888e-05
7.681e-06
7.71773e-06
-7.71549e-05
-9.17686e-05
8.98407e-06
-9.28508e-05
9.12301e-06
9.14986e-06
-9.40603e-05
-0.000111319
1.0497e-05
-0.000112364
1.06373e-05
1.06522e-05
-0.000113451
-0.000133518
1.20425e-05
-0.000134502
1.21837e-05
1.2186e-05
-0.000135409
-0.000158344
1.35729e-05
-0.000159249
1.37144e-05
1.37042e-05
-0.000159937
-0.000185699
1.50367e-05
-0.000186511
1.51781e-05
1.51564e-05
-0.000186949
-0.000215424
1.63803e-05
-0.00021614
1.65219e-05
1.64906e-05
-0.000216303
-0.000247289
1.7547e-05
-0.000247905
1.76889e-05
1.76501e-05
-0.000247781
-0.000280989
1.848e-05
-0.000281501
1.86215e-05
1.85773e-05
-0.000281094
-0.000316186
1.91242e-05
-0.000316597
1.92643e-05
1.92168e-05
-0.000315917
-0.000352512
1.94263e-05
-0.000352828
1.95638e-05
1.95149e-05
-0.00035189
-0.000389558
1.93356e-05
-0.000389785
1.94688e-05
1.94202e-05
-0.000388608
-0.000426871
1.88045e-05
-0.000427018
1.89313e-05
1.88847e-05
-0.000425622
-0.000463955
1.77894e-05
-0.000464031
1.79075e-05
1.78642e-05
-0.000462439
-0.000500266
1.62518e-05
-0.000500281
1.63584e-05
1.63196e-05
-0.000498513
-0.000535196
1.41586e-05
-0.000535159
1.42508e-05
1.42178e-05
-0.000533237
-0.000568062
1.14843e-05
-0.000567983
1.15588e-05
1.15326e-05
-0.000565928
-0.000598077
8.21211e-06
-0.000597966
8.2653e-06
8.24702e-06
-0.000595798
-0.000624306
4.337e-06
-0.00062418
4.36512e-06
4.35572e-06
-0.000621927
-0.000645671
-0.000645546
-0.000643236
-8.68061e-07
1.44953e-07
-2.09522e-06
3.12446e-07
-4.33654e-06
6.44191e-07
-7.76178e-06
1.18889e-06
-1.25179e-05
2.00296e-06
-1.87341e-05
3.15072e-06
-2.65113e-05
4.69947e-06
-3.59221e-05
6.71468e-06
-4.67767e-05
9.20255e-06
-5.83806e-05
1.20251e-05
-7.03188e-05
1.50032e-05
-8.25834e-05
1.80866e-05
-9.48128e-05
2.12621e-05
-0.000106501
2.44396e-05
-0.000117206
2.75161e-05
-0.000126466
3.03977e-05
-0.000133859
3.29818e-05
-0.000139033
3.51712e-05
-0.00014172
3.68772e-05
-0.000141747
3.80208e-05
-0.000139027
3.85316e-05
-0.000133549
3.83442e-05
-0.000125359
3.73964e-05
-0.000114544
3.5626e-05
-0.000101208
3.29702e-05
-8.54588e-05
2.93648e-05
-6.73822e-05
2.47453e-05
-4.70301e-05
1.90477e-05
-2.44004e-05
1.22081e-05
4.27489e-06
-2.12103e-06
4.45814e-07
-3.68915e-06
6.7354e-07
-6.2672e-06
1.08612e-06
-1.00163e-05
1.72185e-06
-1.50737e-05
2.63564e-06
-2.15585e-05
3.88595e-06
-2.95679e-05
5.53203e-06
-3.91831e-05
7.63009e-06
-5.0162e-05
1.01791e-05
-6.18638e-05
1.30607e-05
-7.3859e-05
1.61141e-05
-8.60374e-05
1.9249e-05
-9.80262e-05
2.24074e-05
-0.000109386
2.55157e-05
-0.000119782
2.85196e-05
-0.000128751
3.13447e-05
-0.000135883
3.3885e-05
-0.000140838
3.60438e-05
-0.000143351
3.77317e-05
-0.000143247
3.88665e-05
-0.000140432
3.93731e-05
-0.000134881
3.91798e-05
-0.000126625
3.82175e-05
-0.000115734
3.6418e-05
-0.000102299
3.3713e-05
-8.64125e-05
3.0034e-05
-6.81544e-05
2.53136e-05
-4.75777e-05
1.94864e-05
-2.46865e-05
1.24888e-05
4.37293e-06
-4.54636e-06
1.00191e-06
-6.40869e-06
1.28129e-06
-9.29019e-06
1.76957e-06
-1.33326e-05
2.48988e-06
-1.866e-05
3.49205e-06
-2.53771e-05
4.82764e-06
-3.35681e-05
6.54669e-06
-4.32982e-05
8.6933e-06
-5.42731e-05
1.12488e-05
-6.5944e-05
1.41035e-05
-7.80128e-05
1.71617e-05
-9.02208e-05
2.03579e-05
-0.000102042
2.35714e-05
-0.000113023
2.66648e-05
-0.000122989
2.95876e-05
-0.000131584
3.23287e-05
-0.000138364
3.48063e-05
-0.000143019
3.69151e-05
-0.00014528
3.85662e-05
-0.000144979
3.9674e-05
-0.000142013
4.0161e-05
-0.000136343
3.99495e-05
-0.000127984
3.89639e-05
-0.00011699
3.71303e-05
-0.000103433
3.43754e-05
-8.73949e-05
3.06269e-05
-6.89453e-05
2.58144e-05
-4.81366e-05
1.98715e-05
-2.49777e-05
1.27345e-05
4.45855e-06
-8.41541e-06
1.85772e-06
-1.04893e-05
2.18152e-06
-1.36081e-05
2.73452e-06
-1.78832e-05
3.52659e-06
-2.34188e-05
4.6008e-06
-3.03023e-05
6.00087e-06
-3.85985e-05
7.7672e-06
-4.83454e-05
9.93195e-06
-5.91666e-05
1.24605e-05
-7.05551e-05
1.52369e-05
-8.24531e-05
1.82007e-05
-9.46193e-05
2.13413e-05
-0.000106482
2.45802e-05
-0.000117333
2.77515e-05
-0.000126902
3.07004e-05
-0.000135032
3.33828e-05
-0.000141363
3.57742e-05
-0.000145641
3.78122e-05
-0.000147566
3.94069e-05
-0.000146998
4.04672e-05
-0.000143821
4.09176e-05
-0.000137982
4.06736e-05
-0.000129479
3.96534e-05
-0.000118345
3.77782e-05
-0.00010464
3.49704e-05
-8.84273e-05
3.11537e-05
-6.97695e-05
2.62557e-05
-4.8716e-05
2.02085e-05
-2.52784e-05
1.29484e-05
4.53285e-06
-1.38338e-05
3.02718e-06
-1.60565e-05
3.39337e-06
-1.9342e-05
4.00164e-06
-2.37779e-05
4.85185e-06
-2.94479e-05
5.98057e-06
-3.64199e-05
7.42389e-06
-4.47374e-05
9.21346e-06
-5.44119e-05
1.1372e-05
-6.50036e-05
1.38567e-05
-7.59963e-05
1.65515e-05
-8.74382e-05
1.9399e-05
-9.92036e-05
2.24001e-05
-0.000110905
2.55211e-05
-0.000121802
2.86679e-05
-0.000131274
3.16793e-05
-0.000139063
3.44111e-05
-0.000144962
3.67934e-05
-0.000148771
3.87717e-05
-0.000150258
4.02794e-05
-0.000149352
4.12663e-05
-0.000145905
4.1663e-05
-0.000139841
4.13707e-05
-0.000131145
4.03023e-05
-0.000119833
3.8376e-05
-0.000105944
3.55098e-05
-8.95304e-05
3.16243e-05
-7.06421e-05
2.66448e-05
-4.93253e-05
2.05026e-05
-2.55933e-05
1.31336e-05
4.59691e-06
-2.07943e-05
4.51091e-06
-2.31394e-05
4.92027e-06
-2.6543e-05
5.57707e-06
-3.10769e-05
6.47332e-06
-3.681e-05
7.63991e-06
-4.37922e-05
9.10652e-06
-5.20475e-05
1.08976e-05
-6.15665e-05
1.30288e-05
-7.18704e-05
1.54524e-05
-8.24317e-05
1.80519e-05
-9.33173e-05
2.07746e-05
-0.000104467
2.36321e-05
-0.000115572
2.65903e-05
-0.000126149
2.95796e-05
-0.000135527
3.25026e-05
-0.000143228
3.52392e-05
-0.000148951
3.76773e-05
-0.000152396
3.9696e-05
-0.000153421
4.11822e-05
-0.000152086
4.20943e-05
-0.00014831
4.24142e-05
-0.000141961
4.20571e-05
-0.000133021
4.09244e-05
-0.000121486
3.89357e-05
-0.000107375
3.60041e-05
-9.07258e-05
3.2047e-05
-7.1579e-05
2.69884e-05
-4.9975e-05
2.07585e-05
-2.59275e-05
1.3293e-05
4.65169e-06
-2.92777e-05
6.3105e-06
-3.17401e-05
6.76168e-06
-3.52327e-05
7.4603e-06
-3.98163e-05
8.39148e-06
-4.55494e-05
9.58074e-06
-5.24683e-05
1.10525e-05
-6.05811e-05
1.28256e-05
-6.98622e-05
1.49109e-05
-7.9806e-05
1.7257e-05
-8.98749e-05
1.97476e-05
-0.000100163
2.23348e-05
-0.000110655
2.50382e-05
-0.000121015
2.78309e-05
-0.000130877
3.06438e-05
-0.000139739
3.33926e-05
-0.000147186
3.59962e-05
-0.000152796
3.83723e-05
-0.000156169
4.04167e-05
-0.000156987
4.19808e-05
-0.000155259
4.29234e-05
-0.000151091
4.31923e-05
-0.000144383
4.27467e-05
-0.000135144
4.1529e-05
-0.000123337
3.94667e-05
-0.000108959
3.64614e-05
-9.20361e-05
3.24283e-05
-7.25969e-05
2.72914e-05
-5.06761e-05
2.09799e-05
-2.62866e-05
1.34287e-05
4.69792e-06
-3.93296e-05
8.43194e-06
-4.18944e-05
8.91645e-06
-4.54537e-05
9.64781e-06
-5.00453e-05
1.06037e-05
-5.57195e-05
1.18013e-05
-6.2505e-05
1.32614e-05
-7.03967e-05
1.49991e-05
-7.93576e-05
1.70214e-05
-8.88651e-05
1.92748e-05
-9.83795e-05
2.16429e-05
-0.00010802
2.40827e-05
-0.000117801
2.66212e-05
-0.000127403
2.92382e-05
-0.000136466
3.18697e-05
-0.00014458
3.44421e-05
-0.000151413
3.68782e-05
-0.000156582
3.90967e-05
-0.000159787
4.10252e-05
-0.000160598
4.25704e-05
-0.000158728
4.35763e-05
-0.000154248
4.38958e-05
-0.000147158
4.34282e-05
-0.00013755
4.21283e-05
-0.000125421
3.99752e-05
-0.000110726
3.68875e-05
-9.34842e-05
3.27721e-05
-7.37134e-05
2.75569e-05
-5.14403e-05
2.11689e-05
-2.66765e-05
1.35421e-05
4.73603e-06
-5.10432e-05
1.08264e-05
-5.37074e-05
1.13678e-05
-5.73098e-05
1.21348e-05
-6.18614e-05
1.31069e-05
-6.74079e-05
1.42979e-05
-7.39876e-05
1.57297e-05
-8.15761e-05
1.74155e-05
-9.01318e-05
1.93588e-05
-9.91219e-05
2.15044e-05
-0.000108015
2.37356e-05
-0.000116953
2.60147e-05
-0.000125972
2.83769e-05
-0.00013477
3.08079e-05
-0.000143015
3.32491e-05
-0.000150349
3.56334e-05
-0.000156432
3.7888e-05
-0.000160929
3.99356e-05
-0.000163597
4.16967e-05
-0.000164138
4.30927e-05
-0.000162172
4.40213e-05
-0.000157577
4.43622e-05
-0.000150261
4.39653e-05
-0.000140286
4.26859e-05
-0.000127776
4.04711e-05
-0.000112702
3.7286e-05
-9.5093e-05
3.30785e-05
-7.49461e-05
2.77855e-05
-5.22796e-05
2.13262e-05
-2.71032e-05
1.36333e-05
4.76608e-06
-6.43483e-05
1.33697e-05
-6.7179e-05
1.39914e-05
-7.08679e-05
1.48293e-05
-7.53971e-05
1.58537e-05
-8.07675e-05
1.70593e-05
-8.70462e-05
1.84552e-05
-9.42321e-05
2.00679e-05
-0.000102291
2.19145e-05
-0.000110672
2.39367e-05
-0.000118866
2.60145e-05
-0.000127038
2.81183e-05
-0.000135239
3.02917e-05
-0.000143187
3.2526e-05
-0.000150574
3.47669e-05
-0.000157072
3.69517e-05
-0.000162359
3.90115e-05
-0.000166126
4.08719e-05
-0.000168102
4.24544e-05
-0.000168054
4.36761e-05
-0.000165705
4.44428e-05
-0.000160911
4.46679e-05
-0.000153478
4.42493e-05
-0.000143276
4.30251e-05
-0.000130412
4.08503e-05
-0.000114925
3.76373e-05
-9.6885e-05
3.33503e-05
-7.63133e-05
2.79753e-05
-5.32059e-05
2.14506e-05
-2.75727e-05
1.37012e-05
4.78758e-06
-7.92195e-05
1.60615e-05
-8.21975e-05
1.67241e-05
-8.59743e-05
1.76089e-05
-9.05278e-05
1.86798e-05
-9.58052e-05
1.99332e-05
-0.000101803
2.13532e-05
-0.000108528
2.29318e-05
-0.000115975
2.46789e-05
-0.000123627
2.65528e-05
-0.000131028
2.84551e-05
-0.000138358
3.03673e-05
-0.000145679
3.23395e-05
-0.000152724
3.43675e-05
-0.000159203
3.6399e-05
-0.000164812
3.83742e-05
-0.000169247
4.02272e-05
-0.000172216
4.18865e-05
-0.000173453
4.32753e-05
-0.000172717
4.43113e-05
-0.00016978
4.49059e-05
-0.00016451
4.49676e-05
-0.000156763
4.44072e-05
-0.000146339
4.31135e-05
-0.000133217
4.09623e-05
-0.000117382
3.78151e-05
-9.88881e-05
3.35479e-05
-7.78348e-05
2.81271e-05
-5.42306e-05
2.15394e-05
-2.80907e-05
1.37426e-05
4.7994e-06
-9.60449e-05
1.8947e-05
-9.89557e-05
1.96146e-05
-0.000102616
2.04915e-05
-0.000107052
2.15461e-05
-0.000112234
2.27928e-05
-0.000118053
2.42253e-05
-0.000124433
2.58194e-05
-0.00013129
2.75434e-05
-0.000138111
2.93081e-05
-0.000144586
3.10199e-05
-0.000150988
3.27176e-05
-0.000157364
3.44793e-05
-0.00016345
3.62947e-05
-0.000168969
3.81103e-05
-0.000173632
3.98682e-05
-0.000177155
4.1505e-05
-0.00017926
4.2952e-05
-0.000179689
4.41349e-05
-0.000178206
4.49739e-05
-0.000174601
4.53835e-05
-0.00016871
4.52744e-05
-0.000160413
4.45541e-05
-0.000149562
4.31204e-05
-0.000136103
4.08802e-05
-0.000119955
3.7732e-05
-0.000101061
3.35295e-05
-7.95144e-05
2.81589e-05
-5.53695e-05
2.15748e-05
-2.86624e-05
1.37565e-05
4.7996e-06
-0.000115213
2.19681e-05
-0.000117853
2.26332e-05
-0.000121192
2.34935e-05
-0.000125263
2.45121e-05
-0.000130069
2.56968e-05
-0.000135544
2.70575e-05
-0.000141588
2.85969e-05
-0.000147988
3.02878e-05
-0.000154049
3.19955e-05
-0.000159548
3.35754e-05
-0.000164975
3.50889e-05
-0.000170356
3.66514e-05
-0.00017543
3.82572e-05
-0.000179933
3.98555e-05
-0.000183593
4.13916e-05
-0.000186141
4.28057e-05
-0.000187313
4.40323e-05
-0.000186862
4.50003e-05
-0.000184558
4.56328e-05
-0.000180199
4.58479e-05
-0.000173614
4.55587e-05
-0.000164663
4.46745e-05
-0.000153222
4.30998e-05
-0.000139231
4.07391e-05
-0.000122625
3.75019e-05
-0.000103308
3.3282e-05
-8.12951e-05
2.79714e-05
-5.66144e-05
2.14756e-05
-2.92947e-05
1.37162e-05
4.78725e-06
-0.000136852
2.50507e-05
-0.000139097
2.57085e-05
-0.000141999
2.65442e-05
-0.000145558
2.75216e-05
-0.000149768
2.86463e-05
-0.000154616
2.99236e-05
-0.000160026
3.13523e-05
-0.000165836
3.29264e-05
-0.000171244
3.45429e-05
-0.000175894
3.6033e-05
-0.000180353
3.74109e-05
-0.000184707
3.87938e-05
-0.000188722
4.01977e-05
-0.000192152
4.15805e-05
-0.000194747
4.28935e-05
-0.000196253
4.40813e-05
-0.000196422
4.50825e-05
-0.000195016
4.58298e-05
-0.000191813
4.62499e-05
-0.000186614
4.62645e-05
-0.000179245
4.57902e-05
-0.000169561
4.47397e-05
-0.000157439
4.30219e-05
-0.000142794
4.05449e-05
-0.000125565
3.72167e-05
-0.000105683
3.29413e-05
-8.31367e-05
2.76327e-05
-5.79118e-05
2.12103e-05
-2.99772e-05
1.35693e-05
4.74514e-06
-0.000160982
2.81024e-05
-0.00016273
2.87525e-05
-0.00016509
2.95614e-05
-0.000168046
3.04959e-05
-0.00017159
3.15596e-05
-0.000175689
3.27571e-05
-0.000180271
3.40884e-05
-0.000185252
3.55482e-05
-0.000189902
3.70438e-05
-0.000193726
3.84125e-05
-0.000197194
3.96454e-05
-0.000200478
4.08504e-05
-0.000203377
4.20552e-05
-0.000205675
4.32244e-05
-0.000207139
4.43146e-05
-0.000207534
4.52753e-05
-0.000206625
4.60495e-05
-0.000204185
4.6574e-05
-0.0002
4.67796e-05
-0.000193873
4.65919e-05
-0.000185633
4.59317e-05
-0.000175127
4.47156e-05
-0.000162232
4.28572e-05
-0.000146848
4.02683e-05
-0.000128902
3.68598e-05
-0.000108332
3.25428e-05
-8.51203e-05
2.72328e-05
-5.92542e-05
2.08544e-05
-3.0678e-05
1.33239e-05
4.65933e-06
-0.000187538
3.10226e-05
-0.000188715
3.16664e-05
-0.000190456
3.24496e-05
-0.000192734
3.3342e-05
-0.000195537
3.43464e-05
-0.000198832
3.54672e-05
-0.000202558
3.67055e-05
-0.00020663
3.80585e-05
-0.000210356
3.94338e-05
-0.000213201
4.06632e-05
-0.000215584
4.17333e-05
-0.000217722
4.27551e-05
-0.000219439
4.37606e-05
-0.000220535
4.47179e-05
-0.000220799
4.55875e-05
-0.000220009
4.63233e-05
-0.000217945
4.68723e-05
-0.000214391
4.71758e-05
-0.000209139
4.71689e-05
-0.000201997
4.67817e-05
-0.000192794
4.59394e-05
-0.000181376
4.45632e-05
-0.000167614
4.25712e-05
-0.000151402
3.98797e-05
-0.000132657
3.64041e-05
-0.000111314
3.20604e-05
-8.73379e-05
2.67678e-05
-6.07143e-05
2.04506e-05
-3.14061e-05
1.30348e-05
4.55074e-06
-0.000216394
3.37054e-05
-0.00021695
3.4344e-05
-0.000218015
3.51032e-05
-0.000219556
3.59556e-05
-0.000221561
3.69031e-05
-0.000223999
3.79502e-05
-0.000226816
3.90988e-05
-0.00022994
4.03478e-05
-0.000232647
4.16024e-05
-0.000234372
4.26872e-05
-0.00023556
4.3589e-05
-0.000236466
4.44259e-05
-0.000236921
4.52338e-05
-0.000236743
4.59828e-05
-0.000235733
4.66366e-05
-0.000233684
4.71527e-05
-0.000230387
4.74824e-05
-0.000225637
4.7571e-05
-0.000219234
4.73585e-05
-0.00021099
4.67794e-05
-0.000200734
4.57637e-05
-0.000188313
4.42377e-05
-0.000173593
4.21244e-05
-0.000156463
3.93449e-05
-0.000136832
3.58195e-05
-0.00011463
3.14688e-05
-8.98098e-05
2.62161e-05
-6.2347e-05
1.99887e-05
-3.22109e-05
1.27171e-05
4.43431e-06
-0.000247351
3.60369e-05
-0.000247257
3.66718e-05
-0.000247612
3.74093e-05
-0.000248378
3.8224e-05
-0.000249544
3.91173e-05
-0.000251082
4.00935e-05
-0.000252945
4.11551e-05
-0.00025507
4.23019e-05
-0.000256687
4.34364e-05
-0.000257194
4.43773e-05
-0.000257096
4.51129e-05
-0.000256685
4.57686e-05
-0.000255804
4.63844e-05
-0.000254277
4.69321e-05
-0.00025192
4.73784e-05
-0.000248538
4.76841e-05
-0.000243933
4.78045e-05
-0.000237908
4.76892e-05
-0.000230271
4.72828e-05
-0.000220839
4.65246e-05
-0.000209444
4.53499e-05
-0.00019593
4.36898e-05
-0.000180163
4.14729e-05
-0.000162027
3.86253e-05
-0.000141423
3.50724e-05
-0.000118277
3.07398e-05
-9.25325e-05
2.5555e-05
-6.41558e-05
1.94488e-05
-3.31114e-05
1.2355e-05
4.30418e-06
-0.000280147
3.79014e-05
-0.000279398
3.85337e-05
-0.00027903
3.9251e-05
-0.000279
4.003e-05
-0.0002793
4.08712e-05
-0.000279909
4.17789e-05
-0.000280784
4.27558e-05
-0.00028187
4.38023e-05
-0.000282342
4.48189e-05
-0.000281563
4.56204e-05
-0.000280105
4.61971e-05
-0.000278308
4.66804e-05
-0.00027602
4.71139e-05
-0.000273078
4.74716e-05
-0.000269307
4.77229e-05
-0.000264522
4.78319e-05
-0.000258537
4.77578e-05
-0.000251162
4.74545e-05
-0.000242213
4.68712e-05
-0.000231513
4.59524e-05
-0.000218894
4.46384e-05
-0.000204204
4.28659e-05
-0.000187305
4.05687e-05
-0.000168077
3.76787e-05
-0.000146419
3.41265e-05
-0.000122247
2.98427e-05
-9.54982e-05
2.47593e-05
-6.61303e-05
1.88107e-05
-3.40989e-05
1.19337e-05
4.15422e-06
-0.00031447
3.91857e-05
-0.000313077
3.98143e-05
-0.000311988
4.05113e-05
-0.000311159
4.1255e-05
-0.000310586
4.20453e-05
-0.00031025
4.28862e-05
-0.000310116
4.37804e-05
-0.000310136
4.47287e-05
-0.000309427
4.56307e-05
-0.000307314
4.63001e-05
-0.000304443
4.67292e-05
-0.000301205
4.70533e-05
-0.000297456
4.73188e-05
-0.000293042
4.75022e-05
-0.000287798
4.75754e-05
-0.00028155
4.75061e-05
-0.00027412
4.72572e-05
-0.000265329
4.67871e-05
-0.000254998
4.60495e-05
-0.000242955
4.4994e-05
-0.000229038
4.35664e-05
-0.000213093
4.17089e-05
-0.000194984
3.93611e-05
-0.000174586
3.64605e-05
-0.000151795
3.29431e-05
-0.000126521
2.87449e-05
-9.8692e-05
2.38025e-05
-6.82584e-05
1.80542e-05
-3.51649e-05
1.14394e-05
3.97935e-06
-0.000349967
3.97796e-05
-0.000347951
4.04006e-05
-0.000346159
4.1075e-05
-0.000344541
4.17821e-05
-0.000343099
4.25212e-05
-0.000341818
4.3296e-05
-0.000340669
4.4109e-05
-0.000339612
4.49611e-05
-0.000337701
4.57528e-05
-0.000334227
4.62996e-05
-0.000329912
4.65956e-05
-0.000325196
4.67774e-05
-0.000319947
4.68933e-05
-0.000314019
4.69221e-05
-0.000307257
4.68388e-05
-0.000299498
4.66142e-05
-0.000290571
4.62153e-05
-0.000280307
4.56045e-05
-0.000268535
4.47407e-05
-0.000255087
4.35784e-05
-0.000239805
4.20688e-05
-0.000222538
4.016e-05
-0.000203148
3.77973e-05
-0.000181511
3.4924e-05
-0.000157516
3.1482e-05
-0.000131069
2.74126e-05
-0.000102092
2.26573e-05
-7.05245e-05
1.71586e-05
-3.63002e-05
1.08588e-05
3.77486e-06
-0.000386238
3.95777e-05
-0.00038363
4.01846e-05
-0.000381161
4.08314e-05
-0.000378778
4.14984e-05
-0.000376484
4.21844e-05
-0.000374272
4.28926e-05
-0.000372117
4.36251e-05
-0.000369984
4.43829e-05
-0.00036687
4.5069e-05
-0.000362028
4.55043e-05
-0.000356257
4.56841e-05
-0.000350049
4.57437e-05
-0.000343279
4.57318e-05
-0.000335812
4.56298e-05
-0.000327504
4.54155e-05
-0.0003182
4.50633e-05
-0.00030774
4.45438e-05
-0.000295962
4.3824e-05
-0.000282702
4.28673e-05
-0.0002678
4.16337e-05
-0.0002511
4.00797e-05
-0.000232456
3.81592e-05
-0.000211728
3.58235e-05
-0.000188792
3.30218e-05
-0.000163534
2.97022e-05
-0.000135855
2.58114e-05
-0.000105669
2.12961e-05
-7.29085e-05
1.61034e-05
-3.74945e-05
1.01792e-05
3.53631e-06
-0.000422839
3.84809e-05
-0.000419677
3.90645e-05
-0.000416565
3.96763e-05
-0.000413448
4.02976e-05
-0.000410334
4.09268e-05
-0.000407216
4.15664e-05
-0.000404077
4.22182e-05
-0.000400887
4.28831e-05
-0.000396583
4.34687e-05
-0.000390387
4.38044e-05
-0.00038317
4.3887e-05
-0.000375474
4.38469e-05
-0.000367184
4.37321e-05
-0.000358175
4.35264e-05
-0.000348311
4.32107e-05
-0.000337449
4.27625e-05
-0.000325437
4.21565e-05
-0.000312122
4.1364e-05
-0.000297347
4.03531e-05
-0.000280958
3.9089e-05
-0.000262805
3.75338e-05
-0.000242743
3.56472e-05
-0.000220635
3.33866e-05
-0.000196355
3.07073e-05
-0.000169788
2.75633e-05
-0.000140829
2.39074e-05
-0.000109387
1.96919e-05
-7.53856e-05
1.48687e-05
-3.87349e-05
9.38821e-06
3.25941e-06
-0.00045928
3.63987e-05
-0.000455604
3.69472e-05
-0.000451891
3.7514e-05
-0.000448082
3.80818e-05
-0.000444186
3.86485e-05
-0.000440201
3.92161e-05
-0.000436113
3.9786e-05
-0.000431899
4.03589e-05
-0.000426437
4.08489e-05
-0.00041892
4.1098e-05
-0.000410288
4.11036e-05
-0.000401132
4.09883e-05
-0.000391344
4.07979e-05
-0.000380811
4.05186e-05
-0.000369405
4.01341e-05
-0.000356993
3.96256e-05
-0.000343433
3.89713e-05
-0.000328579
3.81468e-05
-0.000312283
3.71252e-05
-0.000294396
3.58766e-05
-0.000274773
3.43688e-05
-0.000253272
3.25674e-05
-0.00022976
3.04356e-05
-0.000204109
2.79353e-05
-0.000176202
2.50265e-05
-0.000145932
2.16684e-05
-0.000113202
1.7819e-05
-7.79261e-05
1.34357e-05
-4.00064e-05
8.47412e-06
2.94021e-06
-0.000495014
3.32503e-05
-0.00049087
3.37497e-05
-0.000486602
3.42595e-05
-0.000482149
3.4764e-05
-0.00047752
3.52609e-05
-0.000472718
3.57516e-05
-0.00046773
3.62373e-05
-0.000462539
3.67182e-05
-0.000455969
3.71174e-05
-0.000447184
3.72931e-05
-0.000437192
3.72431e-05
-0.000426626
3.70786e-05
-0.000415388
3.68418e-05
-0.000403373
3.65213e-05
-0.000390464
3.61038e-05
-0.000376536
3.55736e-05
-0.000361457
3.49128e-05
-0.000345088
3.41012e-05
-0.000327289
3.31165e-05
-0.000307917
3.19341e-05
-0.000286832
3.05272e-05
-0.000263896
2.88672e-05
-0.000238977
2.69237e-05
-0.000211948
2.46645e-05
-0.000182692
2.20563e-05
-0.000151097
1.90646e-05
-0.000117062
1.56538e-05
-8.04964e-05
1.17873e-05
-4.12921e-05
7.42647e-06
2.57511e-06
-0.000529437
2.89675e-05
-0.000524871
2.94018e-05
-0.000520099
2.98405e-05
-0.000515056
3.02702e-05
-0.000509753
3.06884e-05
-0.000504194
3.10962e-05
-0.000498369
3.14942e-05
-0.000492266
3.18825e-05
-0.000484657
3.21955e-05
-0.000474679
3.23111e-05
-0.000463404
3.22276e-05
-0.000451504
3.20409e-05
-0.00043889
3.17884e-05
-0.000425464
3.14613e-05
-0.000411119
3.10486e-05
-0.000395738
3.05381e-05
-0.000379198
2.99156e-05
-0.000361367
2.9165e-05
-0.000342113
2.82687e-05
-0.000321297
2.7207e-05
-0.000298786
2.59587e-05
-0.000274444
2.4501e-05
-0.000248142
2.28096e-05
-0.000219753
2.08588e-05
-0.000189159
1.86217e-05
-0.000156248
1.60705e-05
-0.000120913
1.31762e-05
-8.30594e-05
9.90882e-06
-4.25734e-05
6.23644e-06
2.16113e-06
-0.000561863
2.34967e-05
-0.000556924
2.38485e-05
-0.000551703
2.42009e-05
-0.000546132
2.4543e-05
-0.000540223
2.48725e-05
-0.00053398
2.519e-05
-0.000527399
2.5496e-05
-0.000520467
2.57905e-05
-0.000511909
2.6021e-05
-0.000500838
2.60901e-05
-0.000488383
2.59954e-05
-0.000475252
2.58144e-05
-0.000461364
2.55782e-05
-0.000446629
2.528e-05
-0.000430948
2.49118e-05
-0.000414212
2.44645e-05
-0.000396304
2.39273e-05
-0.000377099
2.32885e-05
-0.000356471
2.25348e-05
-0.000334287
2.16516e-05
-0.000310418
2.06231e-05
-0.00028473
1.94322e-05
-0.000257097
1.80608e-05
-0.000227394
1.64895e-05
-0.000195501
1.46983e-05
-0.000161304
1.2666e-05
-0.000124696
1.03706e-05
-8.55772e-05
7.78922e-06
-4.38315e-05
4.89736e-06
1.69605e-06
-0.000591506
1.68027e-05
-0.000586244
1.70541e-05
-0.000580635
1.7304e-05
-0.000574606
1.75447e-05
-0.000568171
1.77747e-05
-0.000561336
1.79941e-05
-0.000554096
1.82031e-05
-0.000546444
1.84015e-05
-0.000537055
1.8553e-05
-0.000525017
1.85885e-05
-0.000511514
1.85053e-05
-0.000497287
1.83583e-05
-0.000482263
1.81708e-05
-0.000466359
1.79382e-05
-0.00044948
1.76552e-05
-0.000431525
1.73156e-05
-0.000412382
1.69124e-05
-0.000391931
1.64378e-05
-0.000370051
1.58829e-05
-0.000346614
1.5238e-05
-0.000321492
1.44928e-05
-0.000294556
1.36358e-05
-0.000265679
1.2655e-05
-0.000234738
1.15375e-05
-0.000201613
1.02699e-05
-0.000166188
8.83807e-06
-0.000128355
7.22719e-06
-8.80144e-05
5.42185e-06
-4.5049e-05
3.40547e-06
1.17864e-06
-0.000617449
8.87464e-06
-0.000611917
9.00729e-06
-0.000605985
9.13839e-06
-0.000599579
9.26402e-06
-0.000592714
9.38327e-06
-0.000585395
9.49616e-06
-0.000577623
9.60263e-06
-0.00056939
9.70239e-06
-0.000559333
9.77724e-06
-0.000546491
9.79144e-06
-0.000532097
9.74189e-06
-0.000516946
9.65746e-06
-0.000500966
9.55127e-06
-0.000484076
9.421e-06
-0.000466186
9.26396e-06
-0.000447197
9.07705e-06
-0.000427
8.85677e-06
-0.000405481
8.5992e-06
-0.000382518
8.29994e-06
-0.000357988
7.9542e-06
-0.000331763
7.55674e-06
-0.000303717
7.10191e-06
-0.000273723
6.58368e-06
-0.000241657
5.99566e-06
-0.000207397
5.33111e-06
-0.00017083
4.58293e-06
-0.000131845
3.74373e-06
-9.03431e-05
2.80575e-06
-4.6212e-05
1.76072e-06
6.09033e-07
-0.000638611
-0.000632866
-0.000626689
-0.000620004
-0.000612825
-0.00060516
-0.000597009
-0.000588372
-0.000577849
-0.000564416
-0.000549347
-0.000533504
-0.00051681
-0.000499183
-0.000480531
-0.000460756
-0.00043975
-0.000417398
-0.000393581
-0.000368173
-0.000341048
-0.000312078
-0.000281135
-0.000248093
-0.000212831
-0.000175232
-0.000135185
-9.25915e-05
-4.73442e-05
)
;

boundaryField
{
    inlet
    {
        type            calculated;
        value           uniform 0;
    }
    outlet
    {
        type            calculated;
        value           uniform 0;
    }
    flap
    {
        type            calculated;
        value           uniform 0;
    }
    upperWall
    {
        type            calculated;
        value           nonuniform List<scalar> 
63
(
0
0
0
0
0
0
0
0
1.04385e-14
-1.01612e-14
0
0
0
0
-8.90035e-15
0
8.44793e-15
0
0
0
0
0
0
0
0
6.70387e-15
0
0
0
0
0
0
0
0
0
0
0
0
0
0
0
0
0
0
-7.69935e-15
0
0
0
0
0
0
0
0
0
0
0
0
0
0
0
0
0
0
)
;
    }
    lowerWall
    {
        type            calculated;
        value           uniform 0;
    }
    frontAndBack
    {
        type            empty;
        value           nonuniform 0();
    }
}


// ************************************************************************* //
