/*--------------------------------*- C++ -*----------------------------------*\
| =========                 |                                                 |
| \\      /  F ield         | OpenFOAM: The Open Source CFD Toolbox           |
|  \\    /   O peration     | Version:  dev                                   |
|   \\  /    A nd           | Web:      www.OpenFOAM.org                      |
|    \\/     M anipulation  |                                                 |
\*---------------------------------------------------------------------------*/
FoamFile
{
    version     2.0;
    format      ascii;
    class       vectorField;
    location    "3.23/polyMesh";
    object      points;
}
// * * * * * * * * * * * * * * * * * * * * * * * * * * * * * * * * * * * * * //


1028
(
(-0.616396 0.3 1.28368)
(-0.530146 0.3 1.28334)
(-0.614683 0.3 1.3594)
(-0.528633 0.3 1.35903)
(-0.444543 0.3 1.35861)
(-0.362433 0.3 1.35812)
(-0.613442 0.3 1.437)
(-0.527615 0.3 1.43662)
(-0.443814 0.3 1.43618)
(-0.362052 0.3 1.4357)
(-0.282353 0.3 1.43516)
(-0.204748 0.3 1.43457)
(-0.612612 0.3 1.51655)
(-0.527022 0.3 1.51615)
(-0.443504 0.3 1.51572)
(-0.362061 0.3 1.51525)
(-0.282703 0.3 1.51473)
(-0.205443 0.3 1.51418)
(-0.130291 0.3 1.51359)
(-0.0572507 0.3 1.51296)
(-0.612143 0.3 1.59807)
(-0.526784 0.3 1.59768)
(-0.44353 0.3 1.59726)
(-0.362373 0.3 1.5968)
(-0.283308 0.3 1.59632)
(-0.206332 0.3 1.5958)
(-0.131441 0.3 1.59526)
(-0.058621 0.3 1.5947)
(0.0121505 0.3 1.59414)
(0.0808486 0.3 1.59365)
(-0.611983 0.3 1.68163)
(-0.526843 0.3 1.68124)
(-0.443829 0.3 1.68083)
(-0.362921 0.3 1.6804)
(-0.284105 0.3 1.67994)
(-0.207367 0.3 1.67947)
(-0.132688 0.3 1.67898)
(-0.0600428 0.3 1.67848)
(0.0106003 0.3 1.67799)
(0.0792284 0.3 1.67756)
(-0.61209 0.3 1.76726)
(-0.527152 0.3 1.76689)
(-0.44435 0.3 1.76649)
(-0.363659 0.3 1.76608)
(-0.285055 0.3 1.76566)
(-0.208514 0.3 1.76522)
(-0.134009 0.3 1.76478)
(-0.0615053 0.3 1.76434)
(0.00903383 0.3 1.7639)
(0.0776039 0.3 1.76353)
(-0.612424 0.3 1.85501)
(-0.527668 0.3 1.85465)
(-0.445054 0.3 1.85428)
(-0.36455 0.3 1.85389)
(-0.286127 0.3 1.8535)
(-0.209751 0.3 1.8531)
(-0.135389 0.3 1.8527)
(-0.0630025 0.3 1.85231)
(0.00745079 0.3 1.85192)
(0.0759718 0.3 1.85159)
(-0.61295 0.3 1.94494)
(-0.528357 0.3 1.94459)
(-0.445909 0.3 1.94424)
(-0.365568 0.3 1.94388)
(-0.287298 0.3 1.94352)
(-0.211062 0.3 1.94315)
(-0.13682 0.3 1.94279)
(-0.0645304 0.3 1.94243)
(0.00585075 0.3 1.94209)
(0.0743296 0.3 1.9418)
(-0.613641 0.3 2.03708)
(-0.529194 0.3 2.03675)
(-0.446891 0.3 2.03642)
(-0.366691 0.3 2.03609)
(-0.288552 0.3 2.03575)
(-0.212434 0.3 2.03542)
(-0.138293 0.3 2.03509)
(-0.066086 0.3 2.03477)
(0.00423377 0.3 2.03446)
(0.072676 0.3 2.03421)
(-0.614472 0.3 2.1315)
(-0.530155 0.3 2.13119)
(-0.447979 0.3 2.13088)
(-0.367901 0.3 2.13056)
(-0.289875 0.3 2.13025)
(-0.213858 0.3 2.12995)
(-0.139803 0.3 2.12965)
(-0.0676663 0.3 2.12936)
(0.00260056 0.3 2.12909)
(0.0710103 0.3 2.12886)
(-0.701815 0.3 2.22853)
(-0.615424 0.3 2.22824)
(-0.531221 0.3 2.22795)
(-0.449157 0.3 2.22766)
(-0.369184 0.3 2.22737)
(-0.291255 0.3 2.22708)
(-0.215324 0.3 2.2268)
(-0.141344 0.3 2.22653)
(-0.0692675 0.3 2.22627)
(0.000953068 0.3 2.22603)
(0.0693337 0.3 2.22582)
(-0.702764 0.3 2.32764)
(-0.616476 0.3 2.32736)
(-0.532374 0.3 2.32709)
(-0.450407 0.3 2.32681)
(-0.370526 0.3 2.32655)
(-0.292681 0.3 2.32628)
(-0.216825 0.3 2.32603)
(-0.142909 0.3 2.32578)
(-0.0708851 0.3 2.32555)
(-0.000705177 0.3 2.32533)
(0.0676492 0.3 2.32514)
(-0.703807 0.3 2.42918)
(-0.617609 0.3 2.42892)
(-0.533597 0.3 2.42866)
(-0.451716 0.3 2.42841)
(-0.371914 0.3 2.42816)
(-0.294143 0.3 2.42792)
(-0.218352 0.3 2.42768)
(-0.144491 0.3 2.42746)
(-0.072513 0.3 2.42725)
(-0.00236914 0.3 2.42705)
(0.0659616 0.3 2.42689)
(-0.704924 0.3 2.53321)
(-0.618807 0.3 2.53297)
(-0.534874 0.3 2.53273)
(-0.453068 0.3 2.53249)
(-0.373336 0.3 2.53226)
(-0.295629 0.3 2.53204)
(-0.219894 0.3 2.53183)
(-0.146082 0.3 2.53163)
(-0.0741439 0.3 2.53144)
(-0.00403214 0.3 2.53126)
(0.0642771 0.3 2.53111)
(-0.706097 0.3 2.6398)
(-0.620053 0.3 2.63957)
(-0.536188 0.3 2.63935)
(-0.454448 0.3 2.63913)
(-0.374778 0.3 2.63892)
(-0.297126 0.3 2.63872)
(-0.22144 0.3 2.63853)
(-0.147671 0.3 2.63834)
(-0.0757687 0.3 2.63817)
(-0.00568564 0.3 2.63801)
(0.0626039 0.3 2.63788)
(-0.707308 0.3 2.74901)
(-0.621327 0.3 2.7488)
(-0.537524 0.3 2.74859)
(-0.455841 0.3 2.74839)
(-0.376225 0.3 2.7482)
(-0.298621 0.3 2.74801)
(-0.222979 0.3 2.74783)
(-0.149247 0.3 2.74767)
(-0.0773762 0.3 2.74751)
(-0.00731891 0.3 2.74737)
(0.0609526 0.3 2.74725)
(-0.708536 0.3 2.86089)
(-0.622612 0.3 2.8607)
(-0.538862 0.3 2.86051)
(-0.45723 0.3 2.86032)
(-0.37766 0.3 2.86015)
(-0.300099 0.3 2.85998)
(-0.224494 0.3 2.85982)
(-0.150795 0.3 2.85967)
(-0.078953 0.3 2.85953)
(-0.00891875 0.3 2.8594)
(0.0593364 0.3 2.8593)
(-0.709762 0.3 2.97552)
(-0.623886 0.3 2.97534)
(-0.540184 0.3 2.97517)
(-0.458596 0.3 2.975)
(-0.379067 0.3 2.97484)
(-0.301542 0.3 2.97469)
(-0.225971 0.3 2.97455)
(-0.152301 0.3 2.97442)
(-0.0804831 0.3 2.97429)
(-0.0104694 0.3 2.97418)
(0.0577709 0.3 2.97409)
(-0.710962 0.3 3.09297)
(-0.625129 0.3 3.0928)
(-0.541467 0.3 3.09265)
(-0.459918 0.3 3.0925)
(-0.380424 0.3 3.09236)
(-0.302932 0.3 3.09222)
(-0.227389 0.3 3.09209)
(-0.153744 0.3 3.09198)
(-0.0819478 0.3 3.09187)
(-0.0119524 0.3 3.09177)
(0.0562746 0.3 3.09168)
(-0.712111 0.3 3.21329)
(-0.626316 0.3 3.21315)
(-0.542689 0.3 3.21301)
(-0.461172 0.3 3.21288)
(-0.381708 0.3 3.21275)
(-0.304244 0.3 3.21263)
(-0.228725 0.3 3.21252)
(-0.155103 0.3 3.21242)
(-0.0833254 0.3 3.21233)
(-0.013346 0.3 3.21224)
(0.0548692 0.3 3.21217)
(-0.713183 0.3 3.33658)
(-0.627419 0.3 3.33645)
(-0.543822 0.3 3.33633)
(-0.462332 0.3 3.33622)
(-0.382894 0.3 3.33611)
(-0.305453 0.3 3.33601)
(-0.229956 0.3 3.33591)
(-0.156352 0.3 3.33582)
(-0.0845907 0.3 3.33574)
(-0.0146251 0.3 3.33567)
(0.0535798 0.3 3.33561)
(-0.714147 0.3 3.46289)
(-0.628408 0.3 3.46278)
(-0.544836 0.3 3.46268)
(-0.463369 0.3 3.46259)
(-0.383952 0.3 3.4625)
(-0.30653 0.3 3.46241)
(-0.231051 0.3 3.46234)
(-0.157462 0.3 3.46226)
(-0.0857145 0.3 3.4622)
(-0.0157607 0.3 3.46213)
(0.0524352 0.3 3.46209)
(-0.714968 0.3 3.59231)
(-0.62925 0.3 3.59223)
(-0.545697 0.3 3.59215)
(-0.464249 0.3 3.59207)
(-0.384849 0.3 3.592)
(-0.307442 0.3 3.59194)
(-0.231976 0.3 3.59188)
(-0.1584 0.3 3.59182)
(-0.0866634 0.3 3.59177)
(-0.0167192 0.3 3.59172)
(0.0514694 0.3 3.59168)
(-0.71561 0.3 3.72492)
(-0.629907 0.3 3.72486)
(-0.546368 0.3 3.7248)
(-0.464933 0.3 3.72475)
(-0.385545 0.3 3.7247)
(-0.30815 0.3 3.72466)
(-0.232694 0.3 3.72461)
(-0.159127 0.3 3.72457)
(-0.0873988 0.3 3.72454)
(-0.0174618 0.3 3.7245)
(0.0507213 0.3 3.72448)
(-0.716029 0.3 3.86079)
(-0.630335 0.3 3.86076)
(-0.546805 0.3 3.86073)
(-0.465378 0.3 3.86071)
(-0.385998 0.3 3.86068)
(-0.30861 0.3 3.86066)
(-0.233161 0.3 3.86063)
(-0.159599 0.3 3.86061)
(-0.0878765 0.3 3.86059)
(-0.017944 0.3 3.86058)
(0.0502355 0.3 3.86056)
(-0.716178 0.3 4)
(-0.630487 0.3 4)
(-0.54696 0.3 4)
(-0.465536 0.3 4)
(-0.386158 0.3 4)
(-0.308773 0.3 4)
(-0.233326 0.3 4)
(-0.159766 0.3 4)
(-0.0880451 0.3 4)
(-0.0181143 0.3 4)
(0.050064 0.3 4)
(-0.616396 0 1.28368)
(-0.530146 0 1.28334)
(-0.614683 0 1.3594)
(-0.528633 0 1.35903)
(-0.444543 0 1.35861)
(-0.362433 0 1.35812)
(-0.613442 0 1.437)
(-0.527615 0 1.43662)
(-0.443814 0 1.43618)
(-0.362052 0 1.4357)
(-0.282353 0 1.43516)
(-0.204748 0 1.43457)
(-0.612612 0 1.51655)
(-0.527022 0 1.51615)
(-0.443504 0 1.51572)
(-0.362061 0 1.51525)
(-0.282703 0 1.51473)
(-0.205443 0 1.51418)
(-0.130291 0 1.51359)
(-0.0572507 0 1.51296)
(-0.612143 0 1.59807)
(-0.526784 0 1.59768)
(-0.44353 0 1.59726)
(-0.362373 0 1.5968)
(-0.283308 0 1.59632)
(-0.206332 0 1.5958)
(-0.131441 0 1.59526)
(-0.058621 0 1.5947)
(0.0121505 0 1.59414)
(0.0808486 0 1.59365)
(-0.611983 0 1.68163)
(-0.526843 0 1.68124)
(-0.443829 0 1.68083)
(-0.362921 0 1.6804)
(-0.284105 0 1.67994)
(-0.207367 0 1.67947)
(-0.132688 0 1.67898)
(-0.0600428 0 1.67848)
(0.0106003 0 1.67799)
(0.0792284 0 1.67756)
(-0.61209 0 1.76726)
(-0.527152 0 1.76689)
(-0.44435 0 1.76649)
(-0.363659 0 1.76608)
(-0.285055 0 1.76566)
(-0.208514 0 1.76522)
(-0.134009 0 1.76478)
(-0.0615053 0 1.76434)
(0.00903383 0 1.7639)
(0.0776039 0 1.76353)
(-0.612424 0 1.85501)
(-0.527668 0 1.85465)
(-0.445054 0 1.85428)
(-0.36455 0 1.85389)
(-0.286127 0 1.8535)
(-0.209751 0 1.8531)
(-0.135389 0 1.8527)
(-0.0630025 0 1.85231)
(0.00745079 0 1.85192)
(0.0759718 0 1.85159)
(-0.61295 0 1.94494)
(-0.528357 0 1.94459)
(-0.445909 0 1.94424)
(-0.365568 0 1.94388)
(-0.287298 0 1.94352)
(-0.211062 0 1.94315)
(-0.13682 0 1.94279)
(-0.0645304 0 1.94243)
(0.00585075 0 1.94209)
(0.0743296 0 1.9418)
(-0.613641 0 2.03708)
(-0.529194 0 2.03675)
(-0.446891 0 2.03642)
(-0.366691 0 2.03609)
(-0.288552 0 2.03575)
(-0.212434 0 2.03542)
(-0.138293 0 2.03509)
(-0.066086 0 2.03477)
(0.00423377 0 2.03446)
(0.072676 0 2.03421)
(-0.614472 0 2.1315)
(-0.530155 0 2.13119)
(-0.447979 0 2.13088)
(-0.367901 0 2.13056)
(-0.289875 0 2.13025)
(-0.213858 0 2.12995)
(-0.139803 0 2.12965)
(-0.0676663 0 2.12936)
(0.00260056 0 2.12909)
(0.0710103 0 2.12886)
(-0.701815 0 2.22853)
(-0.615424 0 2.22824)
(-0.531221 0 2.22795)
(-0.449157 0 2.22766)
(-0.369184 0 2.22737)
(-0.291255 0 2.22708)
(-0.215324 0 2.2268)
(-0.141344 0 2.22653)
(-0.0692675 0 2.22627)
(0.000953068 0 2.22603)
(0.0693337 0 2.22582)
(-0.702764 0 2.32764)
(-0.616476 0 2.32736)
(-0.532374 0 2.32709)
(-0.450407 0 2.32681)
(-0.370526 0 2.32655)
(-0.292681 0 2.32628)
(-0.216825 0 2.32603)
(-0.142909 0 2.32578)
(-0.0708851 0 2.32555)
(-0.000705177 0 2.32533)
(0.0676492 0 2.32514)
(-0.703807 0 2.42918)
(-0.617609 0 2.42892)
(-0.533597 0 2.42866)
(-0.451716 0 2.42841)
(-0.371914 0 2.42816)
(-0.294143 0 2.42792)
(-0.218352 0 2.42768)
(-0.144491 0 2.42746)
(-0.072513 0 2.42725)
(-0.00236914 0 2.42705)
(0.0659616 0 2.42689)
(-0.704924 0 2.53321)
(-0.618807 0 2.53297)
(-0.534874 0 2.53273)
(-0.453068 0 2.53249)
(-0.373336 0 2.53226)
(-0.295629 0 2.53204)
(-0.219894 0 2.53183)
(-0.146082 0 2.53163)
(-0.0741439 0 2.53144)
(-0.00403214 0 2.53126)
(0.0642771 0 2.53111)
(-0.706097 0 2.6398)
(-0.620053 0 2.63957)
(-0.536188 0 2.63935)
(-0.454448 0 2.63913)
(-0.374778 0 2.63892)
(-0.297126 0 2.63872)
(-0.22144 0 2.63853)
(-0.147671 0 2.63834)
(-0.0757687 0 2.63817)
(-0.00568564 0 2.63801)
(0.0626039 0 2.63788)
(-0.707308 0 2.74901)
(-0.621327 0 2.7488)
(-0.537524 0 2.74859)
(-0.455841 0 2.74839)
(-0.376225 0 2.7482)
(-0.298621 0 2.74801)
(-0.222979 0 2.74783)
(-0.149247 0 2.74767)
(-0.0773762 0 2.74751)
(-0.00731891 0 2.74737)
(0.0609526 0 2.74725)
(-0.708536 0 2.86089)
(-0.622612 0 2.8607)
(-0.538862 0 2.86051)
(-0.45723 0 2.86032)
(-0.37766 0 2.86015)
(-0.300099 0 2.85998)
(-0.224494 0 2.85982)
(-0.150795 0 2.85967)
(-0.078953 0 2.85953)
(-0.00891875 0 2.8594)
(0.0593364 0 2.8593)
(-0.709762 0 2.97552)
(-0.623886 0 2.97534)
(-0.540184 0 2.97517)
(-0.458596 0 2.975)
(-0.379067 0 2.97484)
(-0.301542 0 2.97469)
(-0.225971 0 2.97455)
(-0.152301 0 2.97442)
(-0.0804831 0 2.97429)
(-0.0104694 0 2.97418)
(0.0577709 0 2.97409)
(-0.710962 0 3.09297)
(-0.625129 0 3.0928)
(-0.541467 0 3.09265)
(-0.459918 0 3.0925)
(-0.380424 0 3.09236)
(-0.302932 0 3.09222)
(-0.227389 0 3.09209)
(-0.153744 0 3.09198)
(-0.0819478 0 3.09187)
(-0.0119524 0 3.09177)
(0.0562746 0 3.09168)
(-0.712111 0 3.21329)
(-0.626316 0 3.21315)
(-0.542689 0 3.21301)
(-0.461172 0 3.21288)
(-0.381708 0 3.21275)
(-0.304244 0 3.21263)
(-0.228725 0 3.21252)
(-0.155103 0 3.21242)
(-0.0833254 0 3.21233)
(-0.013346 0 3.21224)
(0.0548692 0 3.21217)
(-0.713183 0 3.33658)
(-0.627419 0 3.33645)
(-0.543822 0 3.33633)
(-0.462332 0 3.33622)
(-0.382894 0 3.33611)
(-0.305453 0 3.33601)
(-0.229956 0 3.33591)
(-0.156352 0 3.33582)
(-0.0845907 0 3.33574)
(-0.0146251 0 3.33567)
(0.0535798 0 3.33561)
(-0.714147 0 3.46289)
(-0.628408 0 3.46278)
(-0.544836 0 3.46268)
(-0.463369 0 3.46259)
(-0.383952 0 3.4625)
(-0.30653 0 3.46241)
(-0.231051 0 3.46234)
(-0.157462 0 3.46226)
(-0.0857145 0 3.4622)
(-0.0157607 0 3.46213)
(0.0524352 0 3.46209)
(-0.714968 0 3.59231)
(-0.62925 0 3.59223)
(-0.545697 0 3.59215)
(-0.464249 0 3.59207)
(-0.384849 0 3.592)
(-0.307442 0 3.59194)
(-0.231976 0 3.59188)
(-0.1584 0 3.59182)
(-0.0866634 0 3.59177)
(-0.0167192 0 3.59172)
(0.0514694 0 3.59168)
(-0.71561 0 3.72492)
(-0.629907 0 3.72486)
(-0.546368 0 3.7248)
(-0.464933 0 3.72475)
(-0.385545 0 3.7247)
(-0.30815 0 3.72466)
(-0.232694 0 3.72461)
(-0.159127 0 3.72457)
(-0.0873988 0 3.72454)
(-0.0174618 0 3.7245)
(0.0507213 0 3.72448)
(-0.716029 0 3.86079)
(-0.630335 0 3.86076)
(-0.546805 0 3.86073)
(-0.465378 0 3.86071)
(-0.385998 0 3.86068)
(-0.30861 0 3.86066)
(-0.233161 0 3.86063)
(-0.159599 0 3.86061)
(-0.0878765 0 3.86059)
(-0.017944 0 3.86058)
(0.0502355 0 3.86056)
(-0.716178 0 4)
(-0.630487 0 4)
(-0.54696 0 4)
(-0.465536 0 4)
(-0.386158 0 4)
(-0.308773 0 4)
(-0.233326 0 4)
(-0.159766 0 4)
(-0.0880451 0 4)
(-0.0181143 0 4)
(0.050064 0 4)
(0.114458 0.3 1.5933)
(0.112814 0.3 1.67727)
(0.14627 0.3 1.67704)
(0.179659 0.3 1.67676)
(0.111168 0.3 1.76328)
(0.144617 0.3 1.76308)
(0.178011 0.3 1.76284)
(0.109516 0.3 1.85137)
(0.142958 0.3 1.8512)
(0.176353 0.3 1.85099)
(0.107856 0.3 1.94161)
(0.141291 0.3 1.94146)
(0.174683 0.3 1.94127)
(0.106187 0.3 2.03403)
(0.139613 0.3 2.0339)
(0.173003 0.3 2.03374)
(0.104506 0.3 2.12871)
(0.137925 0.3 2.12859)
(0.17131 0.3 2.12845)
(0.102815 0.3 2.22569)
(0.136226 0.3 2.22558)
(0.169605 0.3 2.22545)
(0.101118 0.3 2.32502)
(0.134521 0.3 2.32493)
(0.167893 0.3 2.32482)
(0.0994176 0.3 2.42678)
(0.132813 0.3 2.42669)
(0.16618 0.3 2.42659)
(0.0977216 0.3 2.53101)
(0.13111 0.3 2.53094)
(0.16447 0.3 2.53085)
(0.0960375 0.3 2.63779)
(0.129419 0.3 2.63772)
(0.162771 0.3 2.63764)
(0.094376 0.3 2.74717)
(0.12775 0.3 2.74711)
(0.161095 0.3 2.74704)
(0.0927503 0.3 2.85923)
(0.126118 0.3 2.85918)
(0.159456 0.3 2.85911)
(0.0911761 0.3 2.97403)
(0.124538 0.3 2.97398)
(0.157869 0.3 2.97392)
(0.0896719 0.3 3.09163)
(0.123028 0.3 3.09159)
(0.156352 0.3 3.09154)
(0.0882595 0.3 3.21212)
(0.12161 0.3 3.21209)
(0.154929 0.3 3.21205)
(0.0869637 0.3 3.33557)
(0.12031 0.3 3.33554)
(0.153624 0.3 3.33551)
(0.0858137 0.3 3.46205)
(0.119156 0.3 3.46203)
(0.152464 0.3 3.462)
(0.0848433 0.3 3.59166)
(0.118182 0.3 3.59164)
(0.151486 0.3 3.59162)
(0.0840917 0.3 3.72446)
(0.117428 0.3 3.72445)
(0.150729 0.3 3.72443)
(0.0836037 0.3 3.86055)
(0.116938 0.3 3.86055)
(0.150238 0.3 3.86054)
(0.0834314 0.3 4)
(0.116765 0.3 4)
(0.150064 0.3 4)
(0.114458 0 1.5933)
(0.112814 0 1.67727)
(0.14627 0 1.67704)
(0.179659 0 1.67676)
(0.111168 0 1.76328)
(0.144617 0 1.76308)
(0.178011 0 1.76284)
(0.109516 0 1.85137)
(0.142958 0 1.8512)
(0.176353 0 1.85099)
(0.107856 0 1.94161)
(0.141291 0 1.94146)
(0.174683 0 1.94127)
(0.106187 0 2.03403)
(0.139613 0 2.0339)
(0.173003 0 2.03374)
(0.104506 0 2.12871)
(0.137925 0 2.12859)
(0.17131 0 2.12845)
(0.102815 0 2.22569)
(0.136226 0 2.22558)
(0.169605 0 2.22545)
(0.101118 0 2.32502)
(0.134521 0 2.32493)
(0.167893 0 2.32482)
(0.0994176 0 2.42678)
(0.132813 0 2.42669)
(0.16618 0 2.42659)
(0.0977216 0 2.53101)
(0.13111 0 2.53094)
(0.16447 0 2.53085)
(0.0960375 0 2.63779)
(0.129419 0 2.63772)
(0.162771 0 2.63764)
(0.094376 0 2.74717)
(0.12775 0 2.74711)
(0.161095 0 2.74704)
(0.0927503 0 2.85923)
(0.126118 0 2.85918)
(0.159456 0 2.85911)
(0.0911761 0 2.97403)
(0.124538 0 2.97398)
(0.157869 0 2.97392)
(0.0896719 0 3.09163)
(0.123028 0 3.09159)
(0.156352 0 3.09154)
(0.0882595 0 3.21212)
(0.12161 0 3.21209)
(0.154929 0 3.21205)
(0.0869637 0 3.33557)
(0.12031 0 3.33554)
(0.153624 0 3.33551)
(0.0858137 0 3.46205)
(0.119156 0 3.46203)
(0.152464 0 3.462)
(0.0848433 0 3.59166)
(0.118182 0 3.59164)
(0.151486 0 3.59162)
(0.0840917 0 3.72446)
(0.117428 0 3.72445)
(0.150729 0 3.72443)
(0.0836037 0 3.86055)
(0.116938 0 3.86055)
(0.150238 0 3.86054)
(0.0834314 0 4)
(0.116765 0 4)
(0.150064 0 4)
(0.247612 0.3 1.67639)
(0.245996 0.3 1.76252)
(0.315381 0.3 1.76218)
(0.386201 0.3 1.76188)
(0.4585 0.3 1.76164)
(0.244358 0.3 1.85071)
(0.313794 0.3 1.85041)
(0.384688 0.3 1.85015)
(0.457081 0.3 1.84993)
(0.531016 0.3 1.84975)
(0.60654 0.3 1.84963)
(0.242702 0.3 1.94102)
(0.312174 0.3 1.94076)
(0.383125 0.3 1.94053)
(0.455592 0.3 1.94033)
(0.529616 0.3 1.94017)
(0.605238 0.3 1.94006)
(0.682504 0.3 1.93999)
(0.761459 0.3 1.93997)
(0.241029 0.3 2.03352)
(0.310526 0.3 2.03329)
(0.38152 0.3 2.03308)
(0.454045 0.3 2.0329)
(0.52814 0.3 2.03276)
(0.603843 0.3 2.03265)
(0.681197 0.3 2.03259)
(0.760244 0.3 2.03256)
(0.841025 0.3 2.03258)
(0.239339 0.3 2.12825)
(0.308853 0.3 2.12805)
(0.37988 0.3 2.12786)
(0.452451 0.3 2.1277)
(0.526603 0.3 2.12757)
(0.602373 0.3 2.12748)
(0.6798 0.3 2.12742)
(0.758925 0.3 2.12739)
(0.839786 0.3 2.12741)
(0.237634 0.3 2.22528)
(0.307161 0.3 2.2251)
(0.378212 0.3 2.22494)
(0.450819 0.3 2.22479)
(0.525016 0.3 2.22468)
(0.60084 0.3 2.22459)
(0.678328 0.3 2.22453)
(0.757519 0.3 2.22451)
(0.838451 0.3 2.22452)
(0.235921 0.3 2.32466)
(0.305456 0.3 2.3245)
(0.376523 0.3 2.32436)
(0.449157 0.3 2.32423)
(0.52339 0.3 2.32413)
(0.599258 0.3 2.32405)
(0.676797 0.3 2.324)
(0.756044 0.3 2.32398)
(0.837035 0.3 2.32399)
(0.234205 0.3 2.42646)
(0.303743 0.3 2.42632)
(0.374822 0.3 2.42619)
(0.447475 0.3 2.42608)
(0.521737 0.3 2.42598)
(0.59764 0.3 2.42592)
(0.67522 0.3 2.42587)
(0.754514 0.3 2.42585)
(0.835556 0.3 2.42587)
(0.23249 0.3 2.53073)
(0.302028 0.3 2.5306)
(0.373115 0.3 2.53049)
(0.445783 0.3 2.53039)
(0.520066 0.3 2.53031)
(0.595998 0.3 2.53025)
(0.673613 0.3 2.53021)
(0.752945 0.3 2.5302)
(0.834029 0.3 2.53021)
(0.230784 0.3 2.63754)
(0.300321 0.3 2.63743)
(0.371413 0.3 2.63733)
(0.444092 0.3 2.63724)
(0.518392 0.3 2.63717)
(0.594346 0.3 2.63712)
(0.671988 0.3 2.63709)
(0.751353 0.3 2.63708)
(0.832474 0.3 2.63709)
(0.229101 0.3 2.74695)
(0.298635 0.3 2.74685)
(0.369729 0.3 2.74677)
(0.442416 0.3 2.74669)
(0.516729 0.3 2.74663)
(0.5927 0.3 2.74659)
(0.670365 0.3 2.74656)
(0.749756 0.3 2.74655)
(0.830907 0.3 2.74657)
(0.227454 0.3 2.85903)
(0.296984 0.3 2.85895)
(0.368078 0.3 2.85887)
(0.44077 0.3 2.85881)
(0.515092 0.3 2.85875)
(0.591077 0.3 2.85872)
(0.668758 0.3 2.8587)
(0.748171 0.3 2.85869)
(0.829347 0.3 2.85871)
(0.22586 0.3 2.97385)
(0.295384 0.3 2.97378)
(0.366477 0.3 2.97371)
(0.439171 0.3 2.97366)
(0.513499 0.3 2.97361)
(0.589495 0.3 2.97358)
(0.66719 0.3 2.97357)
(0.74662 0.3 2.97357)
(0.827816 0.3 2.97359)
(0.224336 0.3 3.09148)
(0.293855 0.3 3.09142)
(0.364946 0.3 3.09136)
(0.437641 0.3 3.09131)
(0.511973 0.3 3.09128)
(0.587975 0.3 3.09125)
(0.665681 0.3 3.09124)
(0.745125 0.3 3.09125)
(0.826338 0.3 3.09126)
(0.222906 0.3 3.21199)
(0.292419 0.3 3.21194)
(0.363507 0.3 3.21189)
(0.436201 0.3 3.21185)
(0.510535 0.3 3.21182)
(0.586543 0.3 3.2118)
(0.664257 0.3 3.2118)
(0.743711 0.3 3.2118)
(0.824938 0.3 3.21182)
(0.221594 0.3 3.33546)
(0.291101 0.3 3.33542)
(0.362185 0.3 3.33538)
(0.434879 0.3 3.33535)
(0.509214 0.3 3.33532)
(0.585225 0.3 3.33531)
(0.662945 0.3 3.3353)
(0.742407 0.3 3.33531)
(0.823644 0.3 3.33533)
(0.220429 0.3 3.46197)
(0.289932 0.3 3.46193)
(0.361012 0.3 3.4619)
(0.433704 0.3 3.46188)
(0.50804 0.3 3.46186)
(0.584053 0.3 3.46185)
(0.661776 0.3 3.46185)
(0.741245 0.3 3.46185)
(0.82249 0.3 3.46187)
(0.219446 0.3 3.59159)
(0.288945 0.3 3.59156)
(0.360023 0.3 3.59154)
(0.432713 0.3 3.59152)
(0.507048 0.3 3.59151)
(0.583062 0.3 3.5915)
(0.660788 0.3 3.5915)
(0.740261 0.3 3.59151)
(0.821512 0.3 3.59152)
(0.218685 0.3 3.72442)
(0.28818 0.3 3.7244)
(0.359256 0.3 3.72438)
(0.431944 0.3 3.72437)
(0.506279 0.3 3.72436)
(0.582294 0.3 3.72436)
(0.660022 0.3 3.72436)
(0.739497 0.3 3.72436)
(0.820752 0.3 3.72437)
(0.218191 0.3 3.86053)
(0.287684 0.3 3.86052)
(0.358758 0.3 3.86051)
(0.431445 0.3 3.86051)
(0.50578 0.3 3.8605)
(0.581794 0.3 3.8605)
(0.659523 0.3 3.8605)
(0.739 0.3 3.86051)
(0.820257 0.3 3.86051)
(0.218017 0.3 4)
(0.287509 0.3 4)
(0.358582 0.3 4)
(0.431269 0.3 4)
(0.505603 0.3 4)
(0.581618 0.3 4)
(0.659347 0.3 4)
(0.738824 0.3 4)
(0.820082 0.3 4)
(0.247612 0 1.67639)
(0.245996 0 1.76252)
(0.315381 0 1.76218)
(0.386201 0 1.76188)
(0.4585 0 1.76164)
(0.244358 0 1.85071)
(0.313794 0 1.85041)
(0.384688 0 1.85015)
(0.457081 0 1.84993)
(0.531016 0 1.84975)
(0.60654 0 1.84963)
(0.242702 0 1.94102)
(0.312174 0 1.94076)
(0.383125 0 1.94053)
(0.455592 0 1.94033)
(0.529616 0 1.94017)
(0.605238 0 1.94006)
(0.682504 0 1.93999)
(0.761459 0 1.93997)
(0.241029 0 2.03352)
(0.310526 0 2.03329)
(0.38152 0 2.03308)
(0.454045 0 2.0329)
(0.52814 0 2.03276)
(0.603843 0 2.03265)
(0.681197 0 2.03259)
(0.760244 0 2.03256)
(0.841025 0 2.03258)
(0.239339 0 2.12825)
(0.308853 0 2.12805)
(0.37988 0 2.12786)
(0.452451 0 2.1277)
(0.526603 0 2.12757)
(0.602373 0 2.12748)
(0.6798 0 2.12742)
(0.758925 0 2.12739)
(0.839786 0 2.12741)
(0.237634 0 2.22528)
(0.307161 0 2.2251)
(0.378212 0 2.22494)
(0.450819 0 2.22479)
(0.525016 0 2.22468)
(0.60084 0 2.22459)
(0.678328 0 2.22453)
(0.757519 0 2.22451)
(0.838451 0 2.22452)
(0.235921 0 2.32466)
(0.305456 0 2.3245)
(0.376523 0 2.32436)
(0.449157 0 2.32423)
(0.52339 0 2.32413)
(0.599258 0 2.32405)
(0.676797 0 2.324)
(0.756044 0 2.32398)
(0.837035 0 2.32399)
(0.234205 0 2.42646)
(0.303743 0 2.42632)
(0.374822 0 2.42619)
(0.447475 0 2.42608)
(0.521737 0 2.42598)
(0.59764 0 2.42592)
(0.67522 0 2.42587)
(0.754514 0 2.42585)
(0.835556 0 2.42587)
(0.23249 0 2.53073)
(0.302028 0 2.5306)
(0.373115 0 2.53049)
(0.445783 0 2.53039)
(0.520066 0 2.53031)
(0.595998 0 2.53025)
(0.673613 0 2.53021)
(0.752945 0 2.5302)
(0.834029 0 2.53021)
(0.230784 0 2.63754)
(0.300321 0 2.63743)
(0.371413 0 2.63733)
(0.444092 0 2.63724)
(0.518392 0 2.63717)
(0.594346 0 2.63712)
(0.671988 0 2.63709)
(0.751353 0 2.63708)
(0.832474 0 2.63709)
(0.229101 0 2.74695)
(0.298635 0 2.74685)
(0.369729 0 2.74677)
(0.442416 0 2.74669)
(0.516729 0 2.74663)
(0.5927 0 2.74659)
(0.670365 0 2.74656)
(0.749756 0 2.74655)
(0.830907 0 2.74657)
(0.227454 0 2.85903)
(0.296984 0 2.85895)
(0.368078 0 2.85887)
(0.44077 0 2.85881)
(0.515092 0 2.85875)
(0.591077 0 2.85872)
(0.668758 0 2.8587)
(0.748171 0 2.85869)
(0.829347 0 2.85871)
(0.22586 0 2.97385)
(0.295384 0 2.97378)
(0.366477 0 2.97371)
(0.439171 0 2.97366)
(0.513499 0 2.97361)
(0.589495 0 2.97358)
(0.66719 0 2.97357)
(0.74662 0 2.97357)
(0.827816 0 2.97359)
(0.224336 0 3.09148)
(0.293855 0 3.09142)
(0.364946 0 3.09136)
(0.437641 0 3.09131)
(0.511973 0 3.09128)
(0.587975 0 3.09125)
(0.665681 0 3.09124)
(0.745125 0 3.09125)
(0.826338 0 3.09126)
(0.222906 0 3.21199)
(0.292419 0 3.21194)
(0.363507 0 3.21189)
(0.436201 0 3.21185)
(0.510535 0 3.21182)
(0.586543 0 3.2118)
(0.664257 0 3.2118)
(0.743711 0 3.2118)
(0.824938 0 3.21182)
(0.221594 0 3.33546)
(0.291101 0 3.33542)
(0.362185 0 3.33538)
(0.434879 0 3.33535)
(0.509214 0 3.33532)
(0.585225 0 3.33531)
(0.662945 0 3.3353)
(0.742407 0 3.33531)
(0.823644 0 3.33533)
(0.220429 0 3.46197)
(0.289932 0 3.46193)
(0.361012 0 3.4619)
(0.433704 0 3.46188)
(0.50804 0 3.46186)
(0.584053 0 3.46185)
(0.661776 0 3.46185)
(0.741245 0 3.46185)
(0.82249 0 3.46187)
(0.219446 0 3.59159)
(0.288945 0 3.59156)
(0.360023 0 3.59154)
(0.432713 0 3.59152)
(0.507048 0 3.59151)
(0.583062 0 3.5915)
(0.660788 0 3.5915)
(0.740261 0 3.59151)
(0.821512 0 3.59152)
(0.218685 0 3.72442)
(0.28818 0 3.7244)
(0.359256 0 3.72438)
(0.431944 0 3.72437)
(0.506279 0 3.72436)
(0.582294 0 3.72436)
(0.660022 0 3.72436)
(0.739497 0 3.72436)
(0.820752 0 3.72437)
(0.218191 0 3.86053)
(0.287684 0 3.86052)
(0.358758 0 3.86051)
(0.431445 0 3.86051)
(0.50578 0 3.8605)
(0.581794 0 3.8605)
(0.659523 0 3.8605)
(0.739 0 3.86051)
(0.820257 0 3.86051)
(0.218017 0 4)
(0.287509 0 4)
(0.358582 0 4)
(0.431269 0 4)
(0.505603 0 4)
(0.581618 0 4)
(0.659347 0 4)
(0.738824 0 4)
(0.820082 0 4)
)


// ************************************************************************* //
