/*--------------------------------*- C++ -*----------------------------------*\
| =========                 |                                                 |
| \\      /  F ield         | OpenFOAM: The Open Source CFD Toolbox           |
|  \\    /   O peration     | Version:  dev                                   |
|   \\  /    A nd           | Web:      www.OpenFOAM.org                      |
|    \\/     M anipulation  |                                                 |
\*---------------------------------------------------------------------------*/
FoamFile
{
    version     2.0;
    format      ascii;
    class       surfaceScalarField;
    location    "1.09";
    object      meshPhi;
}
// * * * * * * * * * * * * * * * * * * * * * * * * * * * * * * * * * * * * * //

dimensions      [0 3 -1 0 0 0 0];

internalField   nonuniform List<scalar> 
5457
(
-6.1064e-05
1.13825e-06
-0.000113368
3.17735e-06
-0.00015472
4.79279e-06
-0.000185345
5.99987e-06
-0.00020507
6.82218e-06
-0.000213656
7.26415e-06
-0.000211228
7.32686e-06
-0.000198522
7.02378e-06
-0.00017698
6.3908e-06
-0.000148688
5.48732e-06
-0.000116165
4.39591e-06
-8.20612e-05
3.20392e-06
-4.88831e-05
2.00179e-06
-1.87591e-05
8.76019e-07
6.74165e-06
-1.06964e-07
2.66815e-05
-9.038e-07
4.07391e-05
-1.4946e-06
4.91296e-05
-1.88035e-06
5.24833e-05
-2.07858e-06
5.17433e-05
-2.12002e-06
4.67741e-05
-2.0085e-06
3.84896e-05
-1.74548e-06
2.94753e-05
-1.40265e-06
2.10589e-05
-1.05899e-06
1.38023e-05
-7.47134e-07
8.05145e-06
-4.82759e-07
3.94355e-06
-2.75523e-07
1.42634e-06
-1.28664e-07
2.98027e-07
-4.06881e-08
-7.8216e-09
-6.10996e-05
2.27823e-06
-0.000113497
6.36145e-06
-0.000155032
9.60129e-06
-0.000185918
1.20287e-05
-0.000205948
1.36872e-05
-0.000214832
1.45799e-05
-0.000212645
1.47153e-05
-0.000200087
1.41234e-05
-0.00017857
1.28676e-05
-0.000150184
1.10648e-05
-0.000117467
8.8771e-06
-8.30869e-05
6.48523e-06
-4.9584e-05
4.07345e-06
-1.91233e-05
1.81243e-06
6.69654e-06
-1.64279e-07
2.69168e-05
-1.76918e-06
4.12012e-05
-2.96194e-06
4.9758e-05
-3.74447e-06
5.32109e-05
-4.15193e-06
5.24759e-05
-4.2435e-06
4.75379e-05
-4.02766e-06
3.92378e-05
-3.50775e-06
3.00881e-05
-2.82276e-06
2.1549e-05
-2.13332e-06
1.41735e-05
-1.50805e-06
8.30928e-06
-9.76631e-07
4.09882e-06
-5.58216e-07
1.49813e-06
-2.61098e-07
3.18719e-07
-8.36145e-08
-1.50586e-08
-6.10594e-05
3.41077e-06
-0.000113496
9.52735e-06
-0.000155183
1.43896e-05
-0.000186324
1.8045e-05
-0.000206681
2.05587e-05
-0.000215921
2.19336e-05
-0.000214069
2.21757e-05
-0.000201775
2.13244e-05
-0.000180415
1.94722e-05
-0.000152064
1.67904e-05
-0.000119262
1.35146e-05
-8.46853e-05
9.92442e-06
-5.08985e-05
6.30173e-06
-2.00987e-05
2.8982e-06
6.0869e-06
-8.49824e-08
2.66729e-05
-2.51503e-06
4.12991e-05
-4.32993e-06
5.01558e-05
-5.53168e-06
5.38539e-05
-6.172e-06
5.32974e-05
-6.33601e-06
4.84852e-05
-6.03529e-06
4.01884e-05
-5.27306e-06
3.09284e-05
-4.25367e-06
2.22563e-05
-3.22272e-06
1.47222e-05
-2.28568e-06
8.69113e-06
-1.48442e-06
4.32954e-06
-8.49051e-07
1.60514e-06
-3.96702e-07
3.47419e-07
-1.27913e-07
-2.28985e-08
-6.09294e-05
4.52645e-06
-0.000113332
1.26495e-05
-0.000155111
1.91211e-05
-0.000186472
2.40067e-05
-0.000207156
2.7394e-05
-0.000216794
2.92865e-05
-0.000215361
2.9679e-05
-0.000203455
2.86127e-05
-0.000182409
2.62091e-05
-0.000154257
2.26902e-05
-0.000121514
1.83641e-05
-8.68642e-05
1.36006e-05
-5.28821e-05
8.77596e-06
-2.17837e-05
4.22699e-06
4.7794e-06
2.24157e-07
2.57933e-05
-3.05271e-06
4.08646e-05
-5.51739e-06
5.01542e-05
-7.16956e-06
5.42506e-05
-8.07525e-06
5.40492e-05
-8.34577e-06
4.94606e-05
-7.99347e-06
4.1205e-05
-7.01348e-06
3.18838e-05
-5.6741e-06
2.30912e-05
-4.31147e-06
1.53869e-05
-3.07126e-06
9.1532e-06
-2.00577e-06
4.59282e-06
-1.15097e-06
1.71445e-06
-5.35453e-07
3.68958e-07
-1.71107e-07
-2.97889e-08
-6.07313e-05
5.62224e-06
-0.000113061
1.57184e-05
-0.00015493
2.37794e-05
-0.000186548
2.98947e-05
-0.000207636
3.4176e-05
-0.000217777
3.66218e-05
-0.000216889
3.72136e-05
-0.000205507
3.59912e-05
-0.000184908
3.30977e-05
-0.000157069
2.88006e-05
-0.000124471
2.34777e-05
-8.97922e-05
1.75804e-05
-5.56205e-05
1.15739e-05
-2.41922e-05
5.88318e-06
2.81609e-06
8.4992e-07
2.43589e-05
-3.2971e-06
3.99976e-05
-6.44471e-06
4.98525e-05
-8.5854e-06
5.4481e-05
-9.79698e-06
5.47563e-05
-1.02171e-05
5.04762e-05
-9.85561e-06
4.23034e-05
-8.69157e-06
3.29247e-05
-7.05366e-06
2.39947e-05
-5.37033e-06
1.61111e-05
-3.83565e-06
9.65958e-06
-2.51913e-06
4.86311e-06
-1.45569e-06
1.80275e-06
-6.76925e-07
3.67097e-07
-2.12408e-07
-3.44825e-08
-6.04557e-05
6.69371e-06
-0.000112665
1.87224e-05
-0.000154622
2.83521e-05
-0.000186536
3.57005e-05
-0.0002081
4.09027e-05
-0.000218847
4.39469e-05
-0.000218629
4.47995e-05
-0.000207908
4.34937e-05
-0.000187891
4.0187e-05
-0.000160491
3.51843e-05
-0.000128138
2.8926e-05
-9.34974e-05
2.1941e-05
-5.91596e-05
1.47808e-05
-2.73838e-05
7.95557e-06
1.19304e-07
1.88092e-06
2.22668e-05
-3.15994e-06
3.85727e-05
-7.02428e-06
4.91078e-05
-9.69515e-06
5.43875e-05
-1.12592e-05
5.52537e-05
-1.1877e-05
5.13723e-05
-1.15528e-05
4.33341e-05
-1.02465e-05
3.39135e-05
-8.34419e-06
2.4829e-05
-6.36196e-06
1.67415e-05
-4.54167e-06
1.00784e-05
-2.98266e-06
5.06788e-06
-1.73068e-06
1.83738e-06
-8.07449e-07
3.2689e-07
-2.4835e-07
-3.57017e-08
-6.00933e-05
7.73232e-06
-0.000112128
2.16429e-05
-0.000154169
3.2822e-05
-0.000186417
4.14123e-05
-0.000208527
4.75657e-05
-0.000219982
5.12609e-05
-0.00022056
5.24456e-05
-0.000210645
5.11414e-05
-0.000191356
4.75118e-05
-0.00016453
4.18904e-05
-0.00013254
3.47721e-05
-9.8023e-05
2.67584e-05
-6.35638e-05
1.84822e-05
-3.14382e-05
1.0536e-05
-3.4075e-06
3.41295e-06
1.93908e-05
-2.54285e-06
3.64317e-05
-7.15499e-06
4.7739e-05
-1.03973e-05
5.37699e-05
-1.23617e-05
5.53229e-05
-1.32264e-05
5.19193e-05
-1.29882e-05
4.40668e-05
-1.15882e-05
3.46404e-05
-9.46803e-06
2.54154e-05
-7.22641e-06
1.70974e-05
-5.14207e-06
1.02217e-05
-3.34718e-06
5.06251e-06
-1.92305e-06
1.75006e-06
-8.8868e-07
2.36562e-07
-2.64599e-07
-3.12055e-08
-5.96437e-05
8.73069e-06
-0.00011145
2.44596e-05
-0.000153567
3.71567e-05
-0.000186178
4.69882e-05
-0.0002089
5.41199e-05
-0.00022116
5.85198e-05
-0.000222663
6.01137e-05
-0.0002137
5.89065e-05
-0.000195294
5.50588e-05
-0.000169189
4.89223e-05
-0.000137696
4.10387e-05
-0.000103413
3.20761e-05
-6.89078e-05
2.27429e-05
-3.64645e-05
1.37103e-05
-7.90334e-06
5.5465e-06
1.55684e-05
-1.33844e-06
3.33838e-05
-6.72672e-06
4.55198e-05
-1.05777e-05
5.23683e-05
-1.29854e-05
5.46717e-05
-1.41419e-05
5.18033e-05
-1.40362e-05
4.41808e-05
-1.25934e-05
3.4792e-05
-1.03118e-05
2.54794e-05
-7.87019e-06
1.69553e-05
-5.56843e-06
9.87769e-06
-3.55718e-06
4.66006e-06
-1.97312e-06
1.44588e-06
-8.68437e-07
8.92969e-08
-2.37993e-07
-1.82669e-08
-5.91043e-05
9.68276e-06
-0.000110627
2.71536e-05
-0.000152802
4.13241e-05
-0.000185798
5.23864e-05
-0.000209189
6.0519e-05
-0.000222345
6.56767e-05
-0.000224892
6.77608e-05
-0.000217027
6.67542e-05
-0.000199664
6.2809e-05
-0.000174444
5.6286e-05
-0.0001436
4.77554e-05
-0.000109685
3.79394e-05
-7.52465e-05
2.76224e-05
-4.25709e-05
1.75553e-05
-1.35262e-05
8.37644e-06
1.06042e-05
5.62994e-07
2.91967e-05
-5.61794e-06
4.21721e-05
-1.0105e-05
4.98576e-05
-1.299e-05
5.29265e-05
-1.44753e-05
5.06129e-05
-1.45421e-05
4.32548e-05
-1.31045e-05
3.39526e-05
-1.07197e-05
2.46343e-05
-8.14862e-06
1.60029e-05
-5.70466e-06
8.81238e-06
-3.53144e-06
3.6946e-06
-1.82067e-06
8.51721e-07
-7.00938e-07
-1.08918e-07
-1.4744e-07
5.02252e-09
-5.84677e-05
1.05849e-05
-0.000109644
2.97152e-05
-0.000151854
4.53107e-05
-0.000185246
5.75908e-05
-0.000209352
6.67453e-05
-0.000223484
7.2714e-05
-0.000227187
7.53714e-05
-0.000220564
7.46739e-05
-0.000204413
7.07585e-05
-0.000180262
6.39896e-05
-0.000150247
5.49473e-05
-0.000116856
4.43899e-05
-8.26279e-05
3.31772e-05
-4.98557e-05
2.21417e-05
-2.04307e-05
1.19921e-05
4.28976e-06
3.26932e-06
2.36043e-05
-3.70426e-06
3.73698e-05
-8.83713e-06
4.5847e-05
-1.22163e-05
4.96323e-05
-1.4053e-05
4.78556e-05
-1.43258e-05
4.07849e-05
-1.29413e-05
3.16154e-05
-1.05079e-05
2.23863e-05
-7.87051e-06
1.38255e-05
-5.37153e-06
6.77336e-06
-3.14214e-06
2.07325e-06
-1.40492e-06
-3.10836e-08
-3.6806e-07
-3.28874e-07
9.49946e-09
3.68432e-08
-5.77267e-05
1.14336e-05
-0.000108488
3.21348e-05
-0.000150703
4.91023e-05
-0.000184497
6.25832e-05
-0.000209353
7.27763e-05
-0.000224529
7.96056e-05
-0.000229493
8.29175e-05
-0.000224246
8.26377e-05
-0.000209477
7.88786e-05
-0.000186595
7.19996e-05
-0.000157615
6.25911e-05
-0.000124941
5.14352e-05
-9.10991e-05
3.94428e-05
-5.84033e-05
2.75254e-05
-2.87573e-05
1.64708e-05
-3.57937e-06
6.88196e-06
1.63338e-05
-8.61296e-07
3.07667e-05
-6.62913e-06
3.99071e-05
-1.04978e-05
4.42711e-05
-1.26834e-05
4.29776e-05
-1.31799e-05
3.6234e-05
-1.19024e-05
2.72562e-05
-9.48397e-06
1.8232e-05
-6.83832e-06
1.00135e-05
-4.37295e-06
3.57239e-06
-2.24438e-06
-1.56831e-07
-6.80511e-07
-1.07988e-06
1.02442e-07
-5.12972e-07
2.03245e-07
6.94964e-08
-5.68745e-05
1.22214e-05
-0.000107149
3.43918e-05
-0.000149341
5.26675e-05
-0.000183532
6.73215e-05
-0.000209162
7.85589e-05
-0.000225434
8.62879e-05
-0.000231748
9.03278e-05
-0.000228003
9.05748e-05
-0.000214773
8.71107e-05
-0.000193352
8.02703e-05
-0.000165633
7.0651e-05
-0.000133912
5.90576e-05
-0.000100676
4.64285e-05
-6.82674e-05
3.37429e-05
-3.86175e-05
2.18727e-05
-1.31853e-05
1.1487e-05
7.13123e-06
3.02328e-06
2.20273e-05
-3.34193e-06
3.16218e-05
-7.66953e-06
3.63365e-05
-1.01772e-05
3.54253e-05
-1.08948e-05
2.9095e-05
-9.78092e-06
2.04467e-05
-7.46766e-06
1.18434e-05
-4.90112e-06
4.38759e-06
-2.58328e-06
-7.51749e-07
-7.56126e-07
-2.75444e-06
3.55523e-07
-2.05623e-06
6.51336e-07
-5.8497e-07
3.87051e-07
9.34584e-08
-5.59035e-05
1.29436e-05
-0.000105619
3.64734e-05
-0.000147757
5.59869e-05
-0.000182333
7.17783e-05
-0.00020874
8.40555e-05
-0.000226138
9.27118e-05
-0.000233867
9.75428e-05
-0.000231736
9.84177e-05
-0.000220198
9.53854e-05
-0.00020042
8.87409e-05
-0.000174188
7.90749e-05
-0.000143687
6.72117e-05
-0.000111326
5.41126e-05
-7.94596e-05
4.0803e-05
-5.00698e-05
2.82322e-05
-2.4655e-05
1.71471e-05
-4.19626e-06
8.04007e-06
1.08881e-05
1.1366e-06
2.06516e-05
-3.59456e-06
2.54351e-05
-6.37317e-06
2.47836e-05
-7.29599e-06
1.90138e-05
-6.40498e-06
1.09916e-05
-4.32293e-06
3.2452e-06
-1.99493e-06
-2.79844e-06
-1.64777e-08
-5.78865e-06
1.26067e-06
-5.29309e-06
1.63149e-06
-2.68617e-06
1.22202e-06
-4.75911e-07
5.3793e-07
1.08759e-07
-5.48088e-05
1.35988e-05
-0.000103892
3.83766e-05
-0.000145946
5.90549e-05
-0.000180882
7.5942e-05
-0.00020805
8.92433e-05
-0.000226576
9.88404e-05
-0.000235758
0.00010451
-0.000235326
0.000106094
-0.000225617
0.000103609
-0.000207662
9.73149e-05
-0.000183138
8.77751e-05
-0.000154126
7.58194e-05
-0.000122946
6.2434e-05
-9.19251e-05
4.86767e-05
-6.30931e-05
3.55528e-05
-3.80111e-05
2.38848e-05
-1.77241e-05
1.42319e-05
-2.7576e-06
6.86746e-06
6.84943e-06
1.79805e-06
1.14043e-05
-1.18858e-06
1.09281e-05
-2.29564e-06
5.96695e-06
-1.70052e-06
-9.16667e-07
-2.08949e-08
-7.07459e-06
1.8199e-06
-1.08027e-05
3.16014e-06
-1.07656e-05
3.59326e-06
-7.2498e-06
3.00241e-06
-2.7629e-06
1.78823e-06
-1.60458e-07
7.00045e-07
1.43898e-07
-5.36799e-05
1.42033e-05
-0.000102024
4.01289e-05
-0.000143904
6.18872e-05
-0.000179166
7.9819e-05
-0.000207055
9.4122e-05
-0.000226683
0.000104664
-0.000237325
0.000111213
-0.000238649
0.000113582
-0.000230883
0.000111754
-0.000214927
0.000105957
-0.000192331
9.67193e-05
-0.000165078
8.48611e-05
-0.000135399
7.13829e-05
-0.00010557
5.73659e-05
-7.76306e-05
4.38585e-05
-5.32113e-05
3.17449e-05
-3.34294e-05
2.16534e-05
-1.88933e-05
1.39142e-05
-9.73297e-06
8.56944e-06
-5.64488e-06
5.41555e-06
-5.93964e-06
4.12113e-06
-9.6755e-06
4.31337e-06
-1.46545e-05
5.35807e-06
-1.82283e-05
6.38207e-06
-1.86103e-05
6.71476e-06
-1.48561e-05
6.00781e-06
-8.2537e-06
4.33503e-06
-2.27134e-06
2.35667e-06
3.51903e-07
9.63234e-07
2.67627e-07
1.24406e-06
-1.5847e-08
8.957e-06
-5.29994e-08
3.73023e-05
-2.47227e-07
9.64622e-05
-4.88784e-07
0.000172074
-3.95484e-07
0.000234018
4.53724e-07
0.000266445
2.0085e-06
0.000274499
4.06211e-06
0.000271196
6.23404e-06
0.000264091
8.16686e-06
0.000255995
9.52698e-06
0.00025154
1.02621e-05
0.000253117
1.07362e-05
0.000259783
1.07935e-05
0.000270006
1.03529e-05
0.000281938
9.46863e-06
0.000293736
8.12424e-06
0.000303672
6.39016e-06
0.000310198
4.40664e-06
0.000312052
2.30831e-06
0.00030829
2.58488e-07
0.000298242
-1.57256e-06
0.000281609
-3.1211e-06
0.000258353
-4.26729e-06
0.000228654
-4.94139e-06
0.000192875
-5.1086e-06
0.000151512
-4.76354e-06
0.000105164
-3.92587e-06
5.43499e-05
-2.63426e-06
-9.47465e-07
1.31612e-06
-2.06092e-08
9.72493e-06
-1.212e-07
3.97447e-05
-4.87957e-07
0.000100283
-7.95482e-07
0.000175104
-3.6452e-07
0.000234365
1.43996e-06
0.000263966
4.51412e-06
0.00027026
8.35807e-06
0.000266197
1.23791e-05
0.000259412
1.60273e-05
0.000252194
1.86113e-05
0.000248441
2.0069e-05
0.000250778
2.09432e-05
0.000258152
2.09908e-05
0.000268944
2.01164e-05
0.000281327
1.83509e-05
0.000293476
1.56829e-05
0.000303646
1.22844e-05
0.000310319
8.38972e-06
0.000312224
4.29986e-06
0.00030846
2.78849e-07
0.000298417
-3.35e-06
0.000281774
-6.38458e-06
0.000258489
-8.6185e-06
0.000228749
-9.919e-06
0.000192922
-1.02183e-05
0.000151512
-9.50575e-06
0.000105126
-7.82014e-06
5.4303e-05
-5.23874e-06
-1.8819e-06
1.44976e-06
-3.23758e-08
1.09518e-05
-2.37576e-07
4.27874e-05
-7.86905e-07
0.000102937
-1.05922e-06
0.000173042
-8.43415e-08
0.000225769
2.79049e-06
0.000250791
7.30686e-06
0.000255534
1.26733e-05
0.000251808
1.82382e-05
0.000246659
2.3211e-05
0.000241721
2.67621e-05
0.000239931
2.89405e-05
0.000243972
3.008e-05
0.000252764
3.00068e-05
0.000264652
2.86945e-05
0.000277882
2.60712e-05
0.00029066
2.21711e-05
0.000301282
1.72433e-05
0.000308294
1.15806e-05
0.000310485
5.6294e-06
0.000306954
-2.09739e-07
0.000297115
-5.49783e-06
0.00028065
-9.88794e-06
0.000257521
-1.30976e-05
0.000227918
-1.49367e-05
0.00019222
-1.53063e-05
0.000150941
-1.41902e-05
0.0001047
-1.1645e-05
5.40584e-05
-7.78523e-06
-2.79279e-06
1.66415e-06
-5.41816e-08
1.24325e-05
-3.76705e-07
4.52923e-05
-1.05204e-06
0.000102082
-1.15514e-06
0.000163418
5.33266e-07
0.000206883
4.49673e-06
0.000226835
1.02177e-05
0.000230941
1.67778e-05
0.000228982
2.34886e-05
0.00022669
2.94006e-05
0.000225088
3.37289e-05
0.000226412
3.64618e-05
0.000232972
3.77211e-05
0.000243684
3.74915e-05
0.000257042
3.57043e-05
0.0002714
3.22522e-05
0.000285028
2.72347e-05
0.000296349
2.08996e-05
0.000303951
1.36476e-05
0.000306676
6.0213e-06
0.000303626
-1.43012e-06
0.000294217
-8.1668e-06
0.000278144
-1.37315e-05
0.000255377
-1.77653e-05
0.000226115
-2.00245e-05
0.000190745
-2.03809e-05
0.000149791
-1.88119e-05
0.000103892
-1.53902e-05
5.36271e-05
-1.0265e-05
-3.67682e-06
1.97346e-06
-8.37875e-08
1.39314e-05
-4.8206e-07
4.66195e-05
-1.12715e-06
9.75036e-05
-8.47001e-07
0.000147851
1.66783e-06
0.000181447
6.60174e-06
0.000196815
1.31715e-05
0.000201065
2.04738e-05
0.000201603
2.78454e-05
0.000202627
3.44178e-05
0.000204812
3.93565e-05
0.000209821
4.2375e-05
0.000219312
4.36447e-05
0.000232225
4.32443e-05
0.000247247
4.09661e-05
0.000262881
3.67196e-05
0.000277547
3.06513e-05
0.000289754
2.30438e-05
0.000298133
1.43958e-05
0.000301548
5.32963e-06
0.000299126
-3.49702e-06
0.00029029
-1.145e-05
0.000274747
-1.7982e-05
0.000252475
-2.26651e-05
0.00022368
-2.5207e-05
0.00018876
-2.54521e-05
0.000148255
-2.33718e-05
0.00010282
-1.90523e-05
5.30598e-05
-1.26742e-05
-4.5323e-06
2.35371e-06
-1.2026e-07
1.50763e-05
-5.35721e-07
4.58809e-05
-9.59478e-07
8.87086e-05
-6.16103e-08
0.000127445
3.28033e-06
0.000152209
8.89965e-06
0.00016427
1.58981e-05
0.000169447
2.34795e-05
0.000172732
3.11612e-05
0.000177021
3.82029e-05
0.000183028
4.34882e-05
0.000191764
4.65947e-05
0.000204148
4.78141e-05
0.000219289
4.71481e-05
0.00023603
4.43419e-05
0.000253016
3.93356e-05
0.000268811
3.22953e-05
0.000281981
2.35775e-05
0.000291215
1.37407e-05
0.000295405
3.47697e-06
0.000293699
-6.47332e-06
0.000285529
-1.53972e-05
0.000270611
-2.26745e-05
0.000248929
-2.78181e-05
0.0002207
-3.04938e-05
0.000186331
-3.05214e-05
0.000146378
-2.78661e-05
0.000101515
-2.26256e-05
5.23711e-05
-1.50079e-05
-5.35737e-06
2.75166e-06
-1.567e-07
1.55054e-05
-5.10495e-07
4.25626e-05
-5.24842e-07
7.6144e-05
1.12027e-06
0.000104304
5.1251e-06
0.000122323
1.10555e-05
0.00013257
1.81128e-05
0.000139108
2.56838e-05
0.000144934
3.34584e-05
0.000152163
4.0744e-05
0.000161596
4.61554e-05
0.000173637
4.92154e-05
0.000188618
5.02524e-05
0.000205808
4.91919e-05
0.000224177
4.58063e-05
0.000242482
4.00659e-05
0.000259376
3.21588e-05
0.000273501
2.24919e-05
0.000283595
1.16746e-05
0.00028858
4.54649e-07
0.00028762
-1.03659e-05
0.000280158
-2.00129e-05
0.000265917
-2.78093e-05
0.000244885
-3.32206e-05
0.000217288
-3.58774e-05
0.000183543
-3.55789e-05
0.000144222
-3.22843e-05
0.000100016
-2.6101e-05
5.15821e-05
-1.726e-05
-6.14979e-06
3.06565e-06
-1.77359e-07
1.48799e-05
-3.6719e-07
3.67645e-05
1.55553e-07
6.13306e-05
2.47547e-06
8.11435e-05
6.83726e-06
9.47019e-05
1.27372e-05
0.000104217
1.96061e-05
0.000112104
2.70299e-05
0.000119991
3.47617e-05
0.000129608
4.20685e-05
0.000141797
4.74515e-05
0.000156519
5.03255e-05
0.000173683
5.10012e-05
0.00019263
4.94412e-05
0.000212414
4.54404e-05
0.000231884
3.89923e-05
0.000249765
3.03143e-05
0.000264763
1.98526e-05
0.000275657
8.2557e-06
0.000281397
-3.68792e-06
0.000281162
-1.5133e-05
0.000274403
-2.5262e-05
0.000260847
-3.33565e-05
0.000240489
-3.88464e-05
0.000213559
-4.1335e-05
0.000180486
-4.06048e-05
0.000141852
-3.66102e-05
9.8368e-05
-2.94664e-05
5.07156e-05
-1.9423e-05
-6.90701e-06
3.16567e-06
-1.66136e-07
1.31049e-05
-1.12069e-07
2.93594e-05
9.33486e-07
4.64218e-05
3.68736e-06
6.04581e-05
8.09967e-06
7.13779e-05
1.37629e-05
8.06507e-05
2.03247e-05
8.95359e-05
2.75294e-05
9.8898e-05
3.51271e-05
0.000110224
4.22775e-05
0.000124432
4.74562e-05
0.000141196
4.99905e-05
0.000160057
5.01737e-05
0.000180394
4.80307e-05
0.000201317
4.33816e-05
0.000221737
3.62525e-05
0.000240436
2.68931e-05
0.000256168
1.5781e-05
0.00026775
3.59308e-06
0.000274155
-8.85584e-06
0.000274578
-2.06942e-05
0.000268474
-3.10776e-05
0.000255576
-3.92612e-05
0.000235883
-4.46507e-05
0.000209628
-4.68306e-05
0.000177247
-4.5571e-05
0.000139334
-4.08227e-05
9.66146e-05
-3.27071e-05
4.97941e-05
-2.14882e-05
-7.62629e-06
2.96596e-06
-1.18078e-07
1.04997e-05
1.98818e-07
2.17315e-05
1.61286e-06
3.3383e-05
4.51438e-06
4.37744e-05
8.78445e-06
5.31585e-05
1.41624e-05
6.22553e-05
2.04186e-05
7.16683e-05
2.73591e-05
8.195e-05
3.46918e-05
9.43814e-05
4.15096e-05
0.000109944
4.62985e-05
0.000128135
4.83418e-05
0.000148211
4.79256e-05
0.000169562
4.51246e-05
0.000191326
3.98008e-05
0.00021245
3.20196e-05
0.000231761
2.20633e-05
0.000248052
1.04354e-05
0.000260173
-2.16892e-06
0.000267116
-1.4922e-05
0.000268091
-2.69408e-05
0.000262562
-3.73692e-05
0.000250264
-4.54494e-05
0.000231196
-5.05748e-05
0.000205597
-5.23183e-05
0.000173907
-5.04428e-05
0.000136728
-4.48969e-05
9.4797e-05
-3.58067e-05
4.88391e-05
-2.34467e-05
-8.30478e-06
2.48284e-06
-4.21492e-08
7.66109e-06
4.91295e-07
1.51421e-05
2.06347e-06
2.3313e-05
4.90013e-06
3.1454e-05
8.95619e-06
3.97849e-05
1.40815e-05
4.85924e-05
2.00692e-05
5.81798e-05
2.66913e-05
6.89613e-05
3.3606e-05
8.20489e-05
3.99162e-05
9.84446e-05
4.41365e-05
0.000117545
4.5541e-05
0.000138416
4.44202e-05
0.000160436
4.08968e-05
0.000182748
3.48821e-05
0.000204325
2.64829e-05
0.000224028
1.60126e-05
0.000240682
3.99499e-06
0.000253165
-8.86515e-06
0.000260493
-2.17391e-05
0.00026189
-3.37458e-05
0.000256827
-4.40303e-05
0.000245045
-5.18347e-05
0.000226542
-5.65499e-05
0.00020156
-5.77457e-05
0.00017054
-5.51816e-05
0.000134088
-4.88057e-05
9.29523e-05
-3.87478e-05
4.78697e-05
-2.52891e-05
-8.9396e-06
1.82821e-06
4.60648e-08
5.1571e-06
7.16903e-07
1.02425e-05
2.28113e-06
1.63326e-05
4.96213e-06
2.30405e-05
8.80321e-06
3.05285e-05
1.36899e-05
3.89434e-05
1.93919e-05
4.84981e-05
2.56174e-05
5.95044e-05
3.19892e-05
7.296e-05
3.76325e-05
8.98361e-05
4.11108e-05
0.000109462
4.17328e-05
0.000130792
3.98121e-05
0.000153183
3.55171e-05
0.000175778
2.88089e-05
0.000197565
1.98344e-05
0.000217436
8.93383e-06
0.000234248
-3.35376e-06
0.000246906
-1.63214e-05
0.00025445
-2.91504e-05
0.00025612
-4.09726e-05
0.000251399
-5.09458e-05
0.00024003
-5.83227e-05
0.000222015
-6.25019e-05
0.000197593
-6.30559e-05
0.000167206
-5.97458e-05
0.000131463
-5.25205e-05
9.11122e-05
-4.15123e-05
4.69025e-05
-2.70058e-05
-9.5279e-06
1.15884e-06
1.30698e-07
3.32704e-06
8.67002e-07
7.06279e-06
2.35793e-06
1.19548e-05
4.8958e-06
1.77531e-05
8.53823e-06
2.45875e-05
1.31521e-05
3.26035e-05
1.84839e-05
4.20194e-05
2.42077e-05
5.3095e-05
2.99312e-05
6.67685e-05
3.47707e-05
8.39262e-05
3.73357e-05
0.000103819
3.70339e-05
0.000125355
3.42358e-05
0.000147871
2.91413e-05
0.000170512
2.1755e-05
0.000192284
1.22596e-05
0.000212109
1.01542e-06
0.000228878
-1.14266e-05
0.000241519
-2.43631e-05
0.000249101
-3.69971e-05
0.000250886
-4.84821e-05
0.000246371
-5.79976e-05
0.000235303
-6.48166e-05
0.000217686
-6.83539e-05
0.000193757
-6.81909e-05
0.000163956
-6.40935e-05
0.000128887
-5.60128e-05
8.9302e-05
-4.40826e-05
4.59503e-05
-2.85877e-05
-1.00669e-05
6.46614e-07
1.95343e-07
2.28002e-06
9.88733e-07
5.357e-06
2.42816e-06
9.59326e-06
4.88573e-06
1.48541e-05
8.3169e-06
2.12518e-05
1.25758e-05
2.89694e-05
1.74133e-05
3.82378e-05
2.25204e-05
4.92886e-05
2.75334e-05
6.31406e-05
3.14717e-05
8.05334e-05
3.29198e-05
0.000100528
3.15408e-05
0.000122078
2.78226e-05
0.000144519
2.19305e-05
0.000167002
1.39018e-05
0.000188548
3.95462e-06
0.000208113
-7.53875e-06
0.000224635
-2.00324e-05
0.000237072
-3.28205e-05
0.000244512
-4.51245e-05
0.000246253
-5.61378e-05
0.000241804
-6.50688e-05
0.000230919
-7.12197e-05
0.000213605
-7.40297e-05
0.000190095
-7.30928e-05
0.000160824
-6.81833e-05
0.000126391
-5.92549e-05
8.7541e-05
-4.64417e-05
4.50228e-05
-3.0026e-05
-1.05541e-05
5.23022e-07
2.08133e-07
2.1167e-06
1.2799e-06
4.92718e-06
2.6957e-06
8.83031e-06
5.02616e-06
1.3812e-05
8.15948e-06
1.99926e-05
1.1945e-05
2.757e-05
1.61539e-05
3.67413e-05
2.05338e-05
4.77788e-05
2.4701e-05
6.18875e-05
2.75148e-05
7.94989e-05
2.76916e-05
9.94465e-05
2.52332e-05
0.000120854
2.06273e-05
0.000143047
1.39655e-05
0.000165189
5.34273e-06
0.000186325
-4.98928e-06
0.000205435
-1.66394e-05
0.000221503
-2.90721e-05
0.000233536
-4.15937e-05
0.000240654
-5.34412e-05
0.000242183
-6.38584e-05
0.00023766
-7.20988e-05
0.000226847
-7.74941e-05
0.000209748
-7.95052e-05
0.00018659
-7.7748e-05
0.000157801
-7.20103e-05
0.000123971
-6.22481e-05
8.5831e-05
-4.85949e-05
4.41238e-05
-3.13269e-05
-1.09923e-05
-5.46816e-05
1.47645e-05
-0.000104011
4.17473e-05
-0.000147113
6.45106e-05
-0.000183975
8.3452e-05
-0.00021364
9.87477e-05
-0.000235127
0.000110244
-0.000247681
0.000117709
-0.000250917
0.000120937
-0.000244974
0.000119876
-0.000230646
0.000114717
-0.000209417
0.000105955
-0.000183232
9.43904e-05
-0.000154302
8.10186e-05
-0.000124928
6.69333e-05
-9.72083e-05
5.32128e-05
-7.28879e-05
4.07954e-05
-5.31961e-05
3.03737e-05
-3.88379e-05
2.23323e-05
-2.9995e-05
1.67478e-05
-2.63262e-05
1.34226e-05
-2.6298e-05
1.18839e-05
-2.82891e-05
1.15157e-05
-3.04625e-05
1.16389e-05
-3.03641e-05
1.14814e-05
-2.63916e-05
1.04589e-05
-1.83857e-05
8.39966e-06
-8.76447e-06
5.6406e-06
-1.52652e-06
3.01151e-06
1.23384e-06
1.31559e-06
6.13793e-07
7.55772e-07
-5.5009e-05
1.52619e-05
-0.000104643
4.3178e-05
-0.00014821
6.68399e-05
-0.000186033
8.67633e-05
-0.000217083
0.000103098
-0.000240173
0.000115576
-0.000254545
0.000123973
-0.000259801
0.000128125
-0.000255973
0.000127937
-0.00024374
0.000123544
-0.000224499
0.000115416
-0.000200115
0.000104329
-0.00017273
9.12561e-05
-0.000144617
7.72882e-05
-0.00011788
6.35222e-05
-9.43278e-05
5.09318e-05
-7.52751e-05
4.02668e-05
-6.14824e-05
3.19625e-05
-5.31525e-05
2.61269e-05
-4.98733e-05
2.25726e-05
-4.9243e-05
2.06931e-05
-4.86574e-05
1.95925e-05
-4.67388e-05
1.85113e-05
-4.18133e-05
1.68628e-05
-3.28735e-05
1.42732e-05
-2.0815e-05
1.08208e-05
-8.82801e-06
7.08064e-06
-6.0089e-07
3.89361e-06
2.74785e-06
1.83295e-06
8.07277e-07
3.0592e-06
-5.52422e-05
1.5676e-05
-0.000105162
4.4369e-05
-0.000149119
6.87548e-05
-0.00018775
8.95122e-05
-0.000220192
0.000106932
-0.000244942
0.00012055
-0.000261152
0.000129943
-0.000268534
0.000135061
-0.00026697
0.000135842
-0.000257007
0.000132322
-0.000240002
0.000124954
-0.000217725
0.000114505
-0.000192216
0.000101908
-0.000165693
8.82276e-05
-0.000140249
7.45645e-05
-0.000117705
6.19152e-05
-9.94328e-05
5.10639e-05
-8.6212e-05
4.24886e-05
-7.82451e-05
3.63309e-05
-7.50698e-05
3.24261e-05
-7.36839e-05
3.01134e-05
-6.98832e-05
2.81769e-05
-6.27931e-05
2.56803e-05
-5.24144e-05
2.23543e-05
-3.84885e-05
1.81582e-05
-2.29159e-05
1.34089e-05
-8.99237e-06
8.81674e-06
4.34765e-07
5.11096e-06
4.99939e-06
2.67633e-06
1.3391e-06
6.42701e-06
-5.52877e-05
1.59946e-05
-0.000105357
4.52934e-05
-0.000149595
7.02385e-05
-0.00018883
9.15801e-05
-0.00022261
0.000109873
-0.00024925
0.00012477
-0.000267418
0.000135463
-0.000276998
0.000141687
-0.00027781
0.000143512
-0.000270195
0.000140939
-0.000255591
0.000134417
-0.000235644
0.000124737
-0.00021226
0.000112767
-0.000187558
9.95209e-05
-0.000163591
8.60765e-05
-0.00014216
7.34403e-05
-0.000124633
6.24189e-05
-0.00011177
5.35149e-05
-0.000103747
4.68967e-05
-0.000100089
4.24272e-05
-9.76008e-05
3.94384e-05
-9.05636e-05
3.65949e-05
-7.82107e-05
3.28367e-05
-6.22625e-05
2.79444e-05
-4.36887e-05
2.21977e-05
-2.51649e-05
1.62747e-05
-9.41747e-06
1.09147e-05
1.6082e-06
6.67251e-06
8.00391e-06
3.7949e-06
2.06113e-06
1.11204e-05
-5.51017e-05
1.62083e-05
-0.000105109
4.59218e-05
-0.000149444
7.12716e-05
-0.00018899
9.3011e-05
-0.000223713
0.000111798
-0.00025234
0.000127662
-0.000272959
0.000139896
-0.000285096
0.000147763
-0.000288344
0.000150905
-0.000282995
0.000149285
-0.00027087
0.000143627
-0.000253372
0.000134822
-0.000232232
0.000123582
-0.000209458
0.000110864
-0.000186998
9.77181e-05
-0.000166612
8.51251e-05
-0.000149609
7.39043e-05
-0.000136681
6.45711e-05
-0.000127925
5.73045e-05
-0.000122783
5.19737e-05
-0.000117788
4.78298e-05
-0.000107629
4.37069e-05
-9.15467e-05
3.88746e-05
-7.12302e-05
3.30249e-05
-4.88849e-05
2.63005e-05
-2.76915e-05
1.945e-05
-9.95822e-06
1.33141e-05
3.00745e-06
8.46481e-06
1.15524e-05
5.06069e-06
2.85982e-06
1.65539e-05
-5.46356e-05
1.63069e-05
-0.000104327
4.62248e-05
-0.000148533
7.18025e-05
-0.000188135
9.37971e-05
-0.00022323
0.000112846
-0.00025321
0.000129131
-0.000276438
0.000142399
-0.000291746
0.000151987
-0.000297992
0.000157056
-0.000295091
0.000157009
-0.000285378
0.000152429
-0.000270358
0.000144535
-0.000251405
0.000134084
-0.000230505
0.000121929
-0.000209414
0.0001091
-0.000189835
9.65352e-05
-0.000172993
8.50624e-05
-0.000159458
7.51953e-05
-0.000149201
6.71069e-05
-0.000141499
6.06661e-05
-0.000132469
5.50843e-05
-0.000118501
4.9338e-05
-9.98078e-05
4.3133e-05
-7.74267e-05
3.65113e-05
-5.32298e-05
2.94866e-05
-3.00182e-05
2.23559e-05
-1.02469e-05
1.57468e-05
4.90242e-06
1.02788e-05
1.57255e-05
6.22217e-06
3.44757e-06
2.26664e-05
-5.38392e-05
1.62819e-05
-0.000102911
4.61769e-05
-0.000146722
7.17923e-05
-0.000186142
9.38768e-05
-0.000221245
0.000113048
-0.000251668
0.000129481
-0.000276543
0.000143105
-0.000294624
0.00015354
-0.000304671
0.000160325
-0.000305493
0.000162709
-0.000298681
0.000160276
-0.000286039
0.000153697
-0.000269033
0.000144007
-0.000249802
0.000132395
-0.000229741
0.000119844
-0.000210614
0.000107244
-0.0001935
9.54617e-05
-0.000178838
8.49744e-05
-0.000166483
7.59563e-05
-0.00015564
6.83035e-05
-0.000142444
6.13017e-05
-0.000124254
5.40124e-05
-0.000102616
4.6338e-05
-7.90952e-05
3.86891e-05
-5.4563e-05
3.12288e-05
-3.06392e-05
2.40366e-05
-9.40453e-06
1.73779e-05
7.85379e-06
1.15898e-05
2.10053e-05
6.93581e-06
3.47135e-06
2.99862e-05
-5.26713e-05
1.61325e-05
-0.000100779
4.57731e-05
-0.000143872
7.12138e-05
-0.00018281
9.32e-05
-0.000217663
0.000112333
-0.000248069
0.000128801
-0.000273476
0.000142546
-0.000292939
0.000153246
-0.000306003
0.000160743
-0.000311345
0.000164845
-0.000308788
0.00016497
-0.000299233
0.000160775
-0.00028449
0.000152784
-0.000266566
0.000142035
-0.000246955
0.000129607
-0.000227861
0.000116843
-0.000210069
0.000104709
-0.000193886
9.35615e-05
-0.00017915
8.35873e-05
-0.000165141
7.47489e-05
-0.000148418
6.64312e-05
-0.000126722
5.78075e-05
-0.000102335
4.89287e-05
-7.73726e-05
4.03329e-05
-5.23872e-05
3.22112e-05
-2.8324e-05
2.46524e-05
-6.38243e-06
1.78206e-05
1.24778e-05
1.18288e-05
2.7921e-05
6.74625e-06
2.61771e-06
3.92505e-05
-5.10918e-05
1.58552e-05
-9.78617e-05
4.50079e-05
-0.000139869
7.00612e-05
-0.000177976
9.1749e-05
-0.000212255
0.000110669
-0.000242361
0.000127007
-0.000267774
0.000140725
-0.000287749
0.000151574
-0.000302064
0.000159341
-0.000310345
0.000163993
-0.000311847
0.000165368
-0.000306514
0.000163282
-0.000295488
0.000157864
-0.000279552
0.00014923
-0.000260265
0.000137791
-0.000240695
0.000125017
-0.000221945
0.000112473
-0.000204022
0.0001007
-0.000186891
8.98268e-05
-0.000169986
7.99136e-05
-0.000150369
7.0447e-05
-0.000126161
6.07047e-05
-9.98897e-05
5.08293e-05
-7.36537e-05
4.14379e-05
-4.79388e-05
3.27381e-05
-2.3504e-05
2.47509e-05
-1.05004e-06
1.75449e-05
1.89579e-05
1.11812e-05
3.63733e-05
5.66543e-06
1.0048e-06
4.99745e-05
-4.90471e-05
1.54425e-05
-9.40698e-05
4.38676e-05
-0.000134608
6.83302e-05
-0.000171491
8.95177e-05
-0.000204826
0.000108035
-0.000234272
0.000124072
-0.000259344
0.000137599
-0.000279431
0.000148426
-0.000294134
0.000156348
-0.0003034
0.000161258
-0.000306868
0.000163035
-0.00030486
0.000161822
-0.000297769
0.000157938
-0.000285516
0.000151548
-0.00026826
0.000142503
-0.000248586
0.00013107
-0.000228721
0.000118587
-0.000208943
0.000106228
-0.000189584
9.45523e-05
-0.000170148
8.37193e-05
-0.000148255
7.32812e-05
-0.000122327
6.26257e-05
-9.4831e-05
5.19451e-05
-6.77679e-05
4.18993e-05
-4.15503e-05
3.26998e-05
-1.6714e-05
2.43226e-05
6.2778e-06
1.67691e-05
2.71951e-05
1.00323e-05
4.60071e-05
4.08465e-06
-1.01259e-06
6.10951e-05
-4.65014e-05
1.49042e-05
-8.93132e-05
4.23586e-05
-0.000127969
6.60166e-05
-0.000163221
8.65121e-05
-0.000195201
0.000104434
-0.000223598
0.000119991
-0.000247944
0.000133165
-0.000267688
0.000143794
-0.000282413
0.000151688
-0.000291935
0.000156729
-0.000296112
0.00015885
-0.000295483
0.000158148
-0.000290372
0.000154855
-0.000281327
0.000149428
-0.000267675
0.000142167
-0.000249869
0.000132907
-0.000229787
0.000121855
-0.000208601
0.000109843
-0.000187202
9.77333e-05
-0.000165546
8.60795e-05
-0.000141906
7.48203e-05
-0.000114861
6.34414e-05
-8.66743e-05
5.2135e-05
-5.91857e-05
4.15884e-05
-3.27377e-05
3.20059e-05
-7.6838e-06
2.33217e-05
1.57087e-05
1.54832e-05
3.73115e-05
8.44234e-06
5.70855e-05
2.15363e-06
-3.28845e-06
7.31268e-05
-4.34403e-05
1.42503e-05
-8.35338e-05
4.05026e-05
-0.000119849
6.3136e-05
-0.000153053
8.27506e-05
-0.000183265
9.99026e-05
-0.000210206
0.000114808
-0.000233418
0.000127464
-0.000252392
0.000137728
-0.000266711
0.000145432
-0.000276152
0.000150464
-0.000280663
0.000152774
-0.00028051
0.000152437
-0.000276026
0.000149645
-0.00026801
0.000144703
-0.000256602
0.00013803
-0.000241389
0.000129884
-0.000222813
0.000120383
-0.000201917
0.000109809
-0.000179437
9.84561e-05
-0.000156109
8.67544e-05
-0.000131067
7.49668e-05
-0.000103308
6.29773e-05
-7.48896e-05
5.12123e-05
-4.73819e-05
4.03553e-05
-2.10066e-05
3.05468e-05
4.04517e-06
2.16742e-05
2.76261e-05
1.36521e-05
4.9662e-05
6.41283e-06
7.01115e-05
-9.78833e-08
-5.7616e-06
8.69096e-05
-3.98447e-05
1.34805e-05
-7.67106e-05
3.83174e-05
-0.000110212
5.97303e-05
-0.000140945
7.8285e-05
-0.000168996
9.45127e-05
-0.000194086
0.000108618
-0.000215771
0.000120601
-0.000233579
0.000130348
-0.000247097
0.000137715
-0.000256082
0.000142595
-0.00026047
0.000144947
-0.000260409
0.000144828
-0.00025619
0.000142397
-0.000248273
0.000137902
-0.000237194
0.000131652
-0.000222969
0.000123918
-0.000205924
0.000115062
-0.000186455
0.000105459
-0.000164571
9.52193e-05
-0.000140932
8.43988e-05
-0.00011512
7.28997e-05
-8.71086e-05
6.07994e-05
-5.89501e-05
4.89238e-05
-3.18235e-05
3.80225e-05
-5.80885e-06
2.81807e-05
1.90023e-05
1.92679e-05
4.25252e-05
1.11911e-05
6.47151e-05
3.87836e-06
8.55271e-05
-2.72508e-06
-8.48413e-06
0.000102787
-3.57135e-05
1.26057e-05
-6.88639e-05
3.58357e-05
-9.91093e-05
5.5865e-05
-0.000126963
7.32132e-05
-0.000152468
8.83747e-05
-0.000175334
0.000101543
-0.000195128
0.000112724
-0.00021139
0.000121821
-0.000223718
0.000128713
-0.000231853
0.000133303
-0.000235703
0.000135557
-0.00023535
0.00013552
-0.00023102
0.000133324
-0.000223058
0.000129176
-0.000211842
0.000123335
-0.000197624
0.000116078
-0.000180963
0.000107715
-0.000162148
9.85449e-05
-0.000141267
8.88577e-05
-0.000118496
7.88264e-05
-9.31005e-05
6.81052e-05
-6.56856e-05
5.65565e-05
-3.83485e-05
4.50559e-05
-1.19693e-05
3.44214e-05
1.3417e-05
2.47601e-05
3.77502e-05
1.59714e-05
6.0972e-05
7.97817e-06
8.30472e-05
7.17939e-07
0.000103924
-5.85686e-06
-1.15995e-05
0.000121364
-3.10792e-05
1.1646e-05
-6.00571e-05
3.31132e-05
-8.66346e-05
5.16238e-05
-0.000111222
6.76433e-05
-0.000133811
8.16214e-05
-0.000154095
9.37378e-05
-0.00017164
0.000104002
-0.00018599
0.000112335
-0.000196753
0.000118632
-0.000203663
0.000122813
-0.000206605
0.000124847
-0.000205614
0.000124773
-0.000200863
0.000122702
-0.000192621
0.000118812
-0.000181215
0.00011333
-0.000166969
0.000106516
-0.00015028
9.86437e-05
-0.000131493
8.99947e-05
-0.000111056
8.08692e-05
-8.90934e-05
7.13916e-05
-6.47959e-05
6.12404e-05
-3.87326e-05
5.03702e-05
-1.26906e-05
3.95626e-05
1.26441e-05
2.94679e-05
3.71771e-05
2.01845e-05
6.08319e-05
1.16737e-05
8.35479e-05
3.8919e-06
0.000105285
-3.20365e-06
0.000125982
-9.64777e-06
-1.52846e-05
0.000143368
-2.59872e-05
1.06225e-05
-5.0369e-05
3.02085e-05
-7.28913e-05
4.70957e-05
-9.38513e-05
6.16912e-05
-0.000113176
7.43953e-05
-0.000130537
8.53705e-05
-0.000145495
9.46296e-05
-0.000157596
0.000102107
-0.000166456
0.000107716
-0.000171808
0.00011139
-0.000173514
0.000113103
-0.000171578
0.000112888
-0.000166137
0.000110847
-0.000157405
0.000107132
-0.000145667
0.00010194
-0.00013123
9.55045e-05
-0.000114457
8.80701e-05
-9.5757e-05
7.9908e-05
-7.55882e-05
7.13122e-05
-5.41218e-05
6.23374e-05
-3.08783e-05
5.27209e-05
-6.36389e-06
4.2599e-05
1.81853e-05
3.26279e-05
4.23153e-05
2.32176e-05
6.58583e-05
1.44459e-05
8.87037e-05
6.32983e-06
0.000110774
-1.13951e-06
0.000132016
-7.98213e-06
0.000152357
-1.42177e-05
-1.96824e-05
0.000169521
-2.04911e-05
9.55803e-06
-3.98944e-05
2.71851e-05
-5.80073e-05
4.23784e-05
-7.50077e-05
5.54856e-05
-9.07507e-05
6.68543e-05
-0.000104879
7.66276e-05
-0.000116947
8.4821e-05
-0.0001265
9.13809e-05
-0.000133157
9.62326e-05
-0.000136658
9.93247e-05
-0.000136844
0.000100641
-0.000133685
0.000100203
-0.000127298
9.81024e-05
-0.000117854
9.44796e-05
-0.000105586
8.94979e-05
-9.07883e-05
8.33654e-05
-7.38423e-05
7.63148e-05
-5.51645e-05
6.85911e-05
-3.51629e-05
6.04296e-05
-1.41242e-05
5.19038e-05
8.07787e-06
4.29266e-05
3.11038e-05
3.36631e-05
5.42334e-05
2.45442e-05
7.71601e-05
1.58422e-05
9.96857e-05
7.64426e-06
0.000121675
-7.08766e-09
0.000143035
-7.09671e-06
0.000163697
-1.36252e-05
0.000183579
-1.95978e-05
-2.48441e-05
0.000200414
-1.46567e-05
8.47607e-06
-2.87532e-05
2.41097e-05
-4.21472e-05
3.75758e-05
-5.48948e-05
4.91631e-05
-6.67754e-05
5.91659e-05
-7.73986e-05
6.77064e-05
-8.6313e-05
7.48028e-05
-9.30585e-05
8.04119e-05
-9.72455e-05
8.44634e-05
-9.86244e-05
8.69203e-05
-9.70264e-05
8.77789e-05
-9.23929e-05
8.70516e-05
-8.48021e-05
8.48188e-05
-7.44099e-05
8.12109e-05
-6.14316e-05
7.63771e-05
-4.61608e-05
7.05046e-05
-2.89646e-05
6.38015e-05
-1.0199e-05
5.64737e-05
9.79703e-06
4.87177e-05
3.04831e-05
4.06647e-05
5.1678e-05
3.2354e-05
7.339e-05
2.39109e-05
9.52951e-05
1.55938e-05
0.000117132
7.5898e-06
0.000138706
-1.6286e-08
0.000159873
-7.17077e-06
0.000180529
-1.38436e-05
0.000200592
-2.00207e-05
0.000219972
-2.5695e-05
-3.06912e-05
0.000236424
-8.56089e-06
7.40023e-06
-1.70881e-05
2.10494e-05
-2.55079e-05
3.27929e-05
-3.37574e-05
4.28631e-05
-4.1538e-05
5.15018e-05
-4.84201e-05
5.88069e-05
-5.3945e-05
6.47986e-05
-5.76497e-05
6.94465e-05
-5.91344e-05
7.26827e-05
-5.81342e-05
7.44745e-05
-5.44906e-05
7.48299e-05
-4.81509e-05
7.37725e-05
-3.91487e-05
7.13722e-05
-2.76296e-05
6.7742e-05
-1.38152e-05
6.30226e-05
2.03373e-06
5.73756e-05
1.9612e-05
5.09751e-05
3.86172e-05
4.39981e-05
5.87407e-05
3.66174e-05
7.91763e-05
2.90217e-05
9.95499e-05
2.13546e-05
0.000120211
1.36872e-05
0.000141113
6.12597e-06
0.000162032
-1.20647e-06
0.000182783
-8.22752e-06
0.00020322
-1.4878e-05
0.000223233
-2.11183e-05
0.000242731
-2.69241e-05
0.000261616
-3.22781e-05
-3.7002e-05
0.000277667
-2.2837e-06
6.35115e-06
-5.04796e-06
1.8063e-05
-8.29618e-06
2.81218e-05
-1.18527e-05
3.67084e-05
-1.53423e-05
4.4015e-05
-1.82931e-05
5.01168e-05
-2.02168e-05
5.50259e-05
-2.0659e-05
5.87196e-05
-1.92374e-05
6.1151e-05
-1.56612e-05
6.22918e-05
-9.77988e-06
6.21493e-05
-1.55335e-06
6.07582e-05
9.00648e-06
5.81835e-05
2.17801e-05
5.45198e-05
3.6576e-05
4.98886e-05
5.31734e-05
4.44297e-05
7.13165e-05
3.82932e-05
9.07385e-05
3.16326e-05
0.000111159
2.45996e-05
0.000131522
1.74345e-05
0.000151302
1.03701e-05
0.000171168
3.42397e-06
0.000191302
-3.43117e-06
0.000211503
-1.0127e-05
0.000231594
-1.65825e-05
0.000251433
-2.27354e-05
0.000270901
-2.85402e-05
0.000289902
-3.39645e-05
0.000308328
-3.89835e-05
-4.34182e-05
0.000323989
4.09338e-06
5.34785e-06
7.2157e-06
1.52046e-05
9.27778e-06
2.36478e-05
1.05579e-05
3.08128e-05
1.15036e-05
3.6847e-05
1.26279e-05
4.18067e-05
1.44522e-05
4.56942e-05
1.74215e-05
4.84882e-05
2.18953e-05
5.01617e-05
2.81679e-05
5.06965e-05
3.64011e-05
5.00978e-05
4.66522e-05
4.83979e-05
5.89169e-05
4.56557e-05
7.31063e-05
4.19548e-05
8.90677e-05
3.74005e-05
0.00010661
3.21129e-05
0.000125515
2.62217e-05
0.000145549
1.98592e-05
0.000166459
1.31589e-05
0.000186959
6.40316e-06
0.000206392
-1.00927e-07
0.000225721
-6.38205e-06
0.000245326
-1.25819e-05
0.000265019
-1.86779e-05
0.000284633
-2.45912e-05
0.000304022
-3.02578e-05
0.000323065
-3.56282e-05
0.000341657
-4.06649e-05
0.000359682
-4.53368e-05
-4.94676e-05
0.00037498
1.04703e-05
4.4106e-06
1.95127e-05
1.25329e-05
2.69452e-05
1.94649e-05
3.31361e-05
2.53026e-05
3.85981e-05
3.0154e-05
4.38805e-05
3.40574e-05
4.95171e-05
3.70113e-05
5.59583e-05
3.89964e-05
6.35667e-05
3.99913e-05
7.26297e-05
3.99848e-05
8.33247e-05
3.89841e-05
9.57323e-05
3.70192e-05
0.000109858
3.41428e-05
0.000125637
3.04281e-05
0.000142946
2.59656e-05
0.000161627
2.08587e-05
0.000181492
1.52183e-05
0.000202341
9.15866e-06
0.000223944
2.79634e-06
0.000244801
-3.5551e-06
0.000264135
-9.53088e-06
0.000283181
-1.51969e-05
0.00030249
-2.07864e-05
0.000321887
-2.63146e-05
0.000341206
-3.17052e-05
0.000360301
-3.68942e-05
0.000379045
-4.183e-05
0.000397324
-4.64714e-05
0.000415017
-5.07832e-05
-5.45954e-05
0.000429989
1.67286e-05
3.55603e-06
3.16135e-05
1.00967e-05
4.43769e-05
1.56519e-05
5.54632e-05
2.02848e-05
6.54413e-05
2.40692e-05
7.48905e-05
2.70283e-05
8.43528e-05
2.91565e-05
9.42927e-05
3.04362e-05
0.000105085
3.08504e-05
0.000117014
3.03919e-05
0.000130269
2.90693e-05
0.000144946
2.69102e-05
0.000161067
2.39606e-05
0.000178589
2.02838e-05
0.000197417
1.59573e-05
0.000217419
1.10692e-05
0.000238437
5.71406e-06
0.000260297
-1.03721e-08
0.000282794
-6.00277e-06
0.000304222
-1.19312e-05
0.000323695
-1.73924e-05
0.000342698
-2.2479e-05
0.000361934
-2.74905e-05
0.000381235
-3.24714e-05
0.000400436
-3.73492e-05
0.000419388
-4.20613e-05
0.000437958
-4.65556e-05
0.000456024
-5.07893e-05
0.000473457
-5.47246e-05
-5.82014e-05
0.000488149
2.27509e-05
2.79431e-06
4.32901e-05
7.92582e-06
6.12443e-05
1.22575e-05
7.71197e-05
1.58262e-05
9.15324e-05
1.86778e-05
0.000105088
2.08226e-05
0.000118341
2.22517e-05
0.000131766
2.2949e-05
0.000145748
2.29007e-05
0.000160576
2.21022e-05
0.000176448
2.05621e-05
0.000193475
1.8305e-05
0.000211697
1.53704e-05
0.00023109
1.18123e-05
0.000251584
7.69606e-06
0.00027307
3.09579e-06
0.000295414
-1.90858e-06
0.000318467
-7.23428e-06
0.000342042
-1.27941e-05
0.00036424
-1.82524e-05
0.000384072
-2.31886e-05
0.000403252
-2.77109e-05
0.00042262
-3.21584e-05
0.00044201
-3.65961e-05
0.000461258
-4.09565e-05
0.00048021
-4.51799e-05
0.000498725
-4.92156e-05
0.000516675
-5.30208e-05
0.000533923
-5.65572e-05
-5.96783e-05
0.000548385
2.84236e-05
2.13018e-06
5.43204e-05
6.03464e-06
7.72248e-05
9.30636e-06
9.76902e-05
1.1962e-05
0.000116371
1.40258e-05
0.000133897
1.54982e-05
0.000150834
1.63681e-05
0.000167667
1.66206e-05
0.000184787
1.62442e-05
0.000202493
1.52358e-05
0.000220991
1.36033e-05
0.000240407
1.13675e-05
0.000260796
8.56175e-06
0.000282152
5.2306e-06
0.000304424
1.42818e-06
0.000327525
-2.78418e-06
0.000351343
-7.34026e-06
0.000375744
-1.21711e-05
0.000400556
-1.7203e-05
0.000423699
-2.21127e-05
0.000444083
-2.64857e-05
0.000463636
-3.04341e-05
0.000483318
-3.43089e-05
0.000502964
-3.81869e-05
0.000522407
-4.20069e-05
0.000541489
-4.57138e-05
0.000560063
-4.92602e-05
0.000577991
-5.26051e-05
0.000595131
-5.57116e-05
-5.84504e-05
0.00060942
3.36307e-05
1.5624e-06
6.44753e-05
4.42035e-06
9.19811e-05
6.79563e-06
0.000116736
8.69071e-06
0.000139424
1.01143e-05
0.000160695
1.10603e-05
0.000181127
1.15164e-05
0.000201213
1.14693e-05
0.000221353
1.09093e-05
0.000241851
9.83376e-06
0.000262925
8.24943e-06
0.000284713
6.17301e-06
0.000307282
3.6312e-06
0.000330643
6.59679e-07
0.000354763
-2.6983e-06
0.00037957
-6.39362e-06
0.000404966
-1.03731e-05
0.000430833
-1.45809e-05
0.00045701
-1.89567e-05
0.000481239
-2.32073e-05
0.00050234
-2.6949e-05
0.000522432
-3.02865e-05
0.000542585
-3.35546e-05
0.000562633
-3.68326e-05
0.000582404
-4.00677e-05
0.000601737
-4.32112e-05
0.000620476
-4.62207e-05
0.000638476
-4.90593e-05
0.000655588
-5.16934e-05
-5.40137e-05
0.000669769
3.82539e-05
1.08322e-06
7.35171e-05
3.06117e-06
0.000105158
4.69201e-06
0.000133788
5.96965e-06
0.000160115
6.89294e-06
0.000184804
7.45263e-06
0.000208445
7.63681e-06
0.00023154
7.43406e-06
0.000254494
6.8364e-06
0.000277621
5.84151e-06
0.000301146
4.4542e-06
0.000325218
2.68696e-06
0.000349917
5.59756e-07
0.000375265
-1.9006e-06
0.000401243
-4.66148e-06
0.000427789
-7.68572e-06
0.000454819
-1.09328e-05
0.000482224
-1.43601e-05
0.000509848
-1.79208e-05
0.000535268
-2.13706e-05
0.000557214
-2.4383e-05
0.000577982
-2.70442e-05
0.000598736
-2.96441e-05
0.00061931
-3.22566e-05
0.000639528
-3.48384e-05
0.000659222
-3.73497e-05
0.000678229
-3.97551e-05
0.000696398
-4.20238e-05
0.000713573
-4.41276e-05
-4.59797e-05
0.000727723
4.2173e-05
6.779e-07
8.11999e-05
1.91476e-06
0.000116381
2.92854e-06
0.000148343
3.7098e-06
0.000177815
4.25293e-06
0.000205477
4.54886e-06
0.000231928
4.58787e-06
0.000257678
4.36124e-06
0.00028314
3.86288e-06
0.000308634
3.09077e-06
0.000334395
2.04778e-06
0.000360577
7.4199e-07
0.000387271
-8.13361e-07
0.00041451
-2.60036e-06
0.000442281
-4.59704e-06
0.000470534
-6.77819e-06
0.000499191
-9.11614e-06
0.000528147
-1.15816e-05
0.00055725
-1.41417e-05
0.000583922
-1.66207e-05
0.000606802
-1.8777e-05
0.000628344
-2.0668e-05
0.000649801
-2.25109e-05
0.000671005
-2.43655e-05
0.000691774
-2.62006e-05
0.000711934
-2.79869e-05
0.000731316
-2.96986e-05
0.000749759
-3.1313e-05
0.000767103
-3.28093e-05
-3.41259e-05
0.000781317
4.52694e-05
3.2458e-07
8.7272e-05
9.17317e-07
0.000125254
1.4022e-06
0.000159859
1.77171e-06
0.00019184
2.02097e-06
0.000221888
2.14427e-06
0.000250615
2.13598e-06
0.000278538
1.99119e-06
0.000306077
1.70646e-06
0.000333559
1.28045e-06
0.000361224
7.14359e-07
0.000389235
1.20729e-08
0.000417687
-8.19878e-07
0.000446621
-1.77252e-06
0.000476029
-2.83476e-06
0.000505867
-3.99371e-06
0.00053606
-5.23507e-06
0.00056651
-6.54336e-06
0.000597066
-7.90067e-06
0.000625016
-9.217e-06
0.000648873
-1.03636e-05
0.000671226
-1.1364e-05
0.000693449
-1.23355e-05
0.000715363
-1.33144e-05
0.000736777
-1.4284e-05
0.000757506
-1.52284e-05
0.000777373
-1.61336e-05
0.000796208
-1.69874e-05
0.000813846
-1.77786e-05
-1.84736e-05
0.000828241
4.74443e-05
9.15073e-05
0.00013141
0.000167822
0.000201517
0.000233204
0.000263505
0.000292947
0.000321958
0.000350871
0.000379932
0.000409308
0.0004391
0.00046935
0.000500055
0.000531171
0.000562628
0.000594327
0.000626125
0.000655208
0.000679945
0.000703031
0.000725977
0.000748586
0.000770652
0.000791981
0.000812385
0.000831688
0.000849717
0.000864396
5.82231e-07
3.05295e-07
5.41112e-07
2.81875e-07
3.21299e-07
6.60784e-07
2.70532e-06
3.74733e-07
2.56188e-06
3.53112e-07
4.78523e-07
2.58045e-06
6.72269e-06
5.87361e-07
6.79385e-06
4.70664e-07
6.16942e-07
6.79211e-06
1.24416e-05
8.57e-07
1.29512e-05
6.30601e-07
7.38589e-07
1.30874e-05
1.90516e-05
1.12842e-06
2.02448e-05
7.7291e-07
7.85177e-07
2.0884e-05
2.63942e-05
1.24331e-06
2.84364e-05
7.27162e-07
5.99503e-07
2.99313e-05
3.50144e-05
1.00034e-06
3.80018e-05
2.80353e-07
-1.40502e-08
4.05551e-05
4.58316e-05
2.68568e-07
4.97707e-05
-6.95118e-07
-1.17015e-06
5.33907e-05
5.82859e-05
-8.05367e-07
6.33864e-05
-2.01183e-06
-2.70722e-06
6.83232e-05
7.07756e-05
-2.01307e-06
7.72584e-05
-3.40477e-06
-4.30081e-06
8.38585e-05
8.36934e-05
-3.3019e-06
9.12199e-05
-4.82307e-06
-5.86081e-06
9.9196e-05
9.81173e-05
-4.63585e-06
0.000106295
-6.25448e-06
-7.41805e-06
0.000115261
0.000114428
-6.04053e-06
0.000123099
-7.72247e-06
-8.98216e-06
0.000132893
0.000133224
-7.59471e-06
0.000142199
-9.30876e-06
-1.06288e-05
0.00015257
0.000155262
-9.39666e-06
0.000164349
-1.11167e-05
-1.24585e-05
0.00017501
0.000181305
-1.15273e-05
0.000190328
-1.32327e-05
-1.45582e-05
0.000200978
0.000211984
-1.40196e-05
0.000220794
-1.56947e-05
-1.69698e-05
0.000231149
0.000247713
-1.68399e-05
0.00025619
-1.84729e-05
-1.96695e-05
0.000266006
0.000288634
-1.98811e-05
0.000296693
-2.14628e-05
-2.25602e-05
0.00030578
0.000334617
-2.29668e-05
0.000342202
-2.44897e-05
-2.54741e-05
0.000350423
0.000385267
-2.58632e-05
0.000392348
-2.73197e-05
-2.81846e-05
0.000399621
0.000439944
-2.82955e-05
0.000446514
-2.96771e-05
-3.04214e-05
0.000452802
0.000497791
-2.99662e-05
0.000503861
-3.12619e-05
-3.18892e-05
0.000509163
0.000557741
-3.05742e-05
0.000563336
-3.17696e-05
-3.22866e-05
0.000567685
0.000618525
-2.98338e-05
0.000623683
-3.091e-05
-3.13252e-05
0.000627138
0.000678668
-2.7494e-05
0.000683441
-2.84265e-05
-2.87491e-05
0.000686085
0.000736473
-2.33595e-05
0.000740928
-2.41178e-05
-2.4356e-05
0.000742873
0.000789995
-1.73155e-05
0.000794218
-1.78622e-05
-1.80219e-05
0.000795603
0.00083695
-9.36657e-06
0.000841058
-9.65825e-06
-9.74041e-06
0.000842068
0.000873233
0.000877352
0.000878197
1.23247e-06
9.42522e-07
3.05662e-06
1.72309e-06
5.92556e-06
3.1237e-06
9.87953e-06
5.22191e-06
1.49873e-05
7.94065e-06
2.13978e-05
1.11226e-05
2.93138e-05
1.45512e-05
3.88939e-05
1.8004e-05
5.05401e-05
2.10555e-05
6.55148e-05
2.25891e-05
8.38899e-05
2.15683e-05
0.00010443
1.81032e-05
0.000126387
1.26097e-05
0.000149026
5.2024e-06
0.000171503
-3.9643e-06
0.000192855
-1.4612e-05
0.000212056
-2.63286e-05
0.000228083
-3.85779e-05
0.000239961
-5.0701e-05
0.000246831
-6.19731e-05
0.000248019
-7.16768e-05
0.000243074
-7.91207e-05
0.000231774
-8.36756e-05
0.00021412
-8.48238e-05
0.000190344
-8.22062e-05
0.000160877
-7.56216e-05
0.000126316
-6.50329e-05
8.74084e-05
-5.05734e-05
4.491e-05
-3.25098e-05
-1.1388e-05
3.35275e-06
1.26548e-06
5.31639e-06
2.10914e-06
8.33284e-06
3.43301e-06
1.24489e-05
5.24062e-06
1.77771e-05
7.45066e-06
2.4499e-05
9.91092e-06
3.28279e-05
1.24151e-05
4.29292e-05
1.47359e-05
5.52198e-05
1.6487e-05
7.07507e-05
1.67701e-05
8.94771e-05
1.47005e-05
0.000110308
1.02529e-05
0.000132426
3.81964e-06
0.000155039
-4.32286e-06
0.000177363
-1.397e-05
0.000198438
-2.48501e-05
0.000217252
-3.65347e-05
0.000232804
-4.84925e-05
0.000244148
-6.01008e-05
0.000250467
-7.06856e-05
0.000251113
-7.95735e-05
0.000245654
-8.61221e-05
0.000233878
-8.97493e-05
0.000215798
-8.99794e-05
0.00019165
-8.64731e-05
0.000161851
-7.90328e-05
0.000126996
-6.76303e-05
8.78287e-05
-5.2397e-05
4.51016e-05
-3.35895e-05
-1.17471e-05
7.49508e-06
1.45101e-06
9.49131e-06
2.27451e-06
1.26504e-05
3.40832e-06
1.69997e-05
4.83222e-06
2.26609e-05
6.44347e-06
2.98313e-05
8.08819e-06
3.87304e-05
9.56982e-06
4.9545e-05
1.06628e-05
6.2576e-05
1.1025e-05
7.85615e-05
9.98116e-06
9.7502e-05
6.87988e-06
0.000118574
1.59222e-06
0.000140853
-5.68413e-06
0.000163319
-1.454e-05
0.000185295
-2.45934e-05
0.000205903
-3.56024e-05
0.000224108
-4.71534e-05
0.000238964
-5.87146e-05
0.000249548
-6.97023e-05
0.000255098
-7.94906e-05
0.000255006
-8.74683e-05
0.000248858
-9.30408e-05
0.000236455
-9.56735e-05
0.000217826
-9.49353e-05
0.000193202
-9.05099e-05
0.000162997
-8.22179e-05
0.000127797
-7.00312e-05
8.83257e-05
-5.40658e-05
4.5331e-05
-3.45687e-05
-1.20709e-05
1.37983e-05
1.45329e-06
1.58449e-05
2.07476e-06
1.91722e-05
2.85766e-06
2.3815e-05
3.77208e-06
2.99029e-05
4.68912e-06
3.76311e-05
5.44681e-06
4.72106e-05
5.85415e-06
5.88287e-05
5.69178e-06
7.26367e-05
4.67319e-06
8.90344e-05
2.33193e-06
0.00010802
-1.76215e-06
0.000129072
-7.74619e-06
0.00015146
-1.56452e-05
0.000173879
-2.5171e-05
0.000195456
-3.57381e-05
0.000215375
-4.68533e-05
0.000232725
-5.81256e-05
0.00024667
-6.91734e-05
0.000256247
-7.94344e-05
0.000260805
-8.83161e-05
0.000259769
-9.5297e-05
0.000252744
-9.98263e-05
0.000239556
-0.000101415
0.000220239
-9.96691e-05
0.000195024
-9.43027e-05
0.000164331
-8.5159e-05
0.000128726
-7.22085e-05
8.89113e-05
-5.55617e-05
4.56154e-05
-3.5445e-05
-1.2361e-05
2.1996e-05
1.14988e-06
2.43713e-05
1.35903e-06
2.80454e-05
1.60721e-06
3.31116e-05
1.87496e-06
3.97396e-05
2.00633e-06
4.8123e-05
1.82829e-06
5.84523e-05
1.15382e-06
7.08991e-05
-2.23726e-07
8.54117e-05
-2.50209e-06
0.000102083
-5.94804e-06
0.000120942
-1.08778e-05
0.000141637
-1.7439e-05
0.000163717
-2.56801e-05
0.000186048
-3.55134e-05
0.000207449
-4.6522e-05
0.000226806
-5.80165e-05
0.000243274
-6.93214e-05
0.000256037
-7.98879e-05
0.000264293
-8.92408e-05
0.000267634
-9.70788e-05
0.000265451
-0.000102995
0.000257362
-0.000106427
0.000243224
-0.00010693
0.000223078
-0.000104157
0.000197157
-9.78466e-05
0.000165871
-8.7855e-05
0.000129774
-7.4159e-05
8.95642e-05
-5.68703e-05
4.59331e-05
-3.6192e-05
-1.26039e-05
3.19224e-05
2.73745e-07
3.50337e-05
-8.50988e-08
3.93447e-05
-5.16353e-07
4.5045e-05
-1.008e-06
5.23584e-05
-1.7288e-06
6.14863e-05
-2.86023e-06
7.25984e-05
-4.58537e-06
8.58437e-05
-7.09621e-06
0.000100918
-1.04961e-05
0.000117653
-1.48649e-05
0.00013619
-2.04337e-05
0.000156275
-2.739e-05
0.000177483
-3.57541e-05
0.000199098
-4.54657e-05
0.000220059
-5.63138e-05
0.000239113
-6.785e-05
0.000255145
-7.94012e-05
0.000266971
-9.00693e-05
0.000273772
-9.8953e-05
0.000275589
-0.00010575
0.000272076
-0.000110493
0.000262726
-0.00011279
0.000247474
-0.000112173
0.000226366
-0.000108362
0.000199625
-0.000101116
0.000167648
-9.03007e-05
0.000130976
-7.58972e-05
9.02905e-05
-5.80065e-05
4.62609e-05
-3.68173e-05
-1.28012e-05
4.37528e-05
-1.49696e-06
4.79537e-05
-2.49093e-06
5.3193e-05
-3.67022e-06
5.97518e-05
-4.97703e-06
6.78918e-05
-6.57125e-06
7.78265e-05
-8.63156e-06
8.9719e-05
-1.13398e-05
0.000103692
-1.48709e-05
0.000119173
-1.9236e-05
0.000135746
-2.43415e-05
0.000153716
-3.03547e-05
0.000172971
-3.75224e-05
0.000193029
-4.5881e-05
0.000213307
-5.53286e-05
0.000232981
-6.56418e-05
0.000251146
-7.65363e-05
0.000266679
-8.76192e-05
0.000278259
-9.8274e-05
0.000284339
-0.000107409
0.000284733
-0.000113982
0.000279667
-0.000117799
0.000268806
-0.000118868
0.00025229
-0.000117078
0.000230093
-0.000112241
0.000202421
-0.000104081
0.000169668
-9.24739e-05
0.000132352
-7.74084e-05
9.11249e-05
-5.89755e-05
4.66358e-05
-3.73446e-05
-1.29668e-05
5.78815e-05
-4.35024e-06
6.3358e-05
-5.98131e-06
6.97535e-05
-7.91675e-06
7.73354e-05
-1.00403e-05
8.63887e-05
-1.2481e-05
9.71498e-05
-1.5408e-05
0.000109773
-1.89984e-05
0.000124358
-2.34107e-05
0.000140063
-2.85695e-05
0.000156237
-3.42248e-05
0.00017339
-4.04975e-05
0.000191582
-4.77057e-05
0.000210333
-5.59106e-05
0.000229048
-6.49916e-05
0.00024699
-7.47378e-05
0.000263451
-8.48577e-05
0.000277529
-9.49682e-05
0.000288391
-0.000104704
0.000294354
-0.000113477
0.00029426
-0.000120233
0.000288049
-0.000124063
0.000275632
-0.000124512
0.000257621
-0.000121643
0.000234231
-0.000115746
0.000205522
-0.000106708
0.00017191
-9.43468e-05
0.000133886
-7.86729e-05
9.20695e-05
-5.9762e-05
4.70756e-05
-3.77608e-05
-1.3095e-05
7.44069e-05
-8.05792e-06
8.1379e-05
-1.0427e-05
8.91175e-05
-1.31594e-05
9.78157e-05
-1.60872e-05
0.000107788
-1.93167e-05
0.000119341
-2.30199e-05
0.000132581
-2.73658e-05
0.000147612
-3.24981e-05
0.000163325
-3.82682e-05
0.00017886
-4.42908e-05
0.000194959
-5.06566e-05
0.000211872
-5.77577e-05
0.000229126
-6.56842e-05
0.000246149
-7.43032e-05
0.000262267
-8.34061e-05
0.000276756
-9.27099e-05
0.000288812
-0.000101859
0.000297797
-0.000110444
0.000302745
-0.000118042
0.000302358
-0.00012409
0.000295957
-0.000127902
0.000282832
-0.000128608
0.000263474
-0.000125543
0.000238759
-0.000118889
0.000208873
-0.000108969
0.000174336
-9.58796e-05
0.000135552
-7.96649e-05
9.31005e-05
-6.03483e-05
4.75614e-05
-3.80538e-05
-1.31814e-05
9.20893e-05
-1.18596e-05
0.000101153
-1.50702e-05
0.000110754
-1.87704e-05
0.00012098
-2.26953e-05
0.000131971
-2.68256e-05
0.000144171
-3.12498e-05
0.000157824
-3.61918e-05
0.000173083
-4.18619e-05
0.000188545
-4.80503e-05
0.00020321
-5.42618e-05
0.000218049
-6.05785e-05
0.000233505
-6.74559e-05
0.000249113
-7.50097e-05
0.000264319
-8.30968e-05
0.00027849
-9.15087e-05
0.000290931
-9.99718e-05
0.000300908
-0.000108152
0.000307695
-0.000115667
0.00031064
-0.000122092
0.000308904
-0.000126947
0.000302011
-0.000129846
0.000288921
-0.00013031
0.000269176
-0.000127537
0.000243519
-0.000121019
0.000212477
-0.000110765
0.000176891
-9.70801e-05
0.000137313
-8.03547e-05
9.419e-05
-6.07146e-05
4.80761e-05
-3.821e-05
-1.32209e-05
0.000109508
-1.54467e-05
0.000121002
-1.93681e-05
0.000132891
-2.39278e-05
0.000145233
-2.88132e-05
0.000157918
-3.40094e-05
0.000171127
-3.94523e-05
0.000185159
-4.51464e-05
0.000200301
-5.12419e-05
0.000215166
-5.76096e-05
0.000228755
-6.38243e-05
0.000242185
-6.99804e-05
0.000256065
-7.65556e-05
0.000269932
-8.36804e-05
0.000283246
-9.11997e-05
0.000295401
-9.89037e-05
0.00030574
-0.000106528
0.000313578
-0.000113758
0.000318232
-0.000120238
0.000319049
-0.000125575
0.000315382
-0.000129356
0.000306915
-0.000131176
0.000293142
-0.000130696
0.000273347
-0.00012751
0.000247602
-0.000121194
0.000216067
-0.000111331
0.00017956
-9.77223e-05
0.000139137
-8.07446e-05
9.53007e-05
-6.08429e-05
4.86006e-05
-3.82106e-05
-1.32076e-05
0.000127148
-1.89796e-05
0.000140599
-2.34616e-05
0.000154335
-2.86155e-05
0.000168564
-3.41193e-05
0.000183274
-4.00547e-05
0.000198212
-4.64042e-05
0.000213307
-5.30674e-05
0.000228574
-5.99336e-05
0.00024263
-6.66064e-05
0.000254874
-7.26974e-05
0.000266814
-7.85706e-05
0.000279086
-8.48085e-05
0.000291193
-9.14941e-05
0.000302603
-9.84489e-05
0.000312731
-0.00010546
0.000320958
-0.000112274
0.000326646
-0.000118596
0.000329163
-0.000124099
0.000327907
-0.000128425
0.000322333
-0.000131206
0.000312023
-0.00013208
0.000296722
-0.000130705
0.000276083
-0.00012675
0.000250145
-0.000119997
0.000218711
-0.000110237
0.000181955
-9.7094e-05
0.000140934
-8.04752e-05
9.64309e-05
-6.06826e-05
4.91134e-05
-3.8063e-05
-1.31344e-05
0.000146019
-2.24671e-05
0.000160875
-2.74295e-05
0.000175886
-3.30854e-05
0.00019126
-3.90488e-05
0.000207111
-4.53576e-05
0.000223354
-5.20746e-05
0.000239787
-5.92405e-05
0.000255914
-6.67481e-05
0.00026966
-7.39503e-05
0.000280705
-8.02052e-05
0.000291321
-8.59737e-05
0.000302099
-9.1973e-05
0.000312527
-9.82769e-05
0.000322088
-0.000104711
0.000330231
-0.000111073
0.000336381
-0.000117126
0.000339951
-0.0001226
0.000340361
-0.000127195
0.000337068
-0.000130591
0.00032959
-0.000132457
0.00031754
-0.000132468
0.000300644
-0.000130315
0.000278704
-0.000125716
0.000251835
-0.000118442
0.000220082
-0.000108349
0.000183378
-9.52843e-05
0.000142282
-7.913e-05
9.74629e-05
-5.98868e-05
4.96052e-05
-3.76594e-05
-1.30002e-05
0.000166613
-2.60319e-05
0.000182506
-3.1357e-05
0.000198461
-3.73851e-05
0.000214538
-4.36901e-05
0.000230804
-5.02905e-05
0.000247359
-5.72124e-05
0.000264115
-6.44617e-05
0.000280748
-7.20433e-05
0.000294805
-7.9504e-05
0.000305483
-8.61086e-05
0.000315222
-9.20376e-05
0.000324755
-9.7935e-05
0.000333658
-0.000103937
0.000341476
-0.00010991
0.000347716
-0.000115678
0.000351855
-0.000121029
0.000353363
-0.000125722
0.000351719
-0.000129487
0.000346436
-0.000132037
0.000337085
-0.000133077
0.000323321
-0.000132318
0.0003049
-0.000129484
0.000281687
-0.000124328
0.000253699
-0.000116645
0.000221103
-0.000106283
0.00018403
-9.3125e-05
0.000142883
-7.71482e-05
9.80712e-05
-5.83899e-05
4.99985e-05
-3.68171e-05
-1.27456e-05
0.000189555
-2.98567e-05
0.000206034
-3.54021e-05
0.000222509
-4.1655e-05
0.000238966
-4.81643e-05
0.00025543
-5.49319e-05
0.000271896
-6.19666e-05
0.000288298
-6.92684e-05
0.000304571
-7.68225e-05
0.000318658
-8.42655e-05
0.000329346
-9.09718e-05
0.000338489
-9.69724e-05
0.000346968
-0.000102764
0.000354485
-0.00010849
0.000360668
-0.000114038
0.00036509
-0.000119258
0.000367294
-0.000123965
0.000366808
-0.000127942
0.000363172
-0.000130951
0.000355953
-0.000132737
0.000344775
-0.00013304
0.000329336
-0.000131601
0.000309427
-0.000128178
0.000284942
-0.000122553
0.000255897
-0.000114543
0.000222419
-0.000104009
0.000184715
-9.08557e-05
0.000143182
-7.50521e-05
9.82453e-05
-5.66391e-05
5.01657e-05
-3.56548e-05
-1.23442e-05
0.000215571
-3.41109e-05
0.000232139
-3.97246e-05
0.000248677
-4.60455e-05
0.000265119
-5.2611e-05
0.000281444
-5.94105e-05
0.00029761
-6.64405e-05
0.000313551
-7.36917e-05
0.000329152
-8.11401e-05
0.000342704
-8.84613e-05
0.00035302
-9.5085e-05
0.000361479
-0.00010099
0.000368921
-0.00010659
0.000375102
-0.00011201
0.000379706
-0.000117138
0.000382371
-0.000121835
0.000382699
-0.000125938
0.000380279
-0.000129255
0.000374706
-0.000131575
0.000365605
-0.000132674
0.000352647
-0.000132322
0.000335573
-0.000130292
0.000314205
-0.000126369
0.000288462
-0.000120362
0.000258364
-0.000112108
0.000224036
-0.000101484
0.000185694
-8.84096e-05
0.000143668
-7.28546e-05
9.83859e-05
-5.48443e-05
5.01894e-05
-3.44323e-05
-1.18972e-05
0.000245344
-3.88857e-05
0.000261506
-4.44223e-05
0.00027764
-5.06583e-05
0.000293641
-5.71327e-05
0.000309453
-6.3825e-05
0.000325005
-7.07218e-05
0.000340204
-7.78037e-05
0.000354937
-8.50425e-05
0.000367638
-9.21354e-05
0.000377156
-9.85447e-05
0.000384685
-0.000104226
0.000390966
-0.000109537
0.000395755
-0.000114586
0.000398766
-0.000119267
0.000399682
-0.000123443
0.000398159
-0.000126966
0.000393838
-0.000129665
0.000386368
-0.000131353
0.000375424
-0.000131833
0.000360723
-0.000130902
0.000342045
-0.00012836
0.000319242
-0.000124021
0.000292253
-0.000117714
0.000261107
-0.000109299
0.000225927
-9.86661e-05
0.000186923
-8.57449e-05
0.000144395
-7.05084e-05
9.8729e-05
-5.29781e-05
5.02836e-05
-3.32045e-05
-1.14591e-05
0.000279407
-4.415e-05
0.000294706
-4.94836e-05
0.000309991
-5.54992e-05
0.000325132
-6.17486e-05
0.000340045
-6.82045e-05
0.000354634
-7.4847e-05
0.000368783
-8.16502e-05
0.000382389
-8.85817e-05
0.000393944
-9.53416e-05
0.000402316
-0.000101414
0.000408624
-0.000106754
0.000413527
-0.000111677
0.000416777
-0.000116279
0.000418107
-0.000120466
0.000417227
-0.000124107
0.000413832
-0.000127058
0.000407609
-0.000129167
0.000398253
-0.000130269
0.000385483
-0.000130188
0.000369058
-0.000128745
0.000348793
-0.000125768
0.000324567
-0.00012109
0.000296336
-0.000114566
0.000264139
-0.00010607
0.000228094
-9.55067e-05
0.000188401
-8.28148e-05
0.00014534
-6.79699e-05
9.92648e-05
-5.09904e-05
5.05097e-05
-3.192e-05
-1.10078e-05
0.000318061
-4.97303e-05
0.000332112
-5.47624e-05
0.000346161
-6.04481e-05
0.000360061
-6.63611e-05
0.00037371
-7.24701e-05
0.000386997
-7.87523e-05
0.000399793
-8.51788e-05
0.000411988
-9.17146e-05
0.000422083
-9.80482e-05
0.000428977
-0.000103673
0.000433751
-0.00010856
0.000437014
-0.000113007
0.000438528
-0.000117092
0.000438031
-0.000120734
0.000435255
-0.000123815
0.000429922
-0.000126195
0.000421757
-0.000127735
0.000410494
-0.000128287
0.000395889
-0.000127696
0.000377737
-0.000125805
0.000355883
-0.000122461
0.000330229
-0.000117522
0.000300749
-0.000110859
0.000267483
-0.000102362
0.000230549
-9.1949e-05
0.000190136
-7.95657e-05
0.000146498
-6.519e-05
9.99644e-05
-4.88367e-05
5.08351e-05
-3.05408e-05
-1.05261e-05
0.000361345
-5.53117e-05
0.000373849
-5.99733e-05
0.000386349
-6.52493e-05
0.000398685
-7.07414e-05
0.000410751
-7.64168e-05
0.000422428
-8.22518e-05
0.000433581
-8.82172e-05
0.000444075
-9.42755e-05
0.000452405
-0.00010011
0.0004575
-0.00010521
0.00046043
-0.00010955
0.000461787
-0.000113444
0.000461341
-0.000116957
0.000458834
-0.000120009
0.00045402
-0.000122505
0.000446647
-0.000124312
0.000436466
-0.000125301
0.000423243
-0.000125337
0.000406766
-0.000124284
0.000386861
-0.000122005
0.000363395
-0.000118365
0.000336293
-0.00011324
0.000305537
-0.000106518
0.000271174
-9.81036e-05
0.000233315
-8.79256e-05
0.000192136
-7.5936e-05
0.000147871
-6.21146e-05
0.000100819
-4.64721e-05
5.12447e-05
-2.90352e-05
-1.0002e-05
0.000409027
-6.04567e-05
0.000419775
-6.47058e-05
0.000430494
-6.95208e-05
0.000441018
-7.45349e-05
0.000451242
-7.97153e-05
0.000461047
-8.504e-05
0.000470296
-9.04806e-05
0.000478842
-9.60005e-05
0.000485147
-0.000101282
0.000488143
-0.0001058
0.00048893
-0.000109532
0.000488113
-0.000112812
0.00048547
-0.000115714
0.000480758
-0.00011815
0.000473745
-0.000120045
0.000464203
-0.000121286
0.000451906
-0.000121746
0.000436647
-0.000121306
0.000418239
-0.000119844
0.000396531
-0.000117239
0.000371413
-0.000113376
0.000342823
-0.000108145
0.000310752
-0.000101449
0.000275248
-9.32072e-05
0.000236417
-8.33564e-05
0.000194419
-7.18548e-05
0.000149466
-5.86836e-05
0.000101827
-4.38498e-05
5.17342e-05
-2.73721e-05
-9.42423e-06
0.00046061
-6.46345e-05
0.000469479
-6.84504e-05
0.000478269
-7.27766e-05
0.00048681
-7.72795e-05
0.000495004
-8.19276e-05
0.000502738
-8.67019e-05
0.00050988
-9.15774e-05
0.000516287
-9.65211e-05
0.000520358
-0.000101211
0.000520988
-0.00010511
0.000519358
-0.000108199
0.000516117
-0.000110835
0.00051106
-0.000113112
0.000503958
-0.000114937
0.000494583
-0.000116237
0.000482735
-0.000116931
0.000468212
-0.000116899
0.000450826
-0.000116031
0.000430412
-0.000114221
0.00040684
-0.000111364
0.000380013
-0.000107358
0.000349882
-0.00010211
0.000316443
-9.55365e-05
0.000279744
-8.7567e-05
0.00023988
-7.81473e-05
0.000196999
-6.7241e-05
0.00015129
-5.48305e-05
0.000102992
-4.09194e-05
5.23031e-05
-2.55197e-05
-8.78179e-06
0.000515356
-6.72572e-05
0.0005223
-7.06329e-05
0.00052909
-7.44591e-05
0.000535553
-7.84353e-05
0.000541604
-8.25324e-05
0.000547139
-8.67353e-05
0.000552038
-9.10232e-05
0.000556168
-9.53683e-05
0.000557843
-9.94492e-05
0.000555902
-0.000102719
0.000551636
-0.000105164
0.000545776
-0.000107161
0.000538121
-0.000108824
0.000528461
-0.000110064
0.000516584
-0.000110811
0.000502307
-0.000110999
0.000485452
-0.000110529
0.000465849
-0.0001093
0.000443352
-0.000107221
0.000417846
-0.000104198
0.000389248
-0.000100146
0.000357515
-9.49847e-05
0.000322647
-8.86425e-05
0.000284689
-8.106e-05
0.000243727
-7.21909e-05
0.000199892
-6.20034e-05
0.000153352
-5.04817e-05
0.000104317
-3.76264e-05
5.29522e-05
-2.3444e-05
-8.06306e-06
0.0005723
-6.77176e-05
0.00057734
-7.06528e-05
0.000582128
-7.39762e-05
0.000586492
-7.7421e-05
0.00059036
-8.09609e-05
0.00059364
-8.45843e-05
0.000596226
-8.8275e-05
0.000597999
-9.20098e-05
0.00059718
-9.54822e-05
0.000592542
-9.81417e-05
0.000585502
-9.99722e-05
0.000576888
-0.000101371
0.000566511
-0.000102463
0.000554183
-0.000103176
0.000539699
-0.000103433
0.000522892
-0.000103184
0.000503617
-0.000102359
0.00048172
-0.00010086
0.000457072
-9.86098e-05
0.000429569
-9.55296e-05
0.000399138
-9.15465e-05
0.000365742
-8.65933e-05
0.000329383
-8.06105e-05
0.0002901
-7.35483e-05
0.000247969
-6.5368e-05
0.000203106
-5.60427e-05
0.000155656
-4.55581e-05
0.000105803
-3.3913e-05
5.36821e-05
-2.11098e-05
-7.256e-06
0.00063026
-6.5429e-05
0.000633475
-6.79232e-05
0.000636327
-7.07427e-05
0.000638641
-7.36552e-05
0.000640358
-7.66375e-05
0.000641403
-7.96815e-05
0.000641685
-8.27753e-05
0.000641103
-8.58994e-05
0.000637764
-8.87646e-05
0.000630375
-9.08458e-05
0.000620502
-9.21283e-05
0.000609074
-9.30037e-05
0.00059592
-9.36055e-05
0.000580873
-9.38777e-05
0.000563736
-9.37393e-05
0.00054435
-9.31544e-05
0.000522603
-9.20807e-05
0.000498366
-9.04284e-05
0.000471521
-8.81303e-05
0.000441976
-8.51228e-05
0.000409665
-8.1346e-05
0.000374555
-7.67448e-05
0.000336648
-7.12709e-05
0.000295977
-6.4884e-05
0.000252609
-5.75525e-05
0.000206642
-4.92545e-05
0.000158204
-3.99778e-05
0.000107451
-2.97201e-05
5.44924e-05
-1.84812e-05
-6.34849e-06
0.000687843
-5.98658e-05
0.000689369
-6.19133e-05
0.000690411
-6.42232e-05
0.000690789
-6.66e-05
0.00069046
-6.90241e-05
0.000689365
-7.14905e-05
0.000687429
-7.39917e-05
0.000684576
-7.65143e-05
0.000678779
-7.87779e-05
0.000668676
-8.03211e-05
0.000656003
-8.11473e-05
0.000641788
-8.16032e-05
0.000625876
-8.18217e-05
0.000608123
-8.17614e-05
0.000588356
-8.13582e-05
0.000566417
-8.05742e-05
0.000542207
-7.938e-05
0.000515631
-7.77126e-05
0.000486583
-7.55145e-05
0.000454981
-7.27347e-05
0.000420767
-6.93254e-05
0.000383912
-6.52434e-05
0.000344415
-6.04511e-05
0.000302303
-5.49173e-05
0.000257635
-4.86177e-05
0.000210495
-4.15352e-05
0.000160991
-3.36601e-05
0.000109259
-2.49901e-05
5.53816e-05
-1.55234e-05
-5.32892e-06
0.000743436
-5.06081e-05
0.000743466
-5.2194e-05
0.000742885
-5.39794e-05
0.000741511
-5.58092e-05
0.000739313
-5.76678e-05
0.000736245
-5.95527e-05
0.000732249
-6.14603e-05
0.000727266
-6.33794e-05
0.000719168
-6.507e-05
0.00070652
-6.61439e-05
0.000691195
-6.66085e-05
0.000674327
-6.6762e-05
0.000655782
-6.67245e-05
0.000635438
-6.64648e-05
0.000613146
-6.59415e-05
0.000588741
-6.51053e-05
0.000562139
-6.39444e-05
0.000533284
-6.2431e-05
0.000502078
-6.05064e-05
0.000468451
-5.81328e-05
0.000432348
-5.52754e-05
0.000393745
-5.19026e-05
0.000352637
-4.79874e-05
0.00030905
-4.35073e-05
0.000263032
-3.84451e-05
0.000214655
-3.27887e-05
0.000164014
-2.65312e-05
0.000111224
-1.96708e-05
5.63487e-05
-1.22057e-05
-4.18706e-06
0.00079519
-3.73928e-05
0.000793976
-3.84908e-05
0.000792028
-3.97239e-05
0.00078916
-4.09828e-05
0.000785351
-4.2256e-05
0.000780563
-4.35419e-05
0.000774763
-4.48529e-05
0.000767907
-4.61631e-05
0.000757768
-4.7293e-05
0.000742842
-4.79654e-05
0.000725122
-4.81746e-05
0.000705845
-4.8155e-05
0.000684896
-4.80011e-05
0.000662173
-4.76913e-05
0.000637549
-4.72008e-05
0.000610865
-4.64772e-05
0.000582039
-4.55281e-05
0.000551036
-4.43517e-05
0.000517784
-4.28904e-05
0.000482216
-4.11192e-05
0.000444286
-3.90165e-05
0.00040397
-3.65623e-05
0.000361263
-3.37393e-05
0.000316187
-3.05337e-05
0.000268785
-2.69346e-05
0.00021912
-2.29349e-05
0.000167274
-1.85305e-05
0.000113349
-1.37206e-05
5.7395e-05
-8.50409e-06
-2.9151e-06
0.000840955
-2.01931e-05
0.000838813
-2.07622e-05
0.00083583
-2.13998e-05
0.000831819
-2.20484e-05
0.000826765
-2.27017e-05
0.000820633
-2.33571e-05
0.000813401
-2.40427e-05
0.000805051
-2.47214e-05
0.000793261
-2.5282e-05
0.00077643
-2.56012e-05
0.000756675
-2.56675e-05
0.000735346
-2.56084e-05
0.000712338
-2.54792e-05
0.000687558
-2.52685e-05
0.000660902
-2.4964e-05
0.000632241
-2.45369e-05
0.000601468
-2.39926e-05
0.000568546
-2.33327e-05
0.000533441
-2.25266e-05
0.00049609
-2.15614e-05
0.000456453
-2.04264e-05
0.000414507
-1.91121e-05
0.00037025
-1.76102e-05
0.000323701
-1.59141e-05
0.000274899
-1.4019e-05
0.000223902
-1.19216e-05
0.000170786
-9.62024e-06
0.000115646
-7.11488e-06
5.85258e-05
-4.40534e-06
-1.50905e-06
0.000876704
0.000874024
0.000870435
0.000865743
0.000859942
0.000853004
0.000844868
0.000835546
0.000822684
0.000804551
0.000783355
0.000760572
0.000736093
0.000709827
0.000681684
0.000651546
0.000619285
0.000584873
0.000548292
0.000509484
0.000468411
0.000425052
0.000379406
0.000331493
0.000281348
0.00022903
0.000174612
0.000118186
5.97983e-05
)
;

boundaryField
{
    inlet
    {
        type            calculated;
        value           uniform 0;
    }
    outlet
    {
        type            calculated;
        value           uniform 0;
    }
    flap
    {
        type            calculated;
        value           uniform 0;
    }
    upperWall
    {
        type            calculated;
        value           nonuniform List<scalar> 
63
(
0
0
0
0
0
0
0
0
0
0
1.05335e-14
0
0
-9.62125e-15
0
0
0
0
0
0
0
0
0
0
0
0
0
0
0
0
0
0
0
0
0
0
0
0
0
0
0
0
0
0
0
0
0
0
0
0
0
0
0
0
4.34368e-15
0
4.47893e-15
0
0
0
0
0
0
)
;
    }
    lowerWall
    {
        type            calculated;
        value           uniform 0;
    }
    frontAndBack
    {
        type            empty;
        value           nonuniform 0();
    }
}


// ************************************************************************* //
