/*--------------------------------*- C++ -*----------------------------------*\
| =========                 |                                                 |
| \\      /  F ield         | OpenFOAM: The Open Source CFD Toolbox           |
|  \\    /   O peration     | Version:  dev                                   |
|   \\  /    A nd           | Web:      www.OpenFOAM.org                      |
|    \\/     M anipulation  |                                                 |
\*---------------------------------------------------------------------------*/
FoamFile
{
    version     2.0;
    format      ascii;
    class       surfaceScalarField;
    location    "2";
    object      phi;
}
// * * * * * * * * * * * * * * * * * * * * * * * * * * * * * * * * * * * * * //

dimensions      [0 3 -1 0 0 0 0];

internalField   nonuniform List<scalar> 
5457
(
0.19745
0.00249978
0.194901
0.00250645
0.192297
0.00256956
0.189573
0.00269623
0.186718
0.00283352
0.183729
0.0029738
0.180597
0.0031208
0.17731
0.00327954
0.173853
0.00345342
0.17021
0.003643
0.166362
0.00385047
0.162289
0.00407841
0.157967
0.00432973
0.15337
0.00460772
0.148467
0.0049162
0.143222
0.00525962
0.137596
0.00564317
0.131544
0.00607224
0.125013
0.00655256
0.117946
0.00709078
0.110279
0.00769443
0.101936
0.00837193
0.0928364
0.00913241
0.0828845
0.0099872
0.0719701
0.0109526
0.0599606
0.0120502
0.0466876
0.0133162
0.0319172
0.0148148
0.0151937
0.0167623
0.0152442
0.199302
0.00314805
0.198092
0.00367349
0.19669
0.00393659
0.195113
0.00424601
0.19335
0.00457499
0.191401
0.0049066
0.189258
0.00525273
0.186908
0.00562261
0.184341
0.00601609
0.181546
0.00643804
0.178505
0.00689331
0.175202
0.00738729
0.171613
0.00792604
0.167715
0.00851638
0.163477
0.00916625
0.158867
0.00988505
0.153843
0.0106843
0.148358
0.011576
0.142359
0.0125729
0.135783
0.0136911
0.128554
0.0149497
0.120582
0.0163728
0.111758
0.0179882
0.101946
0.0198332
0.0909654
0.0219705
0.0785556
0.0244998
0.0643217
0.0275911
0.0475985
0.0315796
0.0266198
0.0377744
0.0419285
0.199165
0.00393355
0.198034
0.00476109
0.196707
0.00522899
0.195225
0.00570006
0.193584
0.00619398
0.191778
0.00669654
0.1898
0.0072201
0.187639
0.00777545
0.185288
0.00836368
0.182733
0.00899226
0.17996
0.00966816
0.176953
0.0103993
0.173692
0.0111946
0.170154
0.0120643
0.166311
0.0130203
0.162134
0.0140768
0.157581
0.0152533
0.152606
0.0165696
0.147152
0.0180465
0.141153
0.0197132
0.134522
0.0216055
0.127146
0.0237762
0.118877
0.026287
0.109525
0.0292176
0.0988185
0.0327122
0.0863294
0.037026
0.0713258
0.0426308
0.0526646
0.0502728
0.0289287
0.0615302
0.0709151
0.199073
0.00481081
0.197948
0.00584296
0.196635
0.00650696
0.195167
0.00714038
0.193546
0.00779316
0.191764
0.00846235
0.189815
0.00915676
0.187695
0.00988761
0.185393
0.0106612
0.182898
0.0114859
0.180198
0.0123703
0.177277
0.0133245
0.174118
0.0143602
0.1707
0.0154908
0.167
0.0167318
0.162989
0.0181006
0.158629
0.0196284
0.153872
0.0213435
0.148663
0.0232738
0.142931
0.0254662
0.136583
0.0279758
0.129495
0.0308897
0.121485
0.034324
0.112301
0.0384305
0.101579
0.0434649
0.0887979
0.0498385
0.0731156
0.0583424
0.0529146
0.0704921
0.0280475
0.0863959
0.0989995
0.199025
0.00573598
0.197891
0.00693293
0.196589
0.00777446
0.195132
0.00856927
0.193525
0.00937788
0.191762
0.0102087
0.189837
0.0110703
0.187742
0.0119743
0.185468
0.01293
0.183005
0.0139473
0.180339
0.0150365
0.177457
0.0162098
0.174341
0.0174817
0.170971
0.0188689
0.167321
0.020391
0.163363
0.0220699
0.159063
0.0239418
0.154375
0.0260461
0.149241
0.0284252
0.14358
0.0311449
0.137292
0.0342833
0.130239
0.0379649
0.122219
0.0423665
0.112945
0.0477284
0.101989
0.054445
0.0887027
0.063146
0.0723472
0.0747159
0.0511759
0.091668
0.0260368
0.111514
0.125038
0.199001
0.00668493
0.197858
0.00803188
0.196565
0.0090329
0.195122
0.00998392
0.193532
0.0109455
0.19179
0.0119339
0.189888
0.0129595
0.187819
0.0140345
0.185573
0.0151703
0.183139
0.0163786
0.180504
0.0176713
0.177653
0.0190628
0.174569
0.0205703
0.171229
0.022215
0.167607
0.0240211
0.163669
0.0260181
0.159382
0.0282393
0.154706
0.0307353
0.149573
0.0335716
0.143894
0.0368392
0.137552
0.0406418
0.130397
0.0451362
0.122214
0.0505667
0.112675
0.0572835
0.101348
0.0657874
0.0875638
0.0769395
0.0704861
0.0917941
0.0485529
0.113589
0.0236027
0.136433
0.148604
0.198991
0.00764377
0.197843
0.00913599
0.196559
0.0102817
0.195132
0.0113818
0.193563
0.0124926
0.191845
0.0136349
0.18997
0.0148211
0.187931
0.0160644
0.185717
0.0173778
0.183317
0.0187753
0.180716
0.0202706
0.177901
0.0218795
0.174851
0.0236226
0.171544
0.0255267
0.167952
0.0276201
0.164042
0.0299352
0.159771
0.0325188
0.155083
0.0354326
0.149913
0.0387517
0.144169
0.0425943
0.137722
0.0470997
0.130405
0.0524644
0.121987
0.0589943
0.112139
0.0671393
0.100358
0.0775708
0.0860579
0.0912348
0.0683734
0.109462
0.0458238
0.136106
0.0211774
0.161057
0.169708
0.19899
0.00860299
0.197846
0.0102361
0.196577
0.0115153
0.195173
0.0127574
0.193629
0.0140133
0.191941
0.0153054
0.1901
0.0166484
0.188097
0.0180568
0.185923
0.0195448
0.183564
0.0211298
0.181005
0.0228271
0.178231
0.0246528
0.175225
0.0266301
0.171958
0.0287969
0.168397
0.0311852
0.16451
0.0338269
0.160251
0.0367839
0.155555
0.0401336
0.150347
0.0439647
0.144533
0.0484136
0.137977
0.0536602
0.130492
0.0599524
0.121818
0.0676686
0.111638
0.0773161
0.099468
0.089729
0.0845997
0.106081
0.0664738
0.127552
0.0436246
0.15891
0.0191976
0.185494
0.188809
0.198998
0.00955453
0.197866
0.0113241
0.196617
0.0127285
0.195239
0.0141058
0.193727
0.015502
0.192075
0.0169396
0.190273
0.0184355
0.188314
0.0200053
0.186186
0.0216636
0.183876
0.0234344
0.181365
0.0253341
0.178639
0.0273766
0.175676
0.0295925
0.172449
0.0320239
0.168929
0.0347071
0.165069
0.0376892
0.16083
0.0410255
0.156148
0.0448166
0.150926
0.0491863
0.145067
0.0542714
0.138427
0.0602964
0.130811
0.0675615
0.121947
0.0765213
0.111455
0.0877905
0.0989168
0.102239
0.0835704
0.121384
0.065116
0.145951
0.0421282
0.18185
0.0179987
0.209699
0.206712
0.19901
0.0104933
0.197895
0.012395
0.19667
0.0139174
0.195323
0.0154233
0.193847
0.0169544
0.192235
0.0185332
0.190477
0.0201781
0.188565
0.0219057
0.186484
0.0237344
0.184222
0.0256888
0.181766
0.0277842
0.179097
0.0300421
0.176185
0.032501
0.173013
0.0351948
0.169556
0.0381642
0.165759
0.0414853
0.161564
0.045219
0.156908
0.049468
0.151699
0.0543894
0.145835
0.0601253
0.139171
0.066948
0.131489
0.0752245
0.122512
0.0854733
0.111864
0.0984016
0.0990463
0.115008
0.0834458
0.13692
0.0647191
0.164604
0.0416154
0.204925
0.0179612
0.233514
0.224607
0.199025
0.0114168
0.19793
0.0134455
0.196732
0.0150794
0.195418
0.0167072
0.193981
0.0183676
0.192412
0.0200825
0.190703
0.0218719
0.188842
0.0237539
0.186812
0.0257534
0.184608
0.0278848
0.182219
0.030165
0.179621
0.0326334
0.17679
0.0353261
0.173699
0.0382815
0.170311
0.0415493
0.166588
0.0452058
0.162459
0.0493422
0.157868
0.0540497
0.152733
0.05951
0.146921
0.065919
0.140281
0.0735641
0.132608
0.0828668
0.123629
0.0944098
0.112963
0.109012
0.1001
0.1278
0.0845165
0.15242
0.0655932
0.183455
0.0427316
0.227808
0.0196594
0.256844
0.24424
0.199042
0.0123233
0.19797
0.0144729
0.196801
0.0162116
0.195524
0.0179543
0.19413
0.0197373
0.19261
0.0215825
0.190955
0.0235105
0.189154
0.025541
0.187195
0.0277012
0.185067
0.0300023
0.182759
0.0324639
0.180245
0.0351388
0.177498
0.0380632
0.174491
0.0412793
0.171189
0.0448473
0.167563
0.0488277
0.163553
0.053342
0.159078
0.058509
0.154059
0.064507
0.148366
0.0715841
0.141844
0.0800503
0.134291
0.0903732
0.125467
0.103175
0.114981
0.119422
0.102409
0.140282
0.0871034
0.167635
0.0682991
0.202215
0.0464247
0.24979
0.0240397
0.279569
0.268275
0.199065
0.0132071
0.198021
0.0154711
0.196888
0.017308
0.195653
0.0191584
0.194309
0.0210571
0.192845
0.0230264
0.191251
0.0250868
0.189521
0.0272572
0.187641
0.0295684
0.185597
0.0320349
0.18337
0.0346795
0.180941
0.0375565
0.178282
0.0407076
0.175375
0.0441709
0.172208
0.0480094
0.168723
0.052309
0.164857
0.057193
0.160541
0.0628024
0.155695
0.0693246
0.150211
0.0770299
0.143943
0.0862701
0.136709
0.0975468
0.128261
0.111547
0.118317
0.129275
0.106427
0.152071
0.091861
0.182123
0.0740223
0.220068
0.0541759
0.269859
0.032626
0.301547
0.30091
0.199092
0.0140631
0.198083
0.0164349
0.19699
0.0183632
0.195804
0.0203139
0.194516
0.0223207
0.193113
0.0244086
0.191586
0.0265959
0.189926
0.0289021
0.188121
0.031359
0.186162
0.0339817
0.184026
0.0368034
0.181699
0.0398692
0.179168
0.04322
0.176403
0.0469125
0.173386
0.0510129
0.170055
0.0556299
0.166363
0.0608615
0.16227
0.0668662
0.157688
0.0738701
0.152518
0.0821531
0.146645
0.0920826
0.139926
0.104193
0.132173
0.119211
0.123173
0.138175
0.112502
0.162649
0.0998427
0.194742
0.0850279
0.23498
0.0699816
0.285245
0.0511825
0.320902
0.352203
0.199117
0.0148945
0.198139
0.0173665
0.197085
0.0193793
0.195946
0.0214222
0.194709
0.0235326
0.193362
0.0257347
0.191898
0.0280413
0.190305
0.0304781
0.188581
0.0330691
0.186715
0.035834
0.184688
0.0388163
0.182485
0.0420563
0.180085
0.0455993
0.177466
0.0495093
0.174595
0.0538594
0.171438
0.0587588
0.16796
0.0643075
0.164111
0.0706801
0.159827
0.0781099
0.155047
0.0868771
0.149676
0.0973826
0.143637
0.110149
0.136854
0.125897
0.12918
0.145751
0.120642
0.171118
0.111777
0.203616
0.103321
0.243616
0.0984015
0.290594
0.0921144
0.327839
0.444666
0.00113862
-0.00112829
0.00302984
-0.00180362
0.00541695
-0.00205825
0.00817152
-0.00214562
0.010762
-0.00206213
0.0128446
-0.00196284
0.0144953
-0.00189281
0.0159365
-0.00181093
0.0173073
-0.00175413
0.0186196
-0.00169785
0.0198826
-0.00162054
0.0211046
-0.00154133
0.022257
-0.00144135
0.0232755
-0.00128815
0.0240948
-0.00107703
0.0247003
-0.000854592
0.0251479
-0.000690275
0.0254947
-0.000584434
0.025725
-0.000463603
0.0257846
-0.000289434
0.0256744
-0.000116263
0.025487
-3.60697e-05
0.0253755
-0.000109098
0.0255002
-0.00034239
0.0259879
-0.000702721
0.0269163
-0.00114045
0.0283346
-0.00162725
0.0303133
-0.00218397
0.0329301
-0.00281809
-0.00331776
0.000862404
-0.00197813
0.00271225
-0.00357418
0.00542167
-0.00443576
0.00854578
-0.00467584
0.0113888
-0.00440544
0.0136065
-0.0040369
0.0153093
-0.00376324
0.0167497
-0.00355488
0.018064
-0.00340117
0.0192677
-0.00324044
0.0203693
-0.00304575
0.0213819
-0.00285384
0.022314
-0.00265277
0.02314
-0.00237869
0.0237907
-0.00198166
0.0242288
-0.00153872
0.0244935
-0.00119503
0.0246556
-0.000981848
0.0247197
-0.000759031
0.0246326
-0.000430257
0.0243516
-6.00855e-05
0.0238903
0.000203258
0.0233225
0.00023958
0.0227351
2.85293e-05
0.0222557
-0.000437072
0.0220268
-0.00112267
0.0221501
-0.00195862
0.0227646
-0.00300312
0.0241502
-0.00440454
-0.00617551
0.000603884
-0.00256852
0.00220268
-0.00509489
0.00470028
-0.0065811
0.00747398
-0.00687517
0.00986145
-0.00635225
0.0115824
-0.00563043
0.0127916
-0.0050727
0.0137182
-0.00470708
0.0144507
-0.00441756
0.0150073
-0.00409245
0.0153885
-0.00371679
0.0156242
-0.00336844
0.0157542
-0.00304983
0.0157827
-0.00266344
0.0156318
-0.00207851
0.0152228
-0.00137066
0.0145726
-0.000780629
0.0137929
-0.000433616
0.0128955
-8.96979e-05
0.0117127
0.000527621
0.0101351
0.0012953
0.00823085
0.00188801
0.00617747
0.00207607
0.00420619
0.00178546
0.00250926
0.00104796
0.0013189
-0.000141778
0.0010719
-0.00191843
0.00213659
-0.00427142
0.0045113
-0.00697942
-0.00984576
0.000552337
-0.00309245
0.00199447
-0.00643438
0.00416075
-0.00835453
0.00632024
-0.00849572
0.00796968
-0.00765386
0.00895631
-0.00660086
0.00946475
-0.00575605
0.00966416
-0.00514339
0.00960814
-0.00462989
0.00932094
-0.00407851
0.00880323
-0.00346699
0.0080713
-0.00289793
0.0071638
-0.00239621
0.00616241
-0.00190817
0.00504904
-0.00120477
0.00348547
-4.15316e-05
0.00111482
0.00135977
-0.0019782
0.0024326
-0.00526761
0.00297584
-0.00813889
0.00317761
-0.0103617
0.00329925
-0.0120303
0.00334016
-0.0132409
0.00307264
-0.0139441
0.00227706
-0.0139969
0.000891358
-0.0132543
-0.00109184
-0.0117795
-0.00359832
-0.00979949
-0.00645375
-0.00757206
-0.00940607
-0.0122083
0.000594812
-0.00362881
0.0019033
-0.00758521
0.00358703
-0.00960317
0.00492126
-0.00935905
0.00562967
-0.00812489
0.00571363
-0.00675154
0.00533492
-0.00560892
0.00459768
-0.00466486
0.0035651
-0.00385414
0.00228654
-0.0030514
0.000758317
-0.00218554
-0.00116158
-0.00122133
-0.00352423
-0.000272555
-0.00631103
0.000644329
-0.00931951
0.00157357
-0.0120009
0.00241322
-0.0141072
0.0032424
-0.0159141
0.00401837
-0.0176651
0.00450793
-0.0193546
0.00465018
-0.0208113
0.00454102
-0.0218552
0.00417124
-0.022397
0.00340392
-0.0224331
0.00210484
-0.0219932
0.000245197
-0.0211641
-0.00212583
-0.0201016
-0.00486403
-0.0190137
-0.00774238
-0.0181264
-0.0104914
-0.012737
0.00065034
-0.00417882
0.00172636
-0.00842422
0.00269739
-0.0101171
0.0029841
-0.00928076
0.00256955
-0.00759343
0.00159539
-0.00587245
0.000113365
-0.0043323
-0.00180954
-0.00297767
-0.00404402
-0.00185541
-0.00651217
-0.000812568
-0.00921079
0.000286539
-0.0119863
0.00132873
-0.0145872
0.00210474
-0.0168725
0.00270801
-0.0188584
0.00333992
-0.020695
0.00403193
-0.0223929
0.00472416
-0.023905
0.00531577
-0.0252633
0.00565286
-0.026486
0.00566094
-0.0274977
0.00534213
-0.0281983
0.00466309
-0.0285445
0.00354362
-0.0285671
0.00192332
-0.0283306
-0.000193864
-0.0279485
-0.00270995
-0.0275596
-0.0054539
-0.0272917
-0.00820918
-0.0273106
-0.0106693
-0.0124156
0.000634232
-0.00467228
0.00125365
-0.00871665
0.00121534
-0.00963079
0.000208987
-0.00803992
-0.00155095
-0.00585168
-0.00379047
-0.00377998
-0.00630667
-0.00201124
-0.00903934
-0.000457175
-0.0119853
0.000875353
-0.0148955
0.00188576
-0.0174324
0.00261336
-0.0195349
0.00322189
-0.0214186
0.00377966
-0.0232247
0.00430567
-0.024946
0.00485277
-0.0265508
0.00542841
-0.0280135
0.00597878
-0.0293126
0.00640716
-0.0304616
0.00659475
-0.0314711
0.00646374
-0.0323108
0.00597613
-0.0329406
0.00508842
-0.0333502
0.00375113
-0.0335714
0.00194553
-0.0336732
-0.000289908
-0.0337424
-0.00283971
-0.0338613
-0.00553393
-0.0341141
-0.00815301
-0.0346359
-0.0103427
-0.0117207
0.000431154
-0.0049401
0.000230864
-0.00811075
-0.0011762
-0.00781858
-0.00354347
-0.00555242
-0.00640762
-0.00311204
-0.00955884
-0.000840466
-0.0128319
0.00104818
-0.0158717
0.0023805
-0.0184431
0.0032497
-0.0206448
0.00389251
-0.0226432
0.00441708
-0.0244825
0.00486622
-0.0261814
0.00528402
-0.0277763
0.00570536
-0.0292776
0.00615713
-0.0306712
0.00662359
-0.0319384
0.00704657
-0.0330705
0.00733918
-0.0340809
0.00740439
-0.0349834
0.00716534
-0.0357747
0.00656648
-0.0364444
0.00555814
-0.0369942
0.00410339
-0.0374461
0.00220484
-0.0378519
-7.55611e-05
-0.0382722
-0.00261591
-0.0387507
-0.00525263
-0.0393448
-0.00775252
-0.0401544
-0.00972614
-0.0108548
-0.000120468
-0.00466025
-0.00153024
-0.00625217
-0.00430435
-0.00471901
-0.00777615
-0.00203919
-0.0115208
0.000479114
-0.014989
0.00240407
-0.0178912
0.00373353
-0.020365
0.00466174
-0.0226052
0.00530962
-0.0246374
0.00574633
-0.0264594
0.00605872
-0.0280956
0.00631986
-0.0295793
0.00658545
-0.0309481
0.00689143
-0.0322227
0.00724642
-0.0334026
0.00761527
-0.0344815
0.00793501
-0.0354615
0.00812683
-0.03636
0.00810908
-0.0371985
0.00780868
-0.0379893
0.00716125
-0.0387366
0.00610936
-0.0394427
0.00461563
-0.040109
0.00268758
-0.0407643
0.000397751
-0.0414522
-0.00212433
-0.042187
-0.00471582
-0.0429968
-0.00713058
-0.0439555
-0.00895652
-0.00992693
-0.00107524
-0.00344471
-0.00385549
-0.00303141
-0.00789261
-0.000466238
-0.0119966
0.00204308
-0.0155519
0.00389243
-0.0185542
0.00521937
-0.0212178
0.00620948
-0.023596
0.00686749
-0.0256975
0.00724837
-0.0275396
0.00742654
-0.0291398
0.00749289
-0.0305306
0.00753917
-0.0317575
0.00763961
-0.0328675
0.00783004
-0.0338945
0.00810043
-0.0348509
0.00839507
-0.035738
0.00864227
-0.0365655
0.00877152
-0.0373576
0.00871575
-0.038145
0.00840822
-0.0389516
0.0077778
-0.0397886
0.00675425
-0.0406554
0.00528942
-0.0415138
0.00338076
-0.0423592
0.00109212
-0.0432439
-0.00143375
-0.0441559
-0.00401093
-0.0450783
-0.00638509
-0.0460805
-0.00813389
-0.00901583
-0.00240258
-0.000924238
-0.00675502
0.00169807
-0.0111683
0.00404504
-0.0149158
0.0057201
-0.0181726
0.00702114
-0.0210897
0.00798983
-0.0236552
0.0086232
-0.0258864
0.00894943
-0.0277968
0.00901426
-0.0294012
0.00888707
-0.0307243
0.00866824
-0.031813
0.00847234
-0.0327343
0.00839982
-0.0335531
0.00848786
-0.0343136
0.0087001
-0.0350359
0.00895361
-0.0357241
0.00916276
-0.0363913
0.00926726
-0.0370698
0.00921899
-0.0378017
0.00896131
-0.0386221
0.00841563
-0.039545
0.00748999
-0.0405623
0.00611063
-0.0415932
0.00425345
-0.04259
0.00196814
-0.0436073
-0.000594951
-0.04462
-0.00321175
-0.0455591
-0.00560167
-0.0464998
-0.00733916
-0.00819054
-0.00414542
0.00330795
-0.00911668
0.00693774
-0.0132155
0.00814301
-0.0168123
0.00922677
-0.0200047
0.0101046
-0.0228025
0.0106743
-0.0252062
0.010908
-0.0272266
0.0108457
-0.0288833
0.0105459
-0.0301946
0.0100734
-0.0311857
0.00953209
-0.0319142
0.00906697
-0.032475
0.00881745
-0.0329669
0.00883139
-0.033449
0.00903208
-0.0339343
0.00928597
-0.0344181
0.00948939
-0.0349115
0.00959916
-0.0354558
0.00959744
-0.03611
0.00944516
-0.0369242
0.00905486
-0.0379145
0.00829973
-0.0390512
0.00705748
-0.0402313
0.00526559
-0.0413625
0.0029628
-0.0424413
0.000312121
-0.0434478
-0.00241772
-0.0443105
-0.00489065
-0.0450988
-0.00666218
-0.00751919
-0.00571553
0.00904426
-0.0105307
0.0118997
-0.0144794
0.0120329
-0.0179565
0.0126223
-0.0210186
0.0130823
-0.0236417
0.0132107
-0.0258153
0.0129902
-0.0275563
0.0124892
-0.0288935
0.0117799
-0.0298494
0.0109224
-0.0304462
0.0100186
-0.0307481
0.00925271
-0.0308876
0.00883196
-0.0310191
0.00882934
-0.0312197
0.00909367
-0.0314747
0.00939753
-0.0317483
0.00961494
-0.032041
0.00973887
-0.0324054
0.00980404
-0.0329266
0.00980374
-0.0336816
0.0096424
-0.0346962
0.00914192
-0.0359168
0.00810192
-0.0372113
0.00639078
-0.0384332
0.00402417
-0.0394901
0.00119309
-0.0403502
-0.00175694
-0.0410122
-0.00439284
-0.0415677
-0.00623153
-0.0070881
-0.0078244
0.016764
-0.0111394
0.0152701
-0.0149159
0.0157307
-0.0182157
0.0158594
-0.0211228
0.015932
-0.0235335
0.01556
-0.0254081
0.0147974
-0.0267895
0.0137967
-0.0277311
0.0126394
-0.0282585
0.0113604
-0.0283803
0.0100444
-0.0281533
0.00892265
-0.0277698
0.00833718
-0.0274952
0.00843469
-0.027423
0.00889418
-0.0274633
0.00930445
-0.0275151
0.00952781
-0.0275554
0.00963474
-0.0276499
0.00974892
-0.0279243
0.00992331
-0.0285038
0.010062
-0.0294433
0.00991716
-0.0306773
0.00916891
-0.0320231
0.00757149
-0.0332511
0.00508888
-0.0341826
0.00195317
-0.0347569
-0.00136225
-0.0350541
-0.00426149
-0.035226
-0.00621243
-0.00701261
-0.00496441
0.0214544
-0.00855872
0.018932
-0.0145019
0.0216392
-0.0176195
0.0189465
-0.020465
0.0187471
-0.0226069
0.0176651
-0.0240347
0.0161796
-0.024899
0.0146061
-0.0253144
0.01299
-0.0253124
0.0112845
-0.0248474
0.00949699
-0.0238969
0.0078811
-0.0227563
0.00709698
-0.0219795
0.00754934
-0.0216587
0.00845667
-0.0215033
0.00902534
-0.0213013
0.0091956
-0.0209948
0.00919207
-0.0206593
0.00927145
-0.0204797
0.00959624
-0.0206584
0.0100882
-0.0213077
0.0104096
-0.0223644
0.0100658
-0.0235903
0.00863674
-0.0246643
0.00600111
-0.0253012
0.0024236
-0.0254203
-0.00141311
-0.0251837
-0.00466245
-0.0247744
-0.00678249
-0.00750101
0.206785
0.0157149
0.20582
0.0182837
0.204782
0.0203774
0.203662
0.0225098
0.202447
0.0247226
0.201127
0.027032
0.199698
0.0294505
0.198151
0.0320076
0.196483
0.0347216
0.194677
0.0376249
0.192716
0.0407623
0.190585
0.0441694
0.188267
0.0478975
0.185757
0.0520076
0.183014
0.0565798
0.18001
0.0617237
0.176725
0.0675548
0.17312
0.0742447
0.16916
0.0820199
0.164815
0.0911554
0.160056
0.10206
0.154919
0.115194
0.149411
0.131301
0.143736
0.151336
0.138662
0.176155
0.13564
0.206698
0.137358
0.242152
0.150403
0.278057
0.18065
0.298305
0.289323
0.336537
0.211823
0.0165192
0.210881
0.0191769
0.209871
0.0213454
0.208785
0.0235628
0.207613
0.0258679
0.206349
0.0282722
0.204982
0.0307967
0.203507
0.0334643
0.201915
0.0362974
0.200188
0.0393362
0.198314
0.0426189
0.196293
0.0461714
0.194113
0.0500589
0.191759
0.0543507
0.189201
0.0591152
0.186423
0.0644624
0.183421
0.070516
0.180179
0.0774437
0.176697
0.085451
0.172955
0.0948207
0.169047
0.105878
0.165094
0.119061
0.161285
0.135007
0.158359
0.154183
0.157556
0.176955
0.161142
0.203222
0.173337
0.230259
0.201332
0.250593
0.246583
0.253719
0.248928
0.287525
0.216993
0.0172968
0.216085
0.0200345
0.215117
0.0222711
0.214078
0.0245676
0.212963
0.0269543
0.211763
0.0294476
0.210464
0.0320733
0.209068
0.0348418
0.207562
0.0377868
0.205939
0.0409423
0.204196
0.0443424
0.202322
0.0480254
0.200303
0.052058
0.198142
0.0564908
0.19583
0.0613985
0.193351
0.0669003
0.190713
0.0731106
0.187938
0.0801753
0.185049
0.0882939
0.182095
0.0977004
0.179259
0.108636
0.176738
0.121514
0.175044
0.136611
0.175181
0.153998
0.178576
0.173606
0.187734
0.194228
0.205863
0.21247
0.234227
0.222742
0.266645
0.221869
0.212843
0.303167
0.222295
0.0180394
0.22143
0.0208477
0.220511
0.0231472
0.219524
0.0255183
0.218469
0.0279795
0.217338
0.0305534
0.216124
0.0332643
0.214828
0.0361188
0.213439
0.039159
0.211949
0.0424141
0.210355
0.0459159
0.208649
0.0497102
0.206833
0.0538498
0.204916
0.0583822
0.202887
0.0633936
0.20075
0.0689909
0.198545
0.0752672
0.196312
0.0823656
0.194101
0.0904537
0.192081
0.0996569
0.19046
0.110213
0.189554
0.122362
0.190095
0.136
0.193081
0.151017
0.199912
0.166878
0.212535
0.181819
0.232223
0.193138
0.257542
0.19789
0.285217
0.194681
0.182749
0.315693
0.22773
0.0187429
0.22691
0.0216136
0.226043
0.0239694
0.225121
0.0264029
0.224142
0.028928
0.223101
0.0315681
0.221996
0.0343474
0.220815
0.0372799
0.219553
0.0404024
0.218209
0.0437398
0.216784
0.0473197
0.215284
0.051187
0.213715
0.0553922
0.212074
0.0599944
0.210372
0.0650588
0.208631
0.0706774
0.206913
0.0769272
0.20529
0.0839386
0.203876
0.0918006
0.202875
0.100603
0.202522
0.110541
0.20328
0.121539
0.205876
0.133361
0.211201
0.145755
0.220394
0.157833
0.234485
0.167973
0.253373
0.174596
0.275293
0.176382
0.297952
0.17244
0.160931
0.32011
0.233301
0.0194006
0.232535
0.0223241
0.231733
0.0247243
0.230892
0.0272059
0.230006
0.029783
0.229068
0.0324786
0.228073
0.0353202
0.227014
0.038319
0.225898
0.0415006
0.224726
0.0448924
0.223503
0.0485226
0.222236
0.0524295
0.220929
0.0566693
0.219605
0.0612888
0.21828
0.0663463
0.216988
0.071911
0.215819
0.0780395
0.21488
0.0848228
0.214317
0.0922944
0.214335
0.100547
0.215251
0.109603
0.21756
0.119179
0.221863
0.129062
0.228885
0.13884
0.239334
0.147562
0.253372
0.15419
0.270365
0.157925
0.288944
0.158163
0.307422
0.154323
0.143882
0.324772
0.239017
0.0200014
0.238318
0.0229645
0.237595
0.0253994
0.236839
0.0279226
0.236048
0.0305418
0.235218
0.0332808
0.234348
0.0361678
0.233437
0.0392102
0.23249
0.0424301
0.231513
0.0458512
0.230516
0.0495
0.229507
0.0534141
0.228489
0.057653
0.227507
0.0622395
0.226581
0.0672285
0.225783
0.0726524
0.225217
0.0785657
0.224984
0.0850033
0.22527
0.0919576
0.226302
0.0995022
0.228419
0.107469
0.232035
0.115545
0.237627
0.12352
0.245682
0.130915
0.256404
0.137032
0.269539
0.141305
0.284491
0.143268
0.300352
0.142621
0.315981
0.139011
0.129749
0.33038
0.244878
0.020537
0.244251
0.0235305
0.243609
0.0259913
0.242951
0.02854
0.242272
0.0311879
0.241567
0.033958
0.240839
0.0368728
0.240092
0.0399381
0.239334
0.0431714
0.238576
0.0465942
0.237831
0.0502294
0.237094
0.0541268
0.236383
0.0583233
0.235762
0.062827
0.235266
0.067672
0.234993
0.0728799
0.235039
0.0784946
0.235522
0.0844717
0.236641
0.0908104
0.238627
0.0975207
0.24178
0.104319
0.246415
0.110932
0.25286
0.117157
0.261306
0.122611
0.271674
0.126858
0.283686
0.129529
0.296854
0.130368
0.310558
0.129202
0.324045
0.125807
0.117712
0.336324
0.250888
0.0209994
0.250339
0.024014
0.249791
0.0264867
0.249246
0.0290431
0.248689
0.0317112
0.248121
0.0344991
0.247551
0.0374206
0.246985
0.040486
0.246434
0.0437081
0.24591
0.047105
0.245424
0.0507046
0.244965
0.0545557
0.244588
0.0586583
0.24436
0.0630203
0.244326
0.0676529
0.244592
0.0725827
0.245253
0.0778107
0.24643
0.0832515
0.248309
0.0889201
0.251135
0.0947169
0.255134
0.100354
0.260487
0.105636
0.26734
0.110405
0.275716
0.114383
0.285487
0.117275
0.296403
0.118835
0.308084
0.118933
0.320074
0.117471
0.331828
0.114309
0.107242
0.342517
0.257055
0.0213763
0.256594
0.024403
0.256148
0.0268756
0.255722
0.0294283
0.255299
0.0321001
0.254884
0.0348867
0.254486
0.037797
0.254115
0.04084
0.253783
0.0440291
0.253506
0.0473733
0.253287
0.0509079
0.253129
0.0546672
0.253109
0.05863
0.253298
0.0627954
0.253736
0.0671668
0.254536
0.0717614
0.255786
0.0765411
0.257584
0.0814201
0.260154
0.0863575
0.263701
0.091216
0.268314
0.0958015
0.274058
0.099975
0.280989
0.103589
0.289083
0.106438
0.298206
0.108333
0.30812
0.109129
0.318546
0.108734
0.329165
0.107089
0.33954
0.104168
0.0979872
0.348996
0.263373
0.0216674
0.263009
0.0246845
0.262678
0.027144
0.262383
0.0296825
0.262106
0.032342
0.261856
0.0351095
0.261641
0.0379917
0.261474
0.0409932
0.26138
0.0441181
0.261374
0.0473785
0.261437
0.0508229
0.261585
0.054453
0.261939
0.058229
0.262546
0.0621617
0.263428
0.0662436
0.264735
0.0704521
0.266541
0.0747396
0.26893
0.0790153
0.272111
0.0832032
0.276181
0.0872138
0.281145
0.0909162
0.287041
0.0941785
0.293886
0.096867
0.301621
0.0988488
0.310102
0.100021
0.319139
0.100289
0.32853
0.0995565
0.338019
0.0978189
0.347272
0.0951289
0.0896975
0.355748
0.269857
0.0218614
0.269593
0.0248483
0.269388
0.0272824
0.269235
0.0297964
0.269111
0.0324299
0.26903
0.0351625
0.269013
0.0379898
0.269073
0.0409237
0.269225
0.0439677
0.269493
0.0471251
0.269846
0.0504478
0.27031
0.0539128
0.271034
0.05747
0.272044
0.061144
0.273365
0.0648938
0.275162
0.0686659
0.277496
0.0724281
0.28042
0.0761008
0.284049
0.0796184
0.288427
0.0829113
0.29357
0.0858659
0.299489
0.0883703
0.306168
0.0903193
0.313503
0.0916491
0.321365
0.0923059
0.329661
0.0921799
0.338211
0.0912127
0.346766
0.089469
0.355092
0.0870024
0.0821989
0.362764
0.276505
0.0219505
0.27636
0.0248833
0.27629
0.0272768
0.276273
0.0297651
0.276309
0.0323516
0.276421
0.0350232
0.27661
0.0377829
0.2769
0.0406294
0.277303
0.0435726
0.277839
0.0466121
0.278495
0.049776
0.279294
0.0530402
0.280364
0.056361
0.281775
0.0597317
0.283567
0.0630999
0.285825
0.0664272
0.288596
0.0696877
0.291913
0.0728191
0.295835
0.075756
0.3004
0.0784276
0.305619
0.0807482
0.311477
0.0826331
0.317933
0.0840069
0.324874
0.0848455
0.332203
0.0851041
0.339866
0.0846819
0.34769
0.0835829
0.355463
0.0818871
0.363027
0.0796233
0.0753545
0.370034
0.283309
0.0219244
0.283328
0.024779
0.2834
0.0271202
0.283502
0.0295736
0.283708
0.0320967
0.284024
0.0346853
0.284426
0.037363
0.28495
0.0401071
0.285604
0.0429302
0.286406
0.0458289
0.287377
0.0488014
0.288533
0.051836
0.289965
0.0548852
0.291778
0.0579181
0.293992
0.0609079
0.296626
0.0638255
0.299721
0.0666344
0.303314
0.0692788
0.307439
0.0717004
0.312116
0.073839
0.317341
0.0756306
0.323084
0.0770147
0.329285
0.0779522
0.335863
0.0784142
0.342751
0.0783509
0.349859
0.0777255
0.357047
0.0765695
0.364167
0.0749421
0.3711
0.0728634
0.0690562
0.377551
0.290297
0.0217606
0.290488
0.0245406
0.290693
0.0268257
0.290929
0.0292071
0.291322
0.0316458
0.291833
0.0341474
0.292448
0.0367272
0.293215
0.0393506
0.294134
0.0420287
0.29522
0.0447592
0.296508
0.0475188
0.298029
0.0502956
0.29984
0.0530525
0.302005
0.0557611
0.304541
0.0584028
0.307467
0.0609408
0.310818
0.0633363
0.314616
0.0655435
0.318878
0.0675151
0.323608
0.069202
0.328792
0.0705563
0.334387
0.0715449
0.340336
0.0721423
0.34659
0.0723057
0.353083
0.0720048
0.359709
0.0712527
0.366357
0.0700831
0.372928
0.0685338
0.379329
0.0666234
0.0632187
0.385311
0.297456
0.0214631
0.297796
0.0241649
0.298147
0.0263802
0.298562
0.028663
0.29916
0.0309956
0.299864
0.0333954
0.300686
0.0358612
0.301706
0.038347
0.302912
0.0408533
0.304304
0.0433878
0.305909
0.045925
0.307762
0.0484427
0.3099
0.0509192
0.312357
0.0533264
0.31516
0.0556385
0.318328
0.0578226
0.321882
0.0598437
0.325833
0.0616641
0.330179
0.0632497
0.334916
0.0645581
0.340024
0.0655594
0.345459
0.0662375
0.351185
0.0665538
0.357154
0.06648
0.363282
0.0660234
0.369481
0.0652039
0.375673
0.0640451
0.381782
0.0625796
0.387734
0.0608233
0.0577731
0.393316
0.304784
0.0210367
0.305259
0.0236326
0.305763
0.0257609
0.306393
0.0279363
0.30721
0.0301558
0.30813
0.0324285
0.309185
0.0347452
0.310466
0.0370718
0.311955
0.0394015
0.313635
0.0417336
0.315533
0.0440473
0.317673
0.0463196
0.320087
0.0485278
0.3228
0.050647
0.325835
0.0526511
0.329207
0.0545111
0.332925
0.0561969
0.336993
0.0576772
0.341383
0.0589352
0.346076
0.0599424
0.351088
0.0606582
0.356389
0.0610704
0.361919
0.0611616
0.367616
0.0609239
0.373413
0.0603715
0.379244
0.0595191
0.385048
0.0583894
0.390764
0.0570111
0.396334
0.0553974
0.0526624
0.401575
0.31229
0.020473
0.312905
0.0229432
0.313577
0.024955
0.314431
0.0270043
0.315474
0.0291024
0.316639
0.031234
0.317959
0.033384
0.319492
0.0355405
0.321232
0.0376913
0.323171
0.0398231
0.32533
0.0419161
0.327729
0.0439496
0.330391
0.0459021
0.333332
0.0477508
0.336568
0.0494721
0.340109
0.0510394
0.343959
0.052429
0.348108
0.0536247
0.352513
0.0546109
0.357161
0.0553582
0.362087
0.0558328
0.367258
0.0560328
0.372593
0.0559623
0.378039
0.0556166
0.383546
0.0550061
0.38906
0.0541469
0.394532
0.0530601
0.399914
0.051771
0.405159
0.0502906
0.0478385
0.410109
0.319966
0.0197616
0.32075
0.0220822
0.32164
0.023953
0.322716
0.0258618
0.323976
0.0278202
0.325384
0.0298031
0.326959
0.0317924
0.32873
0.033776
0.330706
0.0357409
0.332889
0.0376709
0.335292
0.0395477
0.337928
0.0413517
0.340812
0.0430637
0.343956
0.0446623
0.347365
0.0461287
0.351047
0.0474352
0.354995
0.0485699
0.359191
0.0495318
0.363613
0.0502868
0.368249
0.0508051
0.373096
0.0510861
0.378121
0.051134
0.383267
0.0509474
0.38849
0.0505289
0.393745
0.0498888
0.398988
0.0490424
0.404177
0.0480089
0.409274
0.0468103
0.414242
0.045456
0.0432602
0.418942
0.327842
0.0188796
0.328822
0.0210266
0.329942
0.022752
0.331233
0.0245168
0.332702
0.0263242
0.334337
0.0281496
0.336149
0.0299733
0.338156
0.0317808
0.340365
0.0335579
0.342782
0.0352885
0.345414
0.0369561
0.348271
0.0385421
0.351357
0.0400314
0.354683
0.0413996
0.358249
0.042637
0.362041
0.0437261
0.366063
0.044642
0.370307
0.0453893
0.374752
0.045947
0.37937
0.0462934
0.384137
0.0464315
0.389029
0.0463646
0.394008
0.0460965
0.399036
0.0456333
0.404074
0.0449851
0.409085
0.0441663
0.414034
0.0431938
0.418891
0.0420865
0.423624
0.0408525
0.0388913
0.428111
0.335937
0.0178073
0.337118
0.0197765
0.338451
0.0213545
0.339955
0.0229673
0.341636
0.0246159
0.343492
0.0262776
0.345535
0.0279312
0.347772
0.02956
0.35021
0.0311501
0.352852
0.0326855
0.355702
0.0341538
0.358764
0.0355336
0.362041
0.0368157
0.365526
0.0379849
0.369227
0.0390163
0.373134
0.0399096
0.377233
0.0406417
0.38152
0.0412062
0.385972
0.0416043
0.390559
0.041819
0.395257
0.0418508
0.400041
0.0417038
0.404881
0.0413843
0.409745
0.0409001
0.4146
0.0402618
0.419416
0.0394824
0.424164
0.0385771
0.428818
0.0375619
0.433353
0.0364436
0.0346991
0.437661
0.344229
0.016545
0.345615
0.0183281
0.347163
0.0197544
0.348883
0.0212093
0.350779
0.0226943
0.352852
0.024189
0.355118
0.0256696
0.357583
0.0271179
0.360245
0.0285247
0.363107
0.0298698
0.366168
0.0311465
0.369419
0.0323427
0.37287
0.0334334
0.376515
0.0344173
0.380346
0.0352716
0.384364
0.0359882
0.388542
0.036566
0.392866
0.0369912
0.397321
0.0372622
0.401882
0.0373748
0.406524
0.0373293
0.411223
0.03713
0.415951
0.0367836
0.420683
0.0362986
0.42539
0.0356853
0.430047
0.0349557
0.43463
0.034123
0.439118
0.0332012
0.443491
0.0321956
0.0306536
0.447651
0.352718
0.0150942
0.354312
0.0166793
0.356078
0.0179473
0.358021
0.0192382
0.360131
0.0205575
0.362414
0.0218856
0.364899
0.0231908
0.367594
0.0244547
0.370484
0.0256797
0.373557
0.0268512
0.376818
0.0279466
0.380262
0.0289664
0.383884
0.0298875
0.387687
0.0306993
0.391651
0.0313998
0.395765
0.031975
0.400017
0.0324214
0.404387
0.0327333
0.408858
0.0329083
0.413407
0.0329459
0.418012
0.0328481
0.42265
0.0326193
0.427296
0.0322663
0.431927
0.0317974
0.436521
0.0312223
0.441055
0.0305516
0.445509
0.0297969
0.449867
0.0289702
0.45411
0.0280759
0.0267254
0.458153
0.361409
0.0134556
0.363212
0.0148286
0.3652
0.0159296
0.36738
0.017049
0.369706
0.0181955
0.372178
0.0193566
0.374882
0.0204898
0.377812
0.0215745
0.380928
0.0226192
0.384219
0.0236229
0.387681
0.0245549
0.391317
0.0254057
0.395115
0.0261725
0.399066
0.0268404
0.40316
0.027405
0.407381
0.0278593
0.411715
0.028199
0.416144
0.0284213
0.420648
0.028525
0.425207
0.0285112
0.4298
0.0283825
0.434405
0.0281439
0.439
0.0278016
0.443566
0.0273635
0.448081
0.0268381
0.452528
0.0262349
0.45689
0.025564
0.461152
0.0248353
0.4653
0.0240526
0.0228865
0.469255
0.370307
0.0116267
0.372323
0.0127717
0.374535
0.0136983
0.376947
0.014647
0.379492
0.0156143
0.382167
0.0165926
0.385099
0.0175526
0.388265
0.0184718
0.391598
0.0193498
0.395106
0.0201851
0.398776
0.0209617
0.402601
0.0216642
0.406576
0.0222885
0.410687
0.0228273
0.414923
0.0232752
0.419266
0.0236276
0.4237
0.0238814
0.428208
0.024035
0.432771
0.0240884
0.437367
0.0240432
0.441978
0.0239027
0.446584
0.0236714
0.451164
0.0233553
0.4557
0.0229611
0.460176
0.0224964
0.464574
0.0219694
0.46888
0.0213884
0.473083
0.0207617
0.477169
0.0200923
0.0191063
0.481068
0.379421
0.009602
0.381652
0.0105032
0.384082
0.0112527
0.386705
0.0120319
0.38948
0.0128224
0.392409
0.013613
0.395573
0.0143928
0.398956
0.0151455
0.402509
0.0158633
0.406229
0.0165392
0.41011
0.0171629
0.41414
0.017725
0.418306
0.0182201
0.422596
0.0186431
0.426993
0.0189898
0.431481
0.0192568
0.436044
0.0194422
0.440661
0.0195452
0.445314
0.0195664
0.449983
0.0195077
0.45465
0.0193722
0.459294
0.019164
0.4639
0.0188882
0.468448
0.0185506
0.472925
0.0181575
0.477315
0.0177157
0.481606
0.0172319
0.485787
0.0167129
0.489848
0.0161609
0.0153555
0.493721
0.388758
0.00737252
0.391207
0.00801823
0.393851
0.00859188
0.396686
0.00919507
0.3997
0.00980663
0.402895
0.0104164
0.406296
0.0110157
0.409897
0.0115955
0.413678
0.0121484
0.417629
0.0126669
0.421736
0.0131434
0.425987
0.0135713
0.430366
0.013946
0.434857
0.0142637
0.439445
0.0145212
0.44411
0.0147164
0.448834
0.014848
0.453598
0.0149157
0.458382
0.0149203
0.463166
0.0148634
0.467933
0.0147479
0.472664
0.014577
0.477341
0.0143549
0.48195
0.0140861
0.486475
0.0137757
0.490904
0.0134287
0.495226
0.0130506
0.49943
0.0126464
0.503509
0.0122176
0.0115959
0.507397
0.39834
0.0049144
0.401006
0.00531645
0.403861
0.00571993
0.406914
0.00613893
0.410164
0.00656173
0.413611
0.00698485
0.417259
0.00740173
0.421103
0.00780535
0.425131
0.00818998
0.42933
0.00855024
0.433686
0.00888089
0.438183
0.00917749
0.442804
0.00943665
0.447531
0.00965573
0.452346
0.00983265
0.457229
0.00996597
0.46216
0.0100549
0.467119
0.0100994
0.472085
0.0101002
0.477038
0.0100585
0.48196
0.00997623
0.486833
0.0098559
0.49164
0.0097004
0.496366
0.00951298
0.500996
0.00929713
0.505519
0.00905649
0.509923
0.00879475
0.5142
0.00851554
0.518342
0.00821983
0.00779288
0.522281
0.408244
0.00213065
0.411125
0.00240091
0.41419
0.00263702
0.417464
0.0028628
0.420947
0.00309035
0.424636
0.00332003
0.428532
0.00354717
0.432629
0.00376736
0.436915
0.00397733
0.441379
0.00417421
0.446004
0.00435531
0.450773
0.0045183
0.455668
0.00466137
0.460668
0.00478309
0.465753
0.00488241
0.470902
0.00495856
0.476093
0.00501119
0.481304
0.00504029
0.486514
0.00504623
0.491701
0.00502972
0.496847
0.0049918
0.501931
0.00493379
0.506938
0.00485724
0.51185
0.00476386
0.516655
0.00465553
0.521339
0.00453415
0.525892
0.0044017
0.530305
0.00426008
0.53457
0.00410981
0.00389323
0.538618
0.417399
0.419766
0.422386
0.425248
0.428353
0.431702
0.435295
0.439125
0.44318
0.447447
0.451906
0.45654
0.461327
0.466245
0.471269
0.476377
0.481544
0.486744
0.491955
0.497153
0.502316
0.507422
0.512452
0.51739
0.522219
0.526925
0.531498
0.535927
0.540203
0.544255
0.217516
0.118864
0.146346
0.0710572
0.0504815
0.0958341
0.285963
0.120632
0.270167
0.0869318
0.0724005
0.248292
0.31825
0.105744
0.318172
0.0871101
0.080171
0.310473
0.327703
0.0939273
0.332735
0.082203
0.0794777
0.333527
0.330505
0.0837173
0.337512
0.0753248
0.0747163
0.342388
0.333711
0.0749521
0.340705
0.0684587
0.0688635
0.34668
0.337895
0.0675969
0.344166
0.0623106
0.0631432
0.35001
0.342752
0.0613157
0.348287
0.0568906
0.0578851
0.353666
0.348146
0.055822
0.353077
0.0520679
0.0531107
0.357967
0.353997
0.0509462
0.358434
0.0477324
0.0487654
0.36289
0.36024
0.0465706
0.364268
0.0438
0.0447889
0.36835
0.366835
0.0426085
0.370519
0.0402062
0.0411311
0.374277
0.373752
0.0389923
0.377143
0.0368998
0.0377501
0.380619
0.38097
0.0356683
0.384111
0.0338393
0.0346107
0.387341
0.388475
0.0325931
0.391401
0.0309904
0.0316825
0.394415
0.396262
0.0297309
0.399001
0.0283241
0.0289391
0.401827
0.404334
0.0270522
0.406912
0.0258162
0.0263578
0.409572
0.412705
0.0245318
0.415143
0.0234455
0.0239185
0.417658
0.421399
0.0221478
0.423715
0.0211936
0.0216033
0.426104
0.430448
0.0198808
0.432661
0.019044
0.0193956
0.434939
0.439897
0.0177134
0.442021
0.0169815
0.0172804
0.444206
0.449802
0.0156293
0.451853
0.0149919
0.0152432
0.453959
0.460236
0.0136128
0.462227
0.0130615
0.0132701
0.464268
0.471285
0.0116481
0.473231
0.0111765
0.0113467
0.475223
0.483063
0.00971958
0.484978
0.00932333
0.00945918
0.486934
0.495699
0.00780923
0.497601
0.00748587
0.00759051
0.499541
0.509377
0.00589948
0.51128
0.00564926
0.00572563
0.513219
0.52429
0.0039652
0.526219
0.00379096
0.00384009
0.528183
0.540679
0.00198425
0.542654
0.00189289
0.00191581
0.544662
0.546324
0.5483
0.550305
0.0476844
0.0697721
0.0155719
0.0511212
-0.0012099
0.0384396
-0.0116494
0.0293892
-0.0168629
0.0239534
-0.0193862
0.0201711
-0.0206014
0.0173667
-0.0211369
0.0151024
-0.0212561
0.0130589
-0.0209769
0.0109441
-0.0200139
0.00846257
-0.0179861
0.00577198
-0.0155423
0.00456229
-0.0141222
0.00602865
-0.0136643
0.00788934
-0.0133505
0.00859381
-0.0128451
0.00856516
-0.0120443
0.00825928
-0.0109785
0.00806714
-0.00994611
0.00841943
-0.00929135
0.00928347
-0.00923568
0.0101991
-0.00973448
0.010406
-0.0104575
0.00919877
-0.0109831
0.00636314
-0.0109498
0.00222314
-0.0103516
-0.00218078
-0.00940142
-0.0057805
-0.00816281
-0.00818907
-0.00903683
0.207557
0.110604
0.172742
0.0859984
0.14339
0.067827
0.117711
0.0550889
0.0959673
0.0457075
0.0777312
0.038406
0.0625187
0.0325662
0.0498415
0.0277546
0.0392137
0.0236497
0.0300768
0.0200323
0.0216431
0.0168363
0.0132728
0.0140713
0.00605207
0.0117016
0.00200659
0.00998242
0.00107114
0.00872344
0.00169407
0.00786059
0.00269033
0.00745039
0.00363216
0.00719133
0.00477027
0.00679589
0.00649573
0.00655432
0.00863326
0.00700031
0.0105916
0.00808986
0.0120358
0.0088065
0.0131537
0.00792197
0.0144023
0.00495232
0.0159207
0.000539173
0.0175043
-0.00393228
0.0190674
-0.00751204
0.020713
-0.0100048
-0.0110658
0.291326
0.129867
0.267862
0.109538
0.244397
0.0913425
0.222327
0.0771931
0.202077
0.0659811
0.183693
0.0568022
0.16713
0.0491291
0.152269
0.0426025
0.138945
0.0369491
0.126951
0.0319892
0.116092
0.0276462
0.106202
0.023901
0.0970983
0.020733
0.0888691
0.0181288
0.0815182
0.0159813
0.0750552
0.014221
0.0696035
0.0127905
0.0651108
0.0115643
0.0612647
0.0105146
0.0578934
0.00979118
0.0552663
0.00948661
0.0539045
0.00930492
0.0541341
0.00842516
0.0559417
0.00595828
0.0588042
0.00192962
0.0616411
-0.00246144
0.0638646
-0.00632229
0.0656487
-0.0094644
0.0672337
-0.0117609
-0.0126792
0.328445
0.135087
0.317758
0.120325
0.304368
0.104802
0.289987
0.0916236
0.275552
0.0804511
0.261522
0.0708561
0.248141
0.0625217
0.235532
0.0552103
0.223728
0.048739
0.21271
0.0429812
0.202444
0.0378732
0.1929
0.0333938
0.184046
0.0295249
0.17588
0.0262201
0.168378
0.0233985
0.161525
0.0209795
0.155329
0.018882
0.149757
0.017023
0.144776
0.0153743
0.14049
0.0139488
0.137193
0.0126474
0.135229
0.0111271
0.134587
0.00891932
0.134618
0.00577411
0.134558
0.00183205
0.134309
-0.00237448
0.1341
-0.00627752
0.134042
-0.00957487
0.134291
-0.0121805
-0.0133909
0.345922
0.131712
0.344256
0.122115
0.339077
0.110072
0.331767
0.0989996
0.323266
0.089002
0.314188
0.0799688
0.304927
0.0718045
0.295726
0.0644206
0.286731
0.05773
0.27803
0.0516663
0.26968
0.0461943
0.261732
0.0412999
0.254237
0.0369661
0.247236
0.0331558
0.240749
0.0298085
0.234791
0.0268507
0.229374
0.0242024
0.224505
0.0217857
0.220224
0.0195401
0.216647
0.0174027
0.213928
0.0152355
0.212127
0.0127906
0.211092
0.00981101
0.210492
0.00622487
0.209965
0.00220449
0.209356
-0.00192428
0.208729
-0.00581457
0.208207
-0.00921958
0.207968
-0.0121121
-0.0135983
0.35431
0.12425
0.35795
0.118616
0.358334
0.109798
0.356387
0.101031
0.35282
0.092633
0.34815
0.0846856
0.342784
0.0772027
0.337003
0.0702205
0.330994
0.0637455
0.324904
0.0577506
0.318843
0.0522353
0.312909
0.0472005
0.307191
0.0426394
0.301762
0.0385278
0.29668
0.0348219
0.29199
0.0314613
0.287727
0.0283755
0.283923
0.0254908
0.280621
0.0227338
0.277888
0.0200195
0.275775
0.0172236
0.27425
0.0141826
0.273159
0.010763
0.272275
0.00696344
0.271377
0.00295094
0.270366
-0.00106945
0.269299
-0.00490918
0.268312
-0.00839697
0.26758
-0.0115503
-0.0133028
0.358877
0.115557
0.365135
0.112511
0.36885
0.106207
0.370494
0.0994866
0.37052
0.0926854
0.369303
0.0859618
0.367145
0.0794037
0.364296
0.0730983
0.360962
0.0670966
0.357299
0.0614178
0.353434
0.0560888
0.349484
0.0511256
0.345554
0.0465321
0.341735
0.042297
0.338105
0.0383919
0.334722
0.0347723
0.331635
0.0313815
0.328879
0.028155
0.326489
0.0250224
0.324494
0.0219036
0.322896
0.0187021
0.321636
0.0153162
0.320584
0.0116806
0.319587
0.00781889
0.31853
0.00385992
0.317372
-6.46896e-05
0.316149
-0.00384463
0.314955
-0.00736586
0.313925
-0.0106895
-0.0126199
0.362468
0.106927
0.369695
0.105444
0.375104
0.100933
0.378867
0.0958337
0.381223
0.0904201
0.382405
0.0848506
0.382605
0.0792562
0.382015
0.0737285
0.380835
0.0683071
0.379198
0.0630706
0.377207
0.0580744
0.374985
0.0533288
0.37264
0.0488462
0.370268
0.0446276
0.367948
0.0406596
0.365743
0.0369134
0.363704
0.0333474
0.361865
0.0299097
0.360251
0.0265419
0.358872
0.023179
0.357709
0.0197523
0.356704
0.0161998
0.355764
0.0124912
0.354793
0.00865301
0.353736
0.00477351
0.352567
0.00095435
0.351304
-0.00273793
0.350021
-0.00624429
0.348815
-0.00965028
-0.0116707
0.366269
0.0987944
0.373624
0.0982508
0.379709
0.0949879
0.384552
0.0911099
0.388254
0.0868175
0.39093
0.082254
0.392708
0.0775397
0.39374
0.0727464
0.394161
0.0679295
0.39406
0.0631911
0.393529
0.0585975
0.392685
0.0541558
0.391629
0.0498768
0.390449
0.045774
0.389217
0.0418479
0.387993
0.0380836
0.386821
0.0344533
0.385735
0.0309194
0.384753
0.0274377
0.383874
0.0239606
0.383079
0.0204414
0.38232
0.0168431
0.381535
0.0131524
0.380663
0.00939225
0.379676
0.00562149
0.378568
0.00191632
0.377354
-0.00167717
0.37608
-0.00512927
0.374808
-0.0085424
-0.0105849
0.370609
0.0912402
0.377742
0.0912789
0.383974
0.0888998
0.389273
0.0859356
0.393667
0.0825298
0.397212
0.0787965
0.399988
0.0748325
0.402097
0.0706989
0.403611
0.0664715
0.404598
0.0622255
0.405132
0.0580506
0.405309
0.0539605
0.405238
0.0499309
0.404983
0.0460055
0.404603
0.0421946
0.404148
0.0384933
0.40366
0.0348851
0.403166
0.0313455
0.402681
0.0278442
0.402202
0.0243489
0.401714
0.0208296
0.401183
0.0172646
0.400568
0.0136494
0.399831
0.0100022
0.398954
0.00636344
0.397943
0.00278477
0.396816
-0.000699508
0.3956
-0.00406904
0.394328
-0.00743219
-0.00944338
0.375518
0.0842311
0.382317
0.0846385
0.388457
0.0829042
0.393888
0.0806336
0.398603
0.0779279
0.402624
0.0748724
0.405996
0.0715432
0.408771
0.068004
0.41101
0.064305
0.412734
0.0605338
0.413984
0.0567888
0.414899
0.0530363
0.415566
0.04927
0.416006
0.045558
0.416269
0.0419108
0.416398
0.038329
0.416431
0.0348054
0.41639
0.0313263
0.41629
0.0278736
0.416129
0.0244273
0.415896
0.0209693
0.415569
0.0174881
0.415122
0.0139835
0.414532
0.0104699
0.41379
0.00697517
0.412903
0.00353369
0.411885
0.000172676
0.410754
-0.0030901
0.409524
-0.00636152
-0.00830671
0.380951
0.0777098
0.387397
0.0783482
0.39335
0.0770951
0.398756
0.0753597
0.40359
0.0732122
0.407853
0.0707152
0.411564
0.0679286
0.414753
0.0649079
0.417458
0.0616876
0.419654
0.0583787
0.421404
0.0550298
0.422869
0.0515823
0.424085
0.0480851
0.425043
0.0446065
0.425787
0.0411572
0.426357
0.0377344
0.426786
0.0343391
0.427093
0.0309674
0.427293
0.0276109
0.427385
0.0242592
0.427365
0.0209029
0.427219
0.0175371
0.426931
0.0141643
0.426488
0.0107963
0.425885
0.0074528
0.425127
0.0041578
0.424226
0.000932511
0.423192
-0.00220513
0.42203
-0.00535552
-0.00721217
0.386857
0.0716201
0.392961
0.0723954
0.398694
0.071505
0.404
0.0701863
0.408846
0.0684873
0.413219
0.0664524
0.417121
0.0641276
0.420564
0.0615573
0.423552
0.0587849
0.426087
0.0558813
0.428245
0.0528689
0.430124
0.0497264
0.431731
0.0465112
0.433073
0.0432791
0.434186
0.0400427
0.435098
0.0368063
0.435837
0.0335701
0.436423
0.030339
0.436864
0.0271126
0.437168
0.0238873
0.43733
0.0206598
0.437346
0.0174298
0.437207
0.0142022
0.436905
0.0109871
0.436438
0.00779976
0.435809
0.0046581
0.435025
0.00157869
0.434095
-0.00141969
0.433015
-0.00442839
-0.00618241
0.393191
0.0659122
0.398976
0.0667578
0.40448
0.0661407
0.409652
0.0651469
0.414453
0.0638081
0.418862
0.062155
0.422868
0.0602219
0.42647
0.058044
0.429669
0.055659
0.432477
0.0531075
0.43496
0.0503999
0.437157
0.0475568
0.439049
0.044648
0.440666
0.0416778
0.442063
0.0386503
0.443256
0.0356059
0.444257
0.0325484
0.445077
0.0294824
0.445728
0.0264113
0.446217
0.0233354
0.446547
0.0202559
0.446715
0.0171764
0.446718
0.0141035
0.446552
0.011047
0.446217
0.00801995
0.445714
0.00503683
0.445049
0.00211169
0.444224
-0.000736035
0.443235
-0.00358815
-0.00523133
0.399922
0.0605421
0.405413
0.0614105
0.410693
0.0609975
0.415714
0.0602555
0.420439
0.0592046
0.424841
0.0578648
0.428903
0.0562603
0.432617
0.0544171
0.435983
0.0523631
0.439012
0.0501262
0.441732
0.0477136
0.444145
0.0451766
0.446268
0.042552
0.448131
0.039834
0.449753
0.0370394
0.451186
0.0341792
0.452425
0.0313003
0.453454
0.0284216
0.454294
0.0255254
0.454956
0.0226157
0.455444
0.0196983
0.45576
0.0167803
0.455904
0.0138701
0.455873
0.0109779
0.455668
0.00811541
0.45529
0.00529584
0.454742
0.00253217
0.454025
-0.000156134
0.453134
-0.00284081
-0.00436855
0.407031
0.0554705
0.412252
0.0563278
0.417318
0.0560652
0.422185
0.0555166
0.426816
0.0546937
0.431184
0.0536087
0.435267
0.0522777
0.439055
0.0507191
0.44254
0.0489526
0.445728
0.0469994
0.44861
0.0448791
0.451207
0.0426181
0.453554
0.0402347
0.455628
0.0377781
0.457465
0.0352232
0.459122
0.032549
0.460557
0.0298598
0.461763
0.0271761
0.462776
0.0244657
0.463604
0.0217329
0.46425
0.0189883
0.464715
0.016241
0.465
0.0135009
0.465105
0.0107786
0.465031
0.0080857
0.464778
0.00543493
0.464349
0.00283921
0.463744
0.00031748
0.462955
-0.00219218
-0.00360207
0.414507
0.0506627
0.419485
0.0514849
0.424351
0.0513307
0.429065
0.0509287
0.433593
0.0502848
0.437908
0.0494053
0.441987
0.0483008
0.445815
0.0469834
0.449381
0.0454674
0.45268
0.0437694
0.455708
0.041908
0.458484
0.0398872
0.460999
0.0377521
0.463252
0.0355397
0.465306
0.0331983
0.467154
0.0307466
0.468749
0.028263
0.470118
0.025766
0.471297
0.0232434
0.472287
0.0206933
0.473088
0.0181283
0.473702
0.0155587
0.47413
0.0129949
0.474373
0.010448
0.474432
0.00792973
0.474306
0.00545279
0.473998
0.00303038
0.473507
0.00068149
0.472827
-0.00164725
-0.00293843
0.422357
0.0460874
0.427116
0.046858
0.431795
0.0467794
0.436362
0.0464867
0.440784
0.0459816
0.445034
0.0452669
0.449091
0.0443485
0.452936
0.0432341
0.456555
0.0419337
0.459941
0.0404593
0.463089
0.0388244
0.465988
0.0370414
0.468638
0.0351443
0.47108
0.0331263
0.473321
0.0309981
0.475318
0.0287978
0.477064
0.0265269
0.478598
0.0242102
0.479942
0.0218677
0.481089
0.0195043
0.482042
0.0171243
0.482802
0.0147376
0.483371
0.012355
0.483751
0.00998791
0.483941
0.0076485
0.483943
0.00534968
0.483757
0.00310504
0.483384
0.000933612
0.482816
-0.00121023
-0.00238303
0.430597
0.0417163
0.435159
0.0424243
0.439669
0.0423959
0.444096
0.0421827
0.448412
0.0417841
0.452592
0.0412001
0.456613
0.0404337
0.460457
0.0394894
0.464107
0.0383738
0.467552
0.0370958
0.470782
0.0356666
0.473786
0.0341007
0.476585
0.0323994
0.479185
0.0305736
0.481555
0.0286774
0.483686
0.0267086
0.48558
0.0246501
0.48726
0.0225262
0.488757
0.0203498
0.490064
0.0181643
0.491166
0.0159795
0.49207
0.0137815
0.492778
0.0115845
0.493292
0.00940121
0.493612
0.00724444
0.49374
0.00512755
0.493675
0.00306439
0.493419
0.00107384
0.492966
-0.000882638
-0.0019383
0.439252
0.0375229
0.443642
0.0381616
0.447999
0.0381637
0.452297
0.0380068
0.456512
0.0376885
0.460619
0.0372075
0.464597
0.0365646
0.468426
0.035762
0.472092
0.0348038
0.475579
0.0336962
0.478877
0.0324474
0.481981
0.0310677
0.484892
0.0295508
0.487583
0.0279356
0.490052
0.0262556
0.492318
0.0244822
0.494364
0.0226301
0.496198
0.0206995
0.497836
0.0186987
0.499276
0.0166994
0.500517
0.0147068
0.501558
0.0126979
0.502401
0.0106886
0.503045
0.0086922
0.503491
0.00672175
0.503741
0.0047904
0.503795
0.00291193
0.503654
0.00110477
0.503314
-0.000663217
-0.00160411
0.448365
0.0334823
0.452604
0.0340481
0.456826
0.0340658
0.461009
0.033947
0.465128
0.0336885
0.469164
0.0332879
0.473095
0.0327449
0.476904
0.0320601
0.480572
0.0312359
0.484085
0.0302761
0.487432
0.0291864
0.490604
0.0279731
0.493581
0.0266415
0.496352
0.0252221
0.498935
0.0237201
0.501328
0.02213
0.503517
0.0204737
0.505494
0.0187383
0.507247
0.016943
0.508798
0.0151334
0.510164
0.0133183
0.511331
0.0114978
0.512298
0.00967788
0.513063
0.00787082
0.513627
0.00608941
0.513991
0.00434616
0.514156
0.00265445
0.514125
0.00103204
0.513894
-0.000547419
-0.00137586
0.457988
0.0295707
0.462099
0.0300622
0.466205
0.0300844
0.470286
0.0299898
0.474321
0.029775
0.47829
0.0294371
0.482175
0.028975
0.485957
0.0283885
0.48962
0.0276786
0.493148
0.026848
0.496526
0.0259007
0.499742
0.0248424
0.502778
0.0236799
0.505637
0.0224244
0.508315
0.0210879
0.510802
0.0196824
0.513102
0.0182109
0.51519
0.0166768
0.517049
0.0150952
0.518702
0.0134771
0.520177
0.0118305
0.521461
0.0101895
0.522539
0.00856624
0.523411
0.00695189
0.524079
0.0053618
0.524543
0.00380837
0.524807
0.00230446
0.524874
0.000867068
0.524742
-0.000525106
-0.0012449
0.468193
0.0257648
0.472198
0.0261823
0.476208
0.0262012
0.480202
0.0261207
0.484164
0.0259374
0.488074
0.0256486
0.491915
0.0252527
0.49567
0.024749
0.499322
0.0241377
0.502857
0.0234207
0.506258
0.0226011
0.509513
0.0216835
0.51261
0.0206739
0.515522
0.019582
0.518243
0.018406
0.520802
0.0171692
0.523188
0.0158824
0.52537
0.0145382
0.527336
0.0131583
0.529095
0.0117317
0.530658
0.0102642
0.532026
0.00881013
0.533194
0.00737723
0.534154
0.00595417
0.534907
0.00455613
0.535455
0.00319366
0.535801
0.00187831
0.535949
0.000625945
0.535899
-0.000580176
-0.00119352
0.479067
0.0220409
0.482991
0.0223861
0.486924
0.0223965
0.49085
0.0223232
0.494752
0.0221631
0.498612
0.0219136
0.502416
0.0215732
0.506145
0.0211408
0.509784
0.0206165
0.513318
0.0200013
0.516733
0.0192981
0.520014
0.0185112
0.523148
0.0176486
0.526096
0.0167108
0.528853
0.0156831
0.531464
0.0146134
0.533912
0.01351
0.536163
0.0123461
0.538213
0.011151
0.540056
0.00991562
0.541677
0.00865637
0.54311
0.00738833
0.544355
0.00612813
0.545379
0.0048998
0.54619
0.00369651
0.546795
0.00252601
0.547198
0.00139936
0.547404
0.000331283
0.547414
-0.0006912
-0.00120317
0.490725
0.0183745
0.494592
0.0186503
0.498471
0.0186496
0.502347
0.0185795
0.506204
0.0184375
0.510028
0.0182213
0.513801
0.0179295
0.517509
0.0175611
0.521135
0.0171159
0.524664
0.0165948
0.528081
0.0159998
0.531373
0.0153341
0.534528
0.0146031
0.537517
0.0137909
0.540309
0.0129212
0.542932
0.0120401
0.545404
0.0111095
0.547692
0.0101192
0.549786
0.00910306
0.551657
0.00806947
0.553342
0.00700853
0.554867
0.00591892
0.55615
0.0048491
0.557184
0.00381932
0.558014
0.00281331
0.558643
0.00183565
0.559072
0.000898342
0.559304
1.39726e-05
0.559342
-0.000826011
-0.00123697
0.503305
0.0147393
0.507142
0.014949
0.510992
0.0149372
0.51484
0.0148694
0.518672
0.0147437
0.522472
0.0145583
0.526227
0.014312
0.529919
0.0140042
0.533534
0.0136346
0.537057
0.0132038
0.540472
0.0127129
0.543768
0.0121628
0.546935
0.0115534
0.54993
0.0108747
0.552707
0.0101825
0.55533
0.00947767
0.557819
0.00870437
0.560117
0.00789053
0.562212
0.00705704
0.56409
0.00620932
0.565816
0.00533404
0.567375
0.0044545
0.568641
0.00359471
0.569647
0.00275782
0.570459
0.00195007
0.571071
0.00116594
0.571484
0.00041794
0.571702
-0.000284417
0.571729
-0.000945847
-0.00126355
0.516989
0.0111057
0.520826
0.0112541
0.524674
0.0112335
0.528519
0.0111701
0.532346
0.0110625
0.536141
0.0109093
0.539889
0.0107098
0.543574
0.0104636
0.547181
0.0101707
0.550695
0.00983182
0.554101
0.00944789
0.557386
0.00901996
0.560536
0.00854759
0.563488
0.00803087
0.566235
0.00749789
0.568864
0.00693626
0.571349
0.00632821
0.573627
0.00569955
0.575695
0.00505469
0.577553
0.00439566
0.579226
0.00372724
0.580707
0.00306059
0.581916
0.00240833
0.582867
0.00177747
0.583617
0.00116523
0.584164
0.000573422
0.58451
1.20648e-05
0.584662
-0.000509866
0.584622
-0.000994905
-0.00121778
0.531994
0.00743971
0.535869
0.0075316
0.539748
0.00750852
0.543618
0.00745567
0.547465
0.00737217
0.551273
0.00725738
0.555027
0.00711101
0.558712
0.00693299
0.562312
0.00672366
0.565811
0.00648412
0.569192
0.00621635
0.572439
0.00592352
0.575532
0.0056088
0.578449
0.00524708
0.581193
0.00485245
0.583783
0.00444975
0.586191
0.00402953
0.588388
0.00359779
0.590371
0.00315459
0.59214
0.00270285
0.593696
0.00224811
0.595031
0.00178871
0.596109
0.00135381
0.596949
0.000934188
0.597583
0.000513884
0.598007
0.000116401
0.598227
-0.00025853
0.59825
-0.000601726
0.598085
-0.000914875
-0.0010501
0.548559
0.00370032
0.552509
0.00374634
0.556454
0.00373058
0.560381
0.00369834
0.564272
0.00365022
0.568113
0.00358605
0.571887
0.00350564
0.575577
0.00340902
0.579167
0.00329664
0.582639
0.0031696
0.585976
0.00303015
0.589162
0.00288277
0.592198
0.00273168
0.595084
0.00252956
0.597767
0.00230112
0.600227
0.00209221
0.602482
0.0018757
0.604523
0.001653
0.606344
0.00142428
0.60794
0.0011912
0.609308
0.000956035
0.610433
0.000722075
0.611314
0.000504505
0.611968
0.000289208
0.612401
7.45495e-05
0.612614
-0.000122127
0.612616
-0.000305588
0.612421
-0.000469601
0.612035
-0.000611819
-0.000648256
0.554175
0.558099
0.562009
0.565889
0.569721
0.573489
0.577175
0.58076
0.584227
0.587559
0.590737
0.593747
0.596636
0.599365
0.601806
0.603985
0.605956
0.607706
0.609224
0.610504
0.611537
0.612321
0.612868
0.613176
0.61325
0.613106
0.612759
0.612228
0.611535
)
;

boundaryField
{
    inlet
    {
        type            calculated;
        value           nonuniform List<scalar> 
45
(
-0.2
-0.2
-0.2
-0.2
-0.2
-0.2
-0.2
-0.2
-0.2
-0.2
-0.2
-0.2
-0.2
-0.2
-0.2
-0.20766
-0.212683
-0.217828
-0.223097
-0.228493
-0.23402
-0.239681
-0.245479
-0.251417
-0.257499
-0.263728
-0.270107
-0.276641
-0.283333
-0.290186
-0.297206
-0.304395
-0.311758
-0.3193
-0.327023
-0.334934
-0.343036
-0.351334
-0.359832
-0.368536
-0.377451
-0.386582
-0.395933
-0.40551
-0.415319
)
;
    }
    outlet
    {
        type            calculated;
        value           nonuniform List<scalar> 
45
(
0.036053
0.0268132
0.00798723
-0.00540336
-0.0177909
-0.0278245
-0.0355229
-0.041213
-0.0450794
-0.0471992
-0.0475549
-0.0460007
-0.0422029
-0.0354857
-0.0244602
-0.00680165
0.0225678
0.0686731
0.134829
0.208002
0.267112
0.313071
0.347696
0.373554
0.39302
0.408224
0.420774
0.431828
0.442129
0.45212
0.462041
0.47202
0.482122
0.492388
0.502851
0.513541
0.52449
0.535731
0.547311
0.559266
0.571649
0.584472
0.597816
0.611533
0.610786
)
;
    }
    flap
    {
        type            calculated;
        value           nonuniform List<scalar> 
33
(
0
0
0
0
1.0842e-19
1.0842e-19
1.0842e-19
0
5.42101e-20
1.35525e-20
1.0842e-19
2.1684e-19
-2.1684e-19
0
4.33681e-19
2.1684e-19
-2.71051e-20
-2.98156e-19
0
0
0
0
5.42101e-20
1.0842e-19
0
0
0
0
0
-2.1684e-19
0
0
-4.33681e-19
)
;
    }
    upperWall
    {
        type            calculated;
        value           nonuniform List<scalar> 
63
(
0
0
0
0
0
0
-1.21159e-15
0
0
-1.10071e-15
-1.06707e-15
0
0
0
0
0
-8.91068e-16
0
0
0
7.92503e-16
0
0
7.2636e-16
0
0
0
0
0
0
0
0
0
0
0
0
0
0
0
0
0
0
0
0
0
0
0
0
0
0
0
0
-4.13312e-16
4.19349e-16
0
0
0
0
0
0
0
0
0
)
;
    }
    lowerWall
    {
        type            calculated;
        value           uniform 0;
    }
    frontAndBack
    {
        type            empty;
        value           nonuniform 0();
    }
}


// ************************************************************************* //
