/*--------------------------------*- C++ -*----------------------------------*\
| =========                 |                                                 |
| \\      /  F ield         | OpenFOAM: The Open Source CFD Toolbox           |
|  \\    /   O peration     | Version:  dev                                   |
|   \\  /    A nd           | Web:      www.OpenFOAM.org                      |
|    \\/     M anipulation  |                                                 |
\*---------------------------------------------------------------------------*/
FoamFile
{
    version     2.0;
    format      ascii;
    class       volVectorField;
    location    "2.37";
    object      U;
}
// * * * * * * * * * * * * * * * * * * * * * * * * * * * * * * * * * * * * * //

dimensions      [0 1 -1 0 0 0 0];

internalField   nonuniform List<vector> 
2790
(
(9.93994 4.64884e-20 0.018368)
(9.86841 0 0.025222)
(9.77207 -3.1663e-21 0.029573)
(9.6602 9.93913e-21 0.0340116)
(9.53729 -6.91325e-21 0.0385195)
(9.40381 -2.90347e-20 0.0430423)
(9.25938 -1.528e-20 0.0477237)
(9.10358 -6.42329e-23 0.0527154)
(8.9359 0 0.058128)
(8.75576 0 0.0640518)
(8.56239 0 0.0705878)
(8.35482 0 0.0778665)
(8.13189 4.59092e-20 0.0860417)
(7.89227 -4.23006e-20 0.0952817)
(7.6344 0 0.105772)
(7.35657 1.00963e-19 0.117724)
(7.05687 1.71523e-21 0.131376)
(6.73323 -1.03537e-19 0.146993)
(6.38342 1.10996e-19 0.164877)
(6.00509 -2.31565e-19 0.18537)
(5.59581 1.81529e-19 0.208844)
(5.15312 2.58516e-19 0.23567)
(4.67469 -5.37722e-19 0.26624)
(4.15848 2.7913e-19 0.300964)
(3.60284 7.39635e-19 0.340256)
(3.00667 -1.22178e-18 0.384401)
(2.3697 6.26103e-19 0.433255)
(1.6932 0 0.485115)
(0.970277 0 0.534114)
(0.415107 -1.03363e-18 0.478168)
(10.0055 -1.39219e-19 0.0356037)
(9.99541 0 0.0506463)
(9.96197 0 0.0609353)
(9.91092 0 0.0719115)
(9.84575 0 0.0835076)
(9.76713 5.77207e-20 0.0955174)
(9.67499 3.01687e-20 0.108228)
(9.56908 4.77285e-20 0.121975)
(9.44905 1.39723e-22 0.137015)
(9.31443 7.00338e-20 0.15357)
(9.16454 -9.07899e-20 0.171888)
(8.9985 0 0.192286)
(8.81525 -5.0222e-21 0.215131)
(8.61355 0 0.240833)
(8.39192 -2.76482e-21 0.269841)
(8.14871 -1.81988e-19 0.302652)
(7.88205 -3.36162e-21 0.339819)
(7.58986 2.04039e-19 0.381933)
(7.26984 -5.39895e-20 0.429616)
(6.9195 0 0.483552)
(6.53617 -1.79011e-19 0.544402)
(6.11695 0 0.612711)
(5.65879 1.31072e-19 0.688865)
(5.15848 -9.72423e-19 0.773042)
(4.6126 9.93126e-19 0.865117)
(4.01714 0 0.964431)
(3.36645 0 1.06934)
(2.65119 0 1.1771)
(1.82611 3.09669e-19 1.29391)
(1.06669 -3.69969e-18 1.42102)
(10.0029 9.85029e-20 0.035213)
(9.99045 -6.01734e-21 0.0565755)
(9.95966 0 0.0736982)
(9.91377 0 0.0917509)
(9.85488 -2.76733e-20 0.110909)
(9.78364 -2.89784e-20 0.130986)
(9.70017 6.06805e-20 0.152341)
(9.60432 -6.26084e-20 0.175436)
(9.49584 -6.55291e-20 0.200665)
(9.37435 -6.89886e-20 0.228392)
(9.2393 1.81785e-20 0.259029)
(9.08995 0 0.293089)
(8.92538 -1.99383e-20 0.331174)
(8.74453 0 0.373956)
(8.54613 -3.51771e-19 0.422179)
(8.32874 -1.75191e-20 0.476678)
(8.09074 3.60326e-19 0.538404)
(7.8303 0 0.608394)
(7.54524 -3.77714e-19 0.687734)
(7.23321 1.23796e-18 0.777643)
(6.89167 -8.14345e-19 0.879432)
(6.51747 0 0.994304)
(6.10696 -3.8546e-19 1.1233)
(5.6558 -2.30118e-18 1.26726)
(5.15853 2.21384e-18 1.42679)
(4.60759 -2.86468e-19 1.60249)
(3.99145 0 1.79538)
(3.29216 -5.96361e-19 2.00843)
(2.46111 -3.00167e-19 2.25365)
(1.51848 5.88023e-18 2.62782)
(10.0011 -1.90456e-19 0.0370495)
(9.98607 6.00367e-21 0.0664443)
(9.95496 -7.52797e-20 0.0918623)
(9.91022 -2.62462e-20 0.117375)
(9.85284 0 0.143831)
(9.78326 0 0.171385)
(9.70188 0 0.200516)
(9.60871 1.1034e-22 0.231819)
(9.50363 -3.28766e-20 0.265848)
(9.38642 6.896e-20 0.303118)
(9.25665 1.45508e-19 0.344205)
(9.11377 1.9246e-21 0.389808)
(8.95707 -1.18022e-19 0.440738)
(8.78574 3.35195e-19 0.497901)
(8.59879 -3.463e-19 0.562298)
(8.39515 0 0.635049)
(8.17357 2.4024e-20 0.717453)
(7.93278 8.11256e-19 0.811014)
(7.67101 1.43456e-20 0.91731)
(7.38623 2.35864e-19 1.03807)
(7.07651 1.58991e-20 1.17536)
(6.73913 2.90473e-18 1.33135)
(6.37056 -3.52323e-18 1.50823)
(5.9663 -3.29889e-20 1.70826)
(5.52012 2.14959e-18 1.93398)
(5.02302 2.80345e-19 2.18875)
(4.46171 4.56557e-18 2.47819)
(3.815 -8.58144e-18 2.81479)
(3.08252 4.79302e-18 3.18718)
(1.99595 -4.97067e-18 3.84446)
(10.0002 3.57125e-19 0.040454)
(9.98355 1.19751e-20 0.0765418)
(9.95203 -1.00038e-19 0.109015)
(9.90812 0 0.141033)
(9.85203 -1.09621e-19 0.17406)
(9.78395 0 0.208589)
(9.7044 1.19874e-19 0.245138)
(9.6135 6.28179e-20 0.284366)
(9.51121 6.57174e-20 0.326942)
(9.39735 -1.86117e-22 0.37351)
(9.27153 0 0.424774)
(9.13333 0 0.481566)
(8.98219 -1.97231e-20 0.544842)
(8.81751 3.11687e-19 0.615688)
(8.63859 -3.43056e-19 0.695291)
(8.44464 0 0.784976)
(8.23474 0 0.886286)
(8.00807 0 1.0011)
(7.76354 0 1.13148)
(7.49949 8.73614e-19 1.27961)
(7.21442 -2.72384e-18 1.44813)
(6.90654 -1.87185e-18 1.64019)
(6.57302 -1.97828e-18 1.85925)
(6.2101 -2.84745e-20 2.10928)
(5.81219 2.07727e-18 2.39509)
(5.37144 -5.29062e-19 2.72318)
(4.87741 0 3.10209)
(4.30211 2.65822e-19 3.55497)
(3.74067 -2.68294e-19 4.00787)
(2.53352 0 4.92405)
(9.99969 -1.18635e-20 0.0446489)
(9.98212 2.268e-19 0.0867126)
(9.95055 1.75151e-19 0.125794)
(9.9075 0 0.164295)
(9.8528 1.09432e-19 0.203948)
(9.78652 -1.14715e-19 0.245462)
(9.70917 -5.48523e-22 0.289364)
(9.62091 0 0.336361)
(9.52177 0 0.387238)
(9.41157 -1.365e-19 0.442774)
(9.29 0 0.503799)
(9.15668 7.44784e-20 0.571243)
(9.01117 3.1433e-19 0.64617)
(8.85308 -3.44787e-19 0.729813)
(8.68194 -6.88117e-19 0.823531)
(8.49718 1.42931e-18 0.928831)
(8.29812 -7.64831e-19 1.04744)
(8.08415 4.85561e-20 1.18147)
(7.85489 0 1.33343)
(7.60929 -1.12067e-21 1.50601)
(7.34616 -1.09857e-19 1.7023)
(7.0645 -1.62188e-18 1.92622)
(6.76253 3.32761e-18 2.18244)
(6.43785 -2.19654e-19 2.47655)
(6.08635 1.78856e-18 2.81515)
(5.70269 2.91754e-19 3.20728)
(5.2831 -4.34207e-18 3.66162)
(4.78226 -1.94681e-19 4.21489)
(4.42197 2.39157e-19 4.69533)
(3.11246 8.58657e-18 5.81728)
(9.99941 1.82508e-19 0.0492609)
(9.98146 -2.14505e-19 0.096938)
(9.95019 2.48696e-20 0.142257)
(9.90808 5.22134e-20 0.187065)
(9.85485 2.72384e-19 0.233126)
(9.79055 -1.13444e-19 0.281313)
(9.71561 0 0.332221)
(9.63024 1.23994e-19 0.38662)
(9.53453 -1.29516e-19 0.445402)
(9.42837 -2.04635e-19 0.509477)
(9.31155 2.81795e-19 0.57979)
(9.18377 -3.71806e-19 0.657364)
(9.04461 3.84408e-19 0.743329)
(8.89384 7.30757e-19 0.839009)
(8.73125 -6.70231e-19 0.945923)
(8.55641 0 1.06576)
(8.36886 -7.05574e-19 1.20042)
(8.16812 -5.87222e-20 1.35212)
(7.95418 7.4296e-19 1.52366)
(7.72671 -1.0433e-19 1.7182)
(7.48506 1.08354e-19 1.93931)
(7.22883 -2.24442e-19 2.19147)
(6.95733 4.59131e-19 2.48026)
(6.66964 2.37799e-19 2.81256)
(6.36408 5.58652e-21 3.19644)
(6.03722 2.45011e-19 3.64236)
(5.69456 4.02111e-18 4.15589)
(5.26265 -3.82692e-18 4.79337)
(5.10283 -2.29976e-19 5.26206)
(3.70609 1.18903e-19 6.53521)
(9.99937 -3.53872e-19 0.0540498)
(9.98139 -1.18496e-20 0.107111)
(9.95063 0 0.158337)
(9.90964 -5.19846e-20 0.209219)
(9.85813 -5.42625e-20 0.26145)
(9.79612 1.13163e-19 0.316028)
(9.72397 0 0.373649)
(9.64189 -4.25139e-22 0.435137)
(9.55002 -1.22977e-21 0.501463)
(9.44836 2.67733e-19 0.573636)
(9.33679 0 0.652709)
(9.21514 -2.94594e-19 0.739818)
(9.08304 2.27351e-19 0.836155)
(8.94033 6.01603e-19 0.943073)
(8.787 -6.60958e-19 1.06221)
(8.62282 6.97441e-19 1.19545)
(8.44764 -7.28534e-19 1.34487)
(8.26108 0 1.51276)
(8.06328 4.9014e-20 1.70204)
(7.85457 1.67687e-18 1.91625)
(7.63491 -8.49259e-20 2.15939)
(7.40449 1.7144e-18 2.43643)
(7.16361 -3.32504e-19 2.75354)
(6.91264 0 3.11833)
(6.6527 3.93604e-18 3.54007)
(6.38144 -3.64788e-18 4.0302)
(6.1149 5.71375e-20 4.5881)
(5.7438 0 5.29614)
(5.76752 0 5.73262)
(4.29684 -1.16205e-19 7.11368)
(9.9995 -2.27248e-20 0.0588496)
(9.98175 2.35977e-20 0.11712)
(9.95175 0 0.173956)
(9.91218 -1.03468e-19 0.230628)
(9.86276 1.07566e-19 0.288747)
(9.80346 -1.12521e-19 0.349417)
(9.73453 -3.51568e-19 0.413437)
(9.65618 1.02164e-21 0.481683)
(9.5686 -3.82723e-19 0.555168)
(9.47189 2.67864e-19 0.634975)
(9.36601 -4.15268e-19 0.722255)
(9.25089 1.44416e-19 0.818246)
(9.12641 7.52137e-20 0.924221)
(8.99244 0 1.04155)
(8.84899 0 1.17193)
(8.6961 0 1.31737)
(8.53403 -1.46723e-18 1.48015)
(8.36255 1.43721e-18 1.66268)
(8.18186 1.52905e-18 1.86788)
(7.99282 -3.93886e-20 2.09952)
(7.79597 -1.50914e-18 2.362)
(7.59215 0 2.66065)
(7.38258 1.20161e-19 3.00202)
(7.16879 -3.43828e-18 3.39419)
(6.95383 -4.90443e-20 3.84694)
(6.73605 3.42793e-18 4.37292)
(6.5431 -3.29402e-18 4.96357)
(6.22529 3.21341e-18 5.73124)
(6.40907 0 6.13215)
(4.87756 0 7.59183)
(9.99969 0 0.0635585)
(9.98236 -3.7552e-19 0.126861)
(9.95334 0 0.189016)
(9.91542 2.0506e-19 0.251155)
(9.86834 -2.14048e-19 0.314848)
(9.812 -1.11098e-19 0.381297)
(9.74659 -1.167e-19 0.45139)
(9.67232 6.08465e-19 0.526037)
(9.58943 -2.52554e-19 0.60627)
(9.4981 0 0.693236)
(9.39836 6.90523e-19 0.788177)
(9.29019 -1.28892e-18 0.892374)
(9.17376 3.69756e-19 1.00716)
(9.04913 -1.54222e-19 1.134)
(8.91626 0 1.27459)
(8.77543 8.30742e-20 1.43102)
(8.62707 4.35105e-20 1.60568)
(8.47149 2.25301e-20 1.80119)
(8.309 4.59165e-20 2.02048)
(8.1405 5.99801e-21 2.26732)
(7.96725 1.56843e-18 2.54641)
(7.79081 1.59131e-18 2.86338)
(7.61317 -1.27987e-20 3.2251)
(7.43696 3.25695e-18 3.64001)
(7.26654 3.79672e-19 4.11783)
(7.10018 3.49384e-19 4.67292)
(6.97752 -3.10768e-18 5.28828)
(6.70803 0 6.10653)
(7.02702 0 6.48283)
(5.4501 0 8.00606)
(9.99987 2.25117e-20 0.0681338)
(9.98304 7.25e-19 0.136265)
(9.95514 0 0.203451)
(9.91899 -7.14696e-19 0.270737)
(9.87431 2.12982e-19 0.339676)
(9.82102 4.44911e-19 0.411557)
(9.75934 -1.15473e-19 0.487351)
(9.68948 2.42132e-19 0.567989)
(9.61173 -2.50316e-19 0.654521)
(9.52623 -2.62494e-19 0.748146)
(9.43311 1.35282e-19 0.850166)
(9.33253 0 0.961882)
(9.22471 1.47347e-19 1.08466)
(9.10987 7.65458e-19 1.22004)
(8.98817 -7.86389e-19 1.36978)
(8.86002 -8.22471e-20 1.53595)
(8.72588 1.35966e-18 1.72099)
(8.58671 -1.39074e-18 1.92769)
(8.44316 -4.52546e-20 2.15908)
(8.29603 -9.13761e-20 2.41889)
(8.14715 -1.86481e-19 2.71189)
(7.99872 3.06234e-18 3.04392)
(7.85354 -3.08504e-18 3.42214)
(7.71507 3.07407e-18 3.85533)
(7.58897 -3.07209e-18 4.35301)
(7.47264 2.55095e-18 4.93169)
(7.41711 -2.86765e-18 5.56713)
(7.19534 0 6.42792)
(7.62687 0 6.80312)
(6.02542 -3.99025e-18 8.39162)
(10.0001 0 0.0725487)
(9.98388 -7.44389e-19 0.145274)
(9.9573 0 0.217199)
(9.92313 4.0675e-19 0.289328)
(9.88098 -1.06121e-19 0.363192)
(9.83087 3.31318e-19 0.440135)
(9.77308 -2.30408e-19 0.521206)
(9.70786 2.38446e-19 0.607376)
(9.63551 -2.48076e-19 0.699716)
(9.55617 0 0.79946)
(9.47009 1.34736e-19 0.907933)
(9.37754 -5.60005e-19 1.02644)
(9.27881 -4.78741e-21 1.15639)
(9.17422 -5.01395e-21 1.29936)
(9.06414 6.19135e-19 1.45712)
(8.94913 0 1.63177)
(8.82982 0 1.82571)
(8.70744 0 2.04175)
(8.58307 -1.22523e-18 2.28312)
(8.45787 1.51074e-18 2.55355)
(8.33396 1.8286e-19 2.85776)
(8.21398 0 3.20157)
(8.10155 0 3.59244)
(8.00106 0 4.03947)
(7.91911 3.15853e-18 4.55216)
(7.8522 -6.81554e-18 5.14912)
(7.86142 2.63634e-18 5.80237)
(7.69278 0 6.69727)
(8.21973 -2.14677e-18 7.10582)
(6.62549 -1.19718e-18 8.78306)
(10.0004 -3.55469e-19 0.0767531)
(9.98494 7.40212e-19 0.153798)
(9.95989 0 0.230162)
(9.92794 1.01068e-19 0.306837)
(9.88853 -1.04946e-19 0.385307)
(9.84184 0 0.466937)
(9.78818 -2.28413e-19 0.552861)
(9.72777 -2.37716e-19 0.644103)
(9.66095 4.92419e-19 0.741745)
(9.58795 0 0.847035)
(9.50915 2.64295e-19 0.961305)
(9.42484 8.25728e-19 1.08586)
(9.33542 -2.83834e-19 1.22212)
(9.24143 1.46474e-19 1.37167)
(9.14331 -4.57322e-19 1.5363)
(9.04181 -6.32931e-19 1.71812)
(8.93785 1.1246e-18 1.91947)
(8.83263 1.32495e-18 2.14309)
(8.72764 -1.64796e-19 2.39228)
(8.62462 -2.74787e-18 2.67084)
(8.52601 1.39015e-18 2.98341)
(8.43463 2.44356e-18 3.33565)
(8.35495 -5.56286e-18 3.73515)
(8.29261 2.08102e-18 4.19145)
(8.25497 -6.76823e-19 4.71418)
(8.23821 1.29354e-18 5.32333)
(8.31078 0 5.99257)
(8.20784 2.06942e-18 6.91001)
(8.8208 1.41998e-20 7.39338)
(7.28385 -8.79103e-19 9.21181)
(10.0007 7.08137e-19 0.0807036)
(9.9861 -3.68617e-19 0.161772)
(9.9627 3.83543e-19 0.242261)
(9.93309 -2.99628e-19 0.323167)
(9.89665 -2.08818e-19 0.405903)
(9.85361 1.08421e-19 0.491836)
(9.80424 0 0.582198)
(9.7488 0 0.678067)
(9.68769 1.48163e-21 0.780502)
(9.62121 -1.09785e-22 0.890732)
(9.54986 -1.04868e-18 1.01011)
(9.47403 -1.669e-21 1.13994)
(9.39417 -5.59964e-19 1.28162)
(9.31099 4.34624e-19 1.43673)
(9.225 8.96999e-19 1.60706)
(9.13717 6.72905e-21 1.79467)
(9.04875 -2.66529e-18 2.00187)
(8.96093 1.59998e-18 2.23129)
(8.8755 1.30867e-18 2.48618)
(8.79469 -2.64915e-18 2.77031)
(8.7214 1.33555e-18 3.08828)
(8.65863 3.37587e-19 3.44554)
(8.61152 0 3.84948)
(8.58685 1.29053e-18 4.30987)
(8.59369 0 4.83676)
(8.62914 0 5.45031)
(8.76472 -2.06958e-18 6.1311)
(8.74791 3.86265e-18 7.05198)
(9.44623 0 7.64777)
(8.04669 8.01214e-19 9.70848)
(10.0011 -3.5266e-19 0.0843794)
(9.9873 0 0.169176)
(9.96552 -1.52816e-21 0.253472)
(9.93831 2.99238e-19 0.338268)
(9.90501 -3.10088e-19 0.424906)
(9.86573 0 0.514759)
(9.82071 -1.13129e-21 0.609148)
(9.77043 6.96669e-19 0.709184)
(9.71529 1.33747e-21 0.815888)
(9.65558 -7.51083e-19 0.930469)
(9.59187 7.74338e-19 1.05428)
(9.52473 2.67981e-19 1.18863)
(9.45459 2.76645e-19 1.33486)
(9.38232 -5.68835e-19 1.49455)
(9.30859 5.78527e-19 1.66945)
(9.23448 0 1.86151)
(9.16153 4.32231e-21 2.07299)
(9.09105 6.2454e-19 2.30645)
(9.02505 -1.57918e-18 2.56495)
(8.96614 0 2.85213)
(8.91757 0 3.17243)
(8.88315 -3.16353e-18 3.53118)
(8.86823 2.52241e-18 3.93515)
(8.87999 -6.18304e-19 4.39361)
(8.93058 2.27632e-18 4.917)
(9.01977 -1.08925e-19 5.52422)
(9.21843 -2.0395e-18 6.20525)
(9.31207 -1.80108e-18 7.09788)
(10.0998 1.27722e-18 7.81256)
(8.98132 7.19055e-19 10.3242)
(0.0272796 0 -0.0243758)
(0.0774138 0 -0.0443951)
(0.213857 3.90357e-20 -0.0438802)
(0.373894 -3.59313e-20 -0.0349184)
(0.51281 1.68237e-20 -0.0233303)
(0.614045 1.61581e-20 -0.0147084)
(0.683324 -8.33702e-21 -0.00984582)
(0.732979 -4.50607e-21 -0.00799183)
(0.774101 0 -0.0077019)
(0.811325 0 -0.00776029)
(0.845789 3.50559e-21 -0.00779177)
(0.877904 -3.50299e-21 -0.00750757)
(0.906237 0 -0.00627442)
(0.927846 1.41348e-21 -0.00385125)
(0.940439 -1.39232e-21 -0.00106764)
(0.945122 -5.05383e-21 0.000754599)
(0.945152 0 0.00182723)
(0.941326 0 0.00375708)
(0.930811 -4.23211e-21 0.00691529)
(0.911363 0 0.00953666)
(0.8858 3.84265e-21 0.00948601)
(0.86273 3.67154e-21 0.00593901)
(0.852275 0 -4.39423e-05)
(0.859849 -1.9324e-22 -0.00630284)
(0.885399 1.90698e-22 -0.0126757)
(0.929857 0 -0.0217958)
(0.997754 0 -0.034746)
(1.09389 4.44458e-23 -0.0493639)
(1.21938 -4.38071e-23 -0.0628548)
(1.40516 0 -0.071563)
(0.0211394 7.32968e-20 -0.0387432)
(0.039383 -4.49713e-20 -0.10246)
(0.182539 1.57336e-19 -0.121288)
(0.355617 0 -0.105584)
(0.515386 -1.68294e-20 -0.0783482)
(0.638366 3.21523e-20 -0.0558675)
(0.726133 -3.577e-20 -0.0417526)
(0.789503 -2.00628e-20 -0.034772)
(0.839092 1.66298e-20 -0.0319497)
(0.880522 0 -0.0303819)
(0.916203 -6.91727e-21 -0.0292328)
(0.947711 -6.39159e-21 -0.0278369)
(0.97509 0 -0.0242112)
(0.996481 0 -0.0174342)
(1.00996 0 -0.00985372)
(1.01617 5.02206e-21 -0.00533568)
(1.01851 0 -0.00335697)
(1.01943 -1.10694e-20 0.00136602)
(1.01448 6.36317e-21 0.0114305)
(0.994907 0 0.0216485)
(0.964075 -1.05484e-20 0.0244569)
(0.931531 -3.69329e-21 0.0167468)
(0.907624 -8.31087e-21 0.00195746)
(0.8915 4.1742e-22 -0.0126652)
(0.884946 3.48867e-22 -0.0250887)
(0.881087 4.88518e-21 -0.0375031)
(0.875622 0 -0.0532931)
(0.884914 9.07064e-23 -0.0765392)
(0.930101 -6.40204e-23 -0.109323)
(1.03644 -2.48905e-23 -0.146247)
(0.0142191 1.71391e-19 -0.0527858)
(-0.00630243 -2.232e-19 -0.156211)
(0.116669 7.52648e-20 -0.194121)
(0.267354 -1.43214e-19 -0.170123)
(0.409724 0 -0.128085)
(0.518378 0 -0.0930594)
(0.591693 0 -0.0707547)
(0.639523 0 -0.059118)
(0.671684 -1.57767e-20 -0.0536214)
(0.693387 0 -0.0496355)
(0.706957 0 -0.0467506)
(0.714063 1.32041e-20 -0.0448261)
(0.715964 0 -0.0398429)
(0.711884 0 -0.0286446)
(0.697881 -1.05125e-20 -0.0154452)
(0.674005 9.92028e-21 -0.00896085)
(0.640362 0 -0.0093446)
(0.600019 1.77443e-20 -0.00594768)
(0.552898 0 0.00879059)
(0.493129 1.96882e-21 0.0299154)
(0.411022 5.73353e-21 0.0463464)
(0.306612 -9.1033e-22 0.0510663)
(0.186258 1.41507e-20 0.0436852)
(0.0696538 8.49712e-22 0.0269055)
(0.0180336 0 0.00921401)
(0.0176973 -5.27115e-21 -0.0151165)
(0.0325109 0 -0.0631646)
(0.102317 0 -0.131257)
(0.205673 2.21654e-21 -0.203715)
(0.306693 7.97043e-22 -0.274618)
(0.0108958 2.46913e-19 -0.0700474)
(-0.0412985 -1.74967e-19 -0.203259)
(0.0578852 0 -0.252037)
(0.179471 0 -0.218726)
(0.292983 0 -0.164612)
(0.374948 0 -0.119862)
(0.421853 0 -0.0906612)
(0.442466 -4.68318e-20 -0.0748795)
(0.445279 8.12082e-20 -0.0668982)
(0.435297 0 -0.059548)
(0.415103 0 -0.052626)
(0.381252 -1.25629e-20 -0.0490417)
(0.337805 8.16825e-22 -0.0454767)
(0.294854 6.85162e-22 -0.0326357)
(0.219672 2.12325e-20 -0.00745065)
(0.114541 -9.91346e-21 0.0186442)
(-0.0422946 0 0.0390587)
(-0.217242 -1.31792e-20 0.052439)
(-0.351124 2.09329e-20 0.0732903)
(-0.433207 0 0.0979275)
(-0.497242 1.88521e-21 0.112545)
(-0.5523 -1.86032e-21 0.107435)
(-0.5922 -7.87899e-21 0.0795154)
(-0.607539 7.38031e-21 0.0322568)
(-0.588499 -5.92433e-21 -0.0252372)
(-0.53524 6.04068e-22 -0.087572)
(-0.461802 8.25778e-21 -0.152182)
(-0.391516 -6.69261e-23 -0.217206)
(-0.338612 -2.38251e-21 -0.27892)
(-0.315157 -7.99371e-22 -0.332206)
(0.0025675 3.99873e-19 -0.094539)
(-0.0751154 -8.58869e-20 -0.243975)
(0.00140469 1.50712e-19 -0.292971)
(0.0893533 -2.86309e-19 -0.248595)
(0.164582 2.78611e-19 -0.184166)
(0.208411 -1.42889e-19 -0.131577)
(0.216255 6.53256e-20 -0.0956247)
(0.196291 -8.48683e-20 -0.0738822)
(0.150703 0 -0.0622932)
(0.0888671 0 -0.0524428)
(0.0207003 0 -0.0361238)
(-0.104042 1.30591e-20 -0.014165)
(-0.263601 2.44151e-20 0.00351886)
(-0.437189 1.13605e-20 0.0308239)
(-0.561063 -2.03535e-20 0.0682766)
(-0.658301 4.74609e-21 0.100051)
(-0.760955 -2.29985e-20 0.113019)
(-0.870555 -2.1672e-20 0.111745)
(-0.961393 -1.22601e-20 0.11137)
(-1.02043 0 0.115909)
(-1.05022 -1.86534e-21 0.115076)
(-1.05499 1.63449e-20 0.0967508)
(-1.03922 1.6831e-21 0.0561631)
(-1.00897 -2.09633e-20 -0.00229454)
(-0.971731 5.88732e-21 -0.0682897)
(-0.927595 0 -0.133392)
(-0.885954 -1.67907e-20 -0.196266)
(-0.854432 0 -0.256229)
(-0.839724 0 -0.311543)
(-0.839463 0 -0.354706)
(-0.0204831 3.03626e-19 -0.128429)
(-0.119081 -2.55028e-19 -0.275063)
(-0.0632401 1.5523e-19 -0.314043)
(-0.0159479 0 -0.254557)
(0.00885258 0 -0.178281)
(-0.00133591 -1.36343e-19 -0.116292)
(-0.0562487 1.43338e-19 -0.06981)
(-0.146149 3.2858e-20 -0.0348279)
(-0.291116 -6.01953e-20 -0.00785975)
(-0.460963 6.05703e-20 0.0129084)
(-0.614304 -2.67705e-20 0.0372782)
(-0.729989 -4.01096e-22 0.0585659)
(-0.848084 -2.33181e-20 0.0728792)
(-0.967881 -1.04445e-20 0.0876895)
(-1.07395 3.04006e-20 0.111256)
(-1.16112 0 0.136483)
(-1.23763 1.81174e-20 0.148202)
(-1.30733 3.43472e-20 0.143551)
(-1.36304 -4.01854e-21 0.132329)
(-1.39693 -7.75994e-21 0.120178)
(-1.40648 1.29663e-20 0.102207)
(-1.39534 -1.62284e-20 0.0706242)
(-1.37157 0 0.0228323)
(-1.34387 1.27321e-20 -0.0370965)
(-1.31743 6.63968e-22 -0.102116)
(-1.29279 -6.56277e-22 -0.166056)
(-1.27449 8.18687e-21 -0.225909)
(-1.2666 0 -0.28091)
(-1.27155 3.35514e-21 -0.330167)
(-1.28006 1.07554e-21 -0.365917)
(-0.0674794 -2.06145e-19 -0.16614)
(-0.180883 3.41501e-19 -0.289429)
(-0.146514 -3.10835e-19 -0.306352)
(-0.15234 1.56538e-19 -0.22236)
(-0.198359 0 -0.126737)
(-0.294548 0 -0.0490447)
(-0.456652 0 0.0131768)
(-0.620382 3.02817e-20 0.0525648)
(-0.75763 -6.41425e-20 0.072483)
(-0.893195 2.82702e-20 0.0823053)
(-1.02005 5.26969e-20 0.0928698)
(-1.13447 -4.87061e-20 0.107605)
(-1.24158 0 0.121792)
(-1.3419 0 0.135369)
(-1.42998 1.95406e-20 0.151566)
(-1.5023 -1.851e-20 0.166626)
(-1.561 0 0.171115)
(-1.60924 -1.69824e-20 0.161558)
(-1.64591 -1.60749e-20 0.142934)
(-1.66752 3.08258e-20 0.119331)
(-1.67288 -1.30139e-20 0.0890239)
(-1.66534 -1.74642e-20 0.0483818)
(-1.65135 -9.78665e-21 -0.0032783)
(-1.63663 -1.35849e-20 -0.062902)
(-1.62375 -6.35258e-22 -0.125801)
(-1.61538 6.28096e-22 -0.187245)
(-1.61396 0 -0.243822)
(-1.62267 1.34378e-22 -0.294519)
(-1.64045 -3.47616e-21 -0.33849)
(-1.65391 -1.07681e-21 -0.368544)
(-0.13855 -6.35366e-19 -0.193028)
(-0.261176 1.74639e-19 -0.275128)
(-0.258419 0 -0.251039)
(-0.339756 0 -0.134726)
(-0.476609 0 -0.0227794)
(-0.653309 -1.52386e-19 0.0639861)
(-0.802383 1.46814e-19 0.107254)
(-0.947637 0 0.128978)
(-1.08234 0 0.140379)
(-1.208 2.6222e-20 0.146498)
(-1.32336 2.55515e-20 0.152087)
(-1.42761 -5.92341e-22 0.160005)
(-1.52211 2.13807e-20 0.168893)
(-1.60737 -1.10895e-20 0.177975)
(-1.68101 -2.9249e-20 0.187221)
(-1.74086 9.38733e-21 0.192974)
(-1.7883 8.85878e-21 0.189248)
(-1.82623 -1.6527e-20 0.173798)
(-1.85545 1.59673e-20 0.149272)
(-1.87492 -1.72072e-22 0.11825)
(-1.88455 -1.77485e-21 0.080396)
(-1.88682 3.70674e-21 0.034349)
(-1.88585 1.13616e-20 -0.0195762)
(-1.88515 4.10436e-22 -0.0787975)
(-1.88601 1.01702e-20 -0.139622)
(-1.89198 -8.59121e-21 -0.19836)
(-1.90478 0 -0.251875)
(-1.92682 -1.20189e-22 -0.298898)
(-1.95429 1.47153e-22 -0.338518)
(-1.97114 1.5472e-21 -0.364422)
(-0.227073 1.08179e-19 -0.18996)
(-0.354734 -3.43406e-19 -0.21587)
(-0.405891 5.12533e-19 -0.13941)
(-0.568237 -1.73118e-19 0.00128582)
(-0.752157 1.54029e-19 0.11043)
(-0.909519 -1.67921e-19 0.166386)
(-1.0619 0 0.196103)
(-1.20277 0 0.208458)
(-1.33036 -2.79405e-20 0.210976)
(-1.44535 8.16462e-20 0.209713)
(-1.54822 2.58262e-20 0.208757)
(-1.6397 -2.22914e-20 0.210007)
(-1.7213 -2.00013e-20 0.212821)
(-1.79347 9.74639e-21 0.216119)
(-1.85517 -9.61304e-21 0.218488)
(-1.90574 0 0.216518)
(-1.94669 8.50837e-21 0.206116)
(-1.98055 4.08975e-20 0.185771)
(-2.00871 -1.54872e-20 0.156914)
(-2.03125 -1.50089e-20 0.121203)
(-2.04858 -1.23144e-20 0.078905)
(-2.0624 2.50264e-20 0.0297727)
(-2.07523 1.22292e-20 -0.02538)
(-2.08909 1.14747e-20 -0.0841325)
(-2.10414 -1.01279e-20 -0.143215)
(-2.12357 2.47208e-20 -0.199631)
(-2.14933 1.24937e-20 -0.250711)
(-2.18295 0 -0.294874)
(-2.21845 -2.40684e-23 -0.331116)
(-2.23788 -1.55316e-21 -0.354021)
(-0.324157 -5.73096e-19 -0.139209)
(-0.453803 -1.86096e-19 -0.0997795)
(-0.572087 9.02632e-20 0.0247961)
(-0.76836 0 0.157307)
(-0.946332 0 0.232436)
(-1.11338 -1.26387e-19 0.273009)
(-1.26546 7.95566e-20 0.28872)
(-1.39987 6.60345e-20 0.288405)
(-1.51704 -2.91485e-20 0.279884)
(-1.61896 -5.19771e-20 0.269453)
(-1.70793 2.35263e-20 0.26103)
(-1.7859 4.42843e-20 0.255817)
(-1.85446 4.06749e-20 0.252864)
(-1.91447 -1.97805e-20 0.250568)
(-1.966 3.60148e-20 0.246956)
(-2.00939 0 0.239084)
(-2.0464 -1.68062e-20 0.223976)
(-2.07933 -1.60954e-20 0.200407)
(-2.10968 1.54051e-20 0.169015)
(-2.13807 0 0.130865)
(-2.16507 2.76386e-22 0.0864513)
(-2.19174 -1.15813e-20 0.0359964)
(-2.2194 -1.37245e-20 -0.0195547)
(-2.24875 2.05396e-20 -0.0779479)
(-2.27915 6.27992e-22 -0.136045)
(-2.31139 -9.40765e-22 -0.191019)
(-2.34936 -1.10915e-21 -0.240492)
(-2.39361 2.47246e-22 -0.282718)
(-2.4362 3.54063e-21 -0.316448)
(-2.45776 0 -0.33713)
(-0.405226 1.17774e-19 -0.0106783)
(-0.547059 1.9137e-19 0.095237)
(-0.700649 -9.52325e-20 0.210242)
(-0.908104 -1.72662e-19 0.307492)
(-1.10075 3.36034e-19 0.363121)
(-1.2723 -1.96111e-19 0.384462)
(-1.42064 6.42551e-20 0.381999)
(-1.54568 -5.5749e-21 0.365754)
(-1.64983 -5.68534e-20 0.344268)
(-1.73675 1.4606e-21 0.323867)
(-1.81018 -7.00874e-20 0.307863)
(-1.87335 0 0.296641)
(-1.92831 0 0.288662)
(-1.97632 0 0.281782)
(-2.01826 -2.71325e-20 0.273735)
(-2.05517 -8.5848e-21 0.262015)
(-2.08904 0 0.244338)
(-2.12218 -2.70817e-20 0.219536)
(-2.15624 -1.24874e-22 0.187644)
(-2.1921 -3.54207e-20 0.149211)
(-2.23011 -9.65436e-21 0.104719)
(-2.27056 0 0.0545236)
(-2.31407 -2.142e-20 -0.000550189)
(-2.36031 -2.24442e-20 -0.0586008)
(-2.40784 0 -0.116676)
(-2.45499 -2.93465e-20 -0.171746)
(-2.50484 -7.7726e-22 -0.2209)
(-2.55928 -9.95203e-23 -0.262163)
(-2.6085 -3.65894e-21 -0.294166)
(-2.63196 -8.41656e-24 -0.31316)
(-0.428458 -6.3458e-19 0.270179)
(-0.586418 4.31531e-19 0.309152)
(-0.789739 0 0.394642)
(-1.01963 0 0.470351)
(-1.22211 1.15665e-19 0.501661)
(-1.394 -1.16883e-19 0.498417)
(-1.53507 0 0.473231)
(-1.64697 0 0.437821)
(-1.73412 0 0.401534)
(-1.80242 0 0.370592)
(-1.85754 4.12883e-20 0.347548)
(-1.90409 0 0.331498)
(-1.94453 1.83985e-20 0.319791)
(-1.97994 -2.68861e-20 0.309763)
(-2.01153 4.20878e-20 0.299136)
(-2.041 0 0.28583)
(-2.07073 0 0.268014)
(-2.10338 3.45449e-20 0.244442)
(-2.14095 -3.7159e-21 0.214553)
(-2.18463 2.81749e-20 0.178249)
(-2.23452 5.28148e-20 0.135697)
(-2.29002 -1.47275e-21 0.087261)
(-2.35087 2.34966e-20 0.0336264)
(-2.41592 6.56351e-22 -0.0238364)
(-2.48249 0 -0.08275)
(-2.54802 1.39909e-20 -0.139784)
(-2.61229 -1.02844e-20 -0.191363)
(-2.67687 -5.7729e-21 -0.233859)
(-2.73265 -2.73746e-23 -0.264735)
(-2.75807 -6.75657e-24 -0.281784)
(-0.377838 1.37574e-19 0.639872)
(-0.611659 0 0.54067)
(-0.865416 -2.54907e-20 0.598967)
(-1.10901 1.2638e-19 0.646545)
(-1.31696 -1.28018e-19 0.646734)
(-1.48498 6.29094e-20 0.612063)
(-1.61377 -8.8753e-20 0.558555)
(-1.70699 0 0.500221)
(-1.77157 0 0.447456)
(-1.81638 -2.07726e-20 0.406205)
(-1.84975 -6.15544e-20 0.377719)
(-1.87747 0 0.358971)
(-1.90194 -8.72708e-21 0.34538)
(-1.9234 8.59614e-21 0.333751)
(-1.9426 -1.21132e-21 0.322297)
(-1.96169 -7.87746e-21 0.309646)
(-1.98379 7.77819e-21 0.294365)
(-2.01239 0 0.275015)
(-2.05027 -3.53724e-21 0.250333)
(-2.09915 3.49864e-21 0.219347)
(-2.15936 -2.60879e-20 0.181554)
(-2.22985 0 0.137058)
(-2.30909 0 0.0863392)
(-2.39459 -1.88249e-20 0.0301923)
(-2.48244 0 -0.0297409)
(-2.56839 1.23902e-20 -0.0903528)
(-2.65089 1.43242e-22 -0.146662)
(-2.72886 5.69208e-21 -0.192549)
(-2.79149 -1.58762e-23 -0.222963)
(-2.81898 -5.35122e-22 -0.236712)
(-0.201908 3.02813e-19 1.06185)
(-0.613501 -2.62185e-19 0.805522)
(-0.910824 -2.19414e-20 0.83984)
(-1.16873 1.21533e-19 0.847242)
(-1.3855 -1.40213e-19 0.802377)
(-1.54683 8.93449e-20 0.724328)
(-1.65704 2.70292e-20 0.634039)
(-1.72418 -4.26487e-20 0.547889)
(-1.75928 1.99921e-21 0.47694)
(-1.77507 1.83633e-20 0.426563)
(-1.7833 0 0.395803)
(-1.79087 -2.52481e-20 0.377704)
(-1.79859 8.42036e-21 0.36434)
(-1.80451 0 0.352251)
(-1.80819 -7.06771e-20 0.341065)
(-1.81194 3.88849e-21 0.330808)
(-1.81979 7.54718e-21 0.320668)
(-1.83641 -3.31406e-20 0.308973)
(-1.86585 1.75224e-21 0.293593)
(-1.91099 -1.7331e-21 0.272382)
(-1.97315 0 0.243666)
(-2.05187 0 0.206601)
(-2.14498 3.12106e-22 0.160974)
(-2.24854 1.83347e-20 0.10694)
(-2.35678 1.04946e-22 0.0455686)
(-2.463 -2.41342e-20 -0.0200318)
(-2.56265 -8.12654e-21 -0.0835697)
(-2.65195 -1.28602e-23 -0.135605)
(-2.7198 1.27761e-23 -0.166965)
(-2.7493 9.6974e-23 -0.177053)
(0.340523 8.04655e-19 1.38877)
(-0.287187 -2.21816e-19 1.04525)
(-0.817167 2.13323e-19 1.19541)
(-1.15023 2.90986e-20 1.10408)
(-1.39617 -2.32524e-20 0.976662)
(-1.55044 -3.89424e-21 0.831858)
(-1.63672 1.6185e-20 0.691642)
(-1.67225 1.08543e-21 0.572139)
(-1.67375 3.71415e-20 0.483152)
(-1.65845 -3.58143e-20 0.427823)
(-1.64228 -1.59519e-20 0.401105)
(-1.63313 1.66551e-20 0.388614)
(-1.62764 0 0.376614)
(-1.61906 0 0.363245)
(-1.60525 3.4561e-20 0.35148)
(-1.58882 -3.34754e-20 0.343644)
(-1.57481 0 0.339755)
(-1.56876 3.12265e-20 0.337969)
(-1.57563 -4.39615e-23 0.335376)
(-1.59938 -2.56722e-21 0.328709)
(-1.64292 2.66816e-20 0.314973)
(-1.70796 0 0.291794)
(-1.7946 0 0.257382)
(-1.90034 0 0.210555)
(-2.01932 0 0.151405)
(-2.14217 1.17139e-20 0.0827338)
(-2.25937 5.31521e-22 0.01159)
(-2.36206 0 -0.0499986)
(-2.43769 4.10153e-24 -0.0883877)
(-2.47169 4.33959e-22 -0.0999319)
(10.0015 -2.1074e-20 0.087829)
(9.9886 2.18608e-20 0.176132)
(9.96849 -3.66091e-19 0.263981)
(9.94384 -3.79819e-19 0.352367)
(9.9139 -9.72904e-20 0.442596)
(9.87857 1.02749e-19 0.536064)
(9.83813 -6.40411e-19 0.634133)
(9.79333 -1.64678e-22 0.737907)
(9.74452 -2.28995e-19 0.848405)
(9.69195 -4.75995e-19 0.966829)
(9.63626 4.89461e-19 1.09448)
(9.57819 0 1.23265)
(9.51825 -5.22576e-19 1.38265)
(9.45731 2.68381e-19 1.54598)
(9.3963 -2.76672e-19 1.72437)
(9.33642 -1.1269e-18 1.91964)
(9.27928 1.43607e-18 2.13389)
(9.22649 1.46049e-18 2.3696)
(9.18033 8.80313e-19 2.62967)
(9.1436 -5.15048e-21 2.91737)
(9.11977 -1.18849e-18 3.23681)
(9.11386 1.17317e-18 3.5931)
(9.13138 0 3.99223)
(9.17971 0 4.44207)
(9.27326 -2.05268e-18 4.95224)
(9.41636 3.87889e-18 5.53836)
(9.67673 -3.54457e-18 6.19753)
(9.90383 0 7.01389)
(10.9333 4.64864e-19 7.73754)
(11.9328 5.16529e-19 10.5627)
(10.0021 2.04435e-20 0.0910397)
(9.99001 -2.12019e-20 0.182629)
(9.97174 0 0.27376)
(9.94987 1.78807e-21 0.36542)
(9.92344 5.7677e-19 0.458928)
(9.89217 1.98401e-19 0.555695)
(9.85652 4.14465e-19 0.657062)
(9.81738 -2.12216e-19 0.764116)
(9.77498 2.22782e-19 0.877895)
(9.72968 1.83202e-21 0.999593)
(9.68224 -4.71244e-19 1.13043)
(9.6334 0 1.27165)
(9.5839 0 1.42454)
(9.53451 2.58118e-19 1.59053)
(9.4863 0 1.77122)
(9.44077 1.33959e-18 1.9683)
(9.39946 -1.09109e-18 2.18368)
(9.36426 1.65281e-18 2.41972)
(9.33772 -1.67943e-18 2.67902)
(9.32279 0 2.96446)
(9.32324 0 3.27955)
(9.34453 5.26511e-19 3.62882)
(9.3928 0 4.01735)
(9.4759 0 4.451)
(9.60804 0 4.93681)
(9.79721 0 5.48441)
(10.1022 1.66235e-18 6.0894)
(10.4123 -1.39892e-18 6.77264)
(11.1109 1.74179e-20 7.38079)
(11.8465 -1.83393e-20 8.42652)
(10.0026 6.32502e-19 0.0939486)
(9.99155 0 0.188561)
(9.97524 0 0.282656)
(9.95626 -3.58274e-19 0.377258)
(9.93339 3.70388e-19 0.473725)
(9.90627 -1.93531e-19 0.573438)
(9.87565 6.09596e-22 0.677686)
(9.84236 4.13281e-19 0.787559)
(9.80651 1.06662e-18 0.904117)
(9.76863 4.4038e-19 1.0285)
(9.7296 -4.50666e-19 1.16184)
(9.6901 1.32973e-21 1.30533)
(9.65107 -9.55695e-19 1.46022)
(9.61332 0 1.62784)
(9.57802 0 1.80967)
(9.54688 -7.64656e-19 2.00721)
(9.52119 0 2.22214)
(9.50319 5.17025e-19 2.4566)
(9.49577 -1.056e-18 2.71286)
(9.50188 -1.04726e-18 2.99325)
(9.52554 2.08572e-18 3.30065)
(9.57194 2.02206e-18 3.63855)
(9.64781 -1.0083e-18 4.01081)
(9.76117 0 4.42104)
(9.92386 8.80051e-19 4.87263)
(10.1432 -5.45255e-20 5.36782)
(10.4562 -7.9772e-19 5.89713)
(10.7847 1.07189e-19 6.43541)
(11.2101 -1.32585e-18 6.92114)
(11.9182 5.96604e-19 7.66488)
(10.003 -1.24851e-18 0.0965291)
(9.99317 1.99251e-20 0.193846)
(9.97887 -8.32187e-20 0.290562)
(9.96277 8.6432e-20 0.387747)
(9.94354 3.60428e-19 0.486808)
(9.92075 -1.86563e-19 0.589036)
(9.89539 1.92682e-19 0.695691)
(9.86808 -7.99755e-19 0.807902)
(9.83892 2.3352e-23 0.926707)
(9.80857 -4.27473e-19 1.05313)
(9.77803 4.38653e-19 1.18824)
(9.74804 0 1.33319)
(9.71943 4.6207e-19 1.48913)
(9.69315 -4.66775e-19 1.6573)
(9.6707 0 1.839)
(9.65375 4.90433e-19 2.03562)
(9.64336 -4.88732e-19 2.24856)
(9.64209 0 2.47958)
(9.65292 0 2.73051)
(9.67878 0 3.00315)
(9.72372 0 3.29965)
(9.79265 -1.92845e-18 3.62236)
(9.89203 0 3.97353)
(10.0291 0 4.35459)
(10.2126 8.29202e-19 4.76547)
(10.4476 -4.35791e-19 5.20275)
(10.7535 -1.1169e-18 5.6566)
(11.0995 1.37737e-18 6.09975)
(11.4839 1.58545e-18 6.52857)
(12.1612 -8.71996e-19 7.16201)
(10.0033 5.97278e-19 0.098755)
(9.99488 0 0.198406)
(9.98267 -8.05906e-20 0.297393)
(9.96948 -2.50331e-19 0.396782)
(9.95404 0 0.498022)
(9.93577 -1.8028e-19 0.602307)
(9.91568 -1.86117e-19 0.71088)
(9.89434 3.8336e-19 0.824922)
(9.87196 7.93536e-19 0.945389)
(9.84933 -1.22549e-18 1.07317)
(9.82732 1.73454e-21 1.20929)
(9.8068 0 1.35488)
(9.7886 0 1.51097)
(9.7737 5.79201e-21 1.67859)
(9.7638 0 1.85891)
(9.7604 0 2.05318)
(9.76483 1.40677e-18 2.26258)
(9.77964 -9.45087e-19 2.48837)
(9.8075 -4.66995e-19 2.73184)
(9.85139 0 2.99428)
(9.91515 0 3.27705)
(10.0035 -9.41031e-19 3.58142)
(10.1218 2.89759e-21 3.90809)
(10.2759 8.64465e-19 4.2565)
(10.4722 0 4.62421)
(10.7142 0 5.00532)
(11.0123 7.2562e-19 5.39225)
(11.3615 5.49702e-21 5.76574)
(11.7361 -6.25768e-19 6.1147)
(12.2907 1.40044e-18 6.53767)
(10.0037 0 0.100569)
(9.9967 -3.74576e-20 0.202172)
(9.98665 6.60946e-19 0.303073)
(9.97635 7.29383e-19 0.404246)
(9.96477 -8.39952e-20 0.507196)
(9.95119 -5.21018e-19 0.613075)
(9.93634 -1.78665e-19 0.723084)
(9.92102 -1.21237e-21 0.838401)
(9.90558 -3.8523e-19 0.959891)
(9.89066 1.1789e-18 1.08835)
(9.87712 2.18957e-21 1.22475)
(9.86593 -4.10501e-19 1.37013)
(9.85802 -8.40491e-19 1.52543)
(9.85434 8.62232e-19 1.69147)
(9.85651 -8.71224e-19 1.86924)
(9.86589 1.76661e-18 2.0598)
(9.88433 -1.7816e-18 2.26409)
(9.91416 1.34555e-18 2.48294)
(9.95766 -4.46887e-19 2.71713)
(10.0177 8.81493e-19 2.96738)
(10.0976 -1.69991e-20 3.23418)
(10.2018 -8.71994e-19 3.51795)
(10.3347 2.53009e-20 3.81813)
(10.5001 -3.72988e-19 4.13263)
(10.7028 0 4.45772)
(10.9454 8.99448e-20 4.78709)
(11.2325 7.78068e-19 5.11381)
(11.5643 -1.73126e-19 5.42347)
(11.9164 0 5.69793)
(12.3785 5.23224e-21 5.97838)
(10.0041 5.75159e-19 0.101934)
(9.99846 -5.43919e-20 0.20509)
(9.9907 3.41371e-20 0.307521)
(9.98327 -3.14569e-19 0.410024)
(9.97563 0 0.514169)
(9.96683 3.37388e-19 0.621164)
(9.95726 6.94274e-19 0.732122)
(9.94803 -3.57906e-19 0.84812)
(9.93946 7.37705e-19 0.969988)
(9.93213 -1.84178e-21 1.09847)
(9.92693 -7.72597e-19 1.2344)
(9.92488 2.54532e-21 1.37873)
(9.92691 8.10599e-19 1.53228)
(9.934 0 1.69572)
(9.94765 0 1.86987)
(9.96926 0 2.05549)
(10.0007 0 2.25323)
(10.0441 -4.16837e-19 2.46361)
(10.1017 1.2753e-18 2.68703)
(10.1758 0 2.92353)
(10.2691 -1.89978e-20 3.17284)
(10.3857 2.02721e-20 3.43469)
(10.5289 1.20343e-18 3.70763)
(10.701 3.91457e-19 3.98869)
(10.9051 1.82862e-19 4.27374)
(11.143 5.29484e-19 4.55683)
(11.4159 -8.63376e-19 4.83135)
(11.7238 8.25717e-19 5.08722)
(12.0513 0 5.31041)
(12.4544 3.80463e-21 5.51612)
(10.0043 -5.43324e-19 0.10285)
(10.0002 0 0.207092)
(9.99486 -5.86269e-19 0.310626)
(9.99043 0 0.414013)
(9.98662 -3.13085e-19 0.518831)
(9.98244 -3.23528e-19 0.62643)
(9.97821 -5.03756e-19 0.737823)
(9.97496 8.60767e-19 0.853913)
(9.97307 -3.54449e-19 0.975516)
(9.97326 3.61737e-19 1.10334)
(9.97624 3.74031e-19 1.23808)
(9.98302 0 1.38053)
(9.99458 0 1.53142)
(10.0119 0 1.69131)
(10.0364 0 1.86077)
(10.0695 0 2.04034)
(10.1128 0 2.23036)
(10.1682 0 2.43103)
(10.238 -4.08594e-19 2.64242)
(10.3238 7.9583e-19 2.86408)
(10.4279 -1.57322e-20 3.09506)
(10.5538 7.73339e-19 3.3345)
(10.7035 0 3.58052)
(10.8784 -1.82922e-19 3.82999)
(11.0804 1.84864e-19 4.07882)
(11.3103 -7.08273e-19 4.32174)
(11.5678 3.4416e-19 4.55298)
(11.8521 9.86815e-19 4.76563)
(12.1537 -3.10249e-19 4.95023)
(12.5104 -2.96402e-19 5.10962)
(10.0046 -1.64038e-20 0.103327)
(10.0017 5.25084e-19 0.208116)
(9.99887 5.9914e-19 0.312251)
(9.99769 0 0.416097)
(9.99761 1.52852e-19 0.521123)
(9.99783 6.28205e-19 0.628792)
(9.99887 -3.21901e-19 0.74006)
(10.0015 -5.01382e-19 0.855646)
(10.0062 1.69245e-21 0.97633)
(10.0137 -3.49665e-21 1.1028)
(10.0246 0 1.23561)
(10.04 -1.48123e-21 1.37542)
(10.0607 -3.71513e-19 1.52283)
(10.0877 3.73816e-19 1.67828)
(10.1222 0 1.84213)
(10.1657 -1.14586e-18 2.01467)
(10.2196 7.7562e-19 2.19601)
(10.2855 -1.15163e-18 2.38602)
(10.3654 3.94621e-19 2.5845)
(10.4607 0 2.79062)
(10.5732 3.59392e-19 3.00299)
(10.7054 -9.14033e-21 3.2203)
(10.8584 3.55271e-19 3.44069)
(11.0332 -6.68802e-19 3.66122)
(11.2307 -1.3056e-19 3.87803)
(11.4508 4.25974e-19 4.08663)
(11.6926 -6.73574e-19 4.28225)
(11.9545 -1.95701e-20 4.45984)
(12.2299 -6.25192e-19 4.61298)
(12.5475 -5.94709e-19 4.74059)
(10.0049 0 0.103364)
(10.0032 -5.2809e-19 0.20814)
(10.0027 -6.17472e-19 0.312308)
(10.0049 7.09104e-20 0.416161)
(10.0085 0 0.520979)
(10.0129 0 0.628185)
(10.0192 4.68796e-19 0.738715)
(10.0277 -4.82061e-19 0.853177)
(10.0388 3.30138e-19 0.972308)
(10.0534 -3.38006e-19 1.09677)
(10.0719 0 1.22695)
(10.0954 -3.51991e-19 1.36334)
(10.1247 -3.54664e-19 1.50651)
(10.1606 1.08253e-18 1.65679)
(10.2042 -3.61804e-19 1.81426)
(10.257 1.10034e-18 1.97895)
(10.3202 -3.70925e-19 2.15084)
(10.3951 7.39524e-19 2.32955)
(10.4833 -3.5897e-19 2.51457)
(10.5861 7.33773e-19 2.70485)
(10.7048 -7.3613e-19 2.89882)
(10.8407 7.1996e-19 3.09503)
(10.9946 -1.0664e-18 3.29171)
(11.167 7.45005e-19 3.48617)
(11.3582 -4.33403e-20 3.67499)
(11.5676 -3.34977e-19 3.85443)
(11.7938 1.03856e-20 4.02069)
(12.0349 3.22581e-19 4.16997)
(12.2858 0 4.29797)
(12.5705 4.43237e-19 4.4032)
(10.0053 0 0.102922)
(10.0048 -5.07943e-19 0.207134)
(10.0066 -6.61828e-20 0.310772)
(10.0119 6.85709e-20 0.41415)
(10.0191 0 0.518326)
(10.0277 -1.4603e-19 0.624523)
(10.0391 2.04182e-22 0.73367)
(10.0533 4.61942e-19 0.846408)
(10.0704 3.15962e-19 0.963398)
(10.0917 -3.23934e-19 1.08521)
(10.1175 3.29361e-19 1.21209)
(10.1485 -6.71769e-19 1.34438)
(10.1855 6.82133e-19 1.48261)
(10.2296 -6.94604e-19 1.62704)
(10.2817 0 1.77749)
(10.3428 -1.05348e-18 1.93372)
(10.414 3.55281e-19 2.09559)
(10.4964 -7.08335e-19 2.26258)
(10.5912 7.12945e-19 2.43393)
(10.6996 -3.55363e-19 2.60849)
(10.8222 5.25537e-19 2.78479)
(10.9598 -3.49372e-19 2.96133)
(11.1128 3.44866e-19 3.13642)
(11.2814 0 3.30768)
(11.4653 -1.66036e-19 3.47222)
(11.6636 -1.65072e-19 3.62702)
(11.8748 6.23931e-19 3.76909)
(12.097 -3.16185e-19 3.8956)
(12.3261 -3.00257e-19 4.00375)
(12.5828 -1.4634e-19 4.09242)
(10.0058 0 0.101958)
(10.0064 9.86629e-19 0.205082)
(10.0102 0 0.307665)
(10.0184 0 0.410036)
(10.0293 0 0.513048)
(10.0423 5.62078e-19 0.617709)
(10.0584 0 0.724906)
(10.0778 -2.98983e-19 0.835331)
(10.1008 -3.03272e-19 0.949584)
(10.1284 0 1.06812)
(10.161 0 1.1911)
(10.199 0 1.31877)
(10.243 -3.26323e-19 1.45147)
(10.2945 3.33902e-21 1.58936)
(10.3541 0 1.73219)
(10.4223 3.39863e-19 1.87954)
(10.5002 3.41586e-19 2.03106)
(10.5887 -4.99929e-21 2.18616)
(10.6887 -3.41964e-19 2.34397)
(10.8008 0 2.50335)
(10.9255 2.50398e-19 2.66296)
(11.0633 -8.43605e-20 2.82137)
(11.2141 -2.46109e-19 2.97699)
(11.3779 2.4065e-19 3.1278)
(11.554 3.19406e-19 3.2714)
(11.7414 -3.2125e-19 3.40538)
(11.9386 -8.30154e-21 3.52746)
(12.1438 -3.09687e-19 3.6356)
(12.3537 -1.33136e-19 3.72794)
(12.5867 3.30138e-20 3.80383)
(10.0064 -1.44318e-20 0.100436)
(10.008 -4.64234e-19 0.201984)
(10.0137 4.31974e-19 0.303026)
(10.0247 -5.10912e-19 0.403816)
(10.0389 -3.28801e-19 0.505054)
(10.0562 -5.47284e-19 0.607649)
(10.0769 -1.40095e-19 0.712426)
(10.1013 -2.85661e-19 0.819993)
(10.1298 1.48497e-19 0.930892)
(10.1633 4.49044e-19 1.04555)
(10.2022 -6.09624e-19 1.16411)
(10.2465 -3.09198e-19 1.28667)
(10.2971 -3.10424e-19 1.41335)
(10.355 6.40192e-19 1.54417)
(10.4209 -3.19284e-19 1.67886)
(10.4952 0 1.81701)
(10.5787 -1.61499e-19 1.95809)
(10.672 3.2595e-19 2.10142)
(10.7756 1.59244e-19 2.24612)
(10.8901 0 2.39112)
(11.0156 -5.30837e-21 2.53516)
(11.1522 0 2.67694)
(11.2998 3.21654e-19 2.8151)
(11.4582 -4.5422e-21 2.94798)
(11.6264 6.2005e-19 3.07356)
(11.8034 -6.14088e-19 3.1899)
(11.9877 6.09333e-19 3.29537)
(12.1777 7.2931e-19 3.38855)
(12.3707 -1.45598e-18 3.46815)
(12.5835 5.86917e-19 3.53395)
(10.0071 0 0.0983592)
(10.0093 2.88944e-20 0.19784)
(10.017 -9.89006e-19 0.296823)
(10.0308 4.97668e-19 0.395492)
(10.0482 5.13253e-19 0.494386)
(10.0693 0 0.59433)
(10.0945 1.34149e-19 0.696164)
(10.1237 6.91993e-19 0.800401)
(10.1572 0 0.90743)
(10.1962 2.87133e-19 1.01767)
(10.2407 5.87645e-19 1.1313)
(10.2907 -2.97314e-19 1.24827)
(10.3472 6.08108e-19 1.36851)
(10.4108 -1.5226e-19 1.49189)
(10.4819 6.19936e-19 1.61817)
(10.5612 -6.20159e-19 1.74693)
(10.6491 2.16743e-21 1.87758)
(10.746 1.58e-19 2.00943)
(10.8521 3.40726e-20 2.14163)
(10.9678 -3.53266e-19 2.27315)
(11.093 2.46727e-21 2.40282)
(11.2276 -1.53485e-19 2.5295)
(11.3713 1.56351e-19 2.65208)
(11.524 -3.08212e-19 2.76919)
(11.6844 0 2.8792)
(11.8515 0 2.9806)
(12.0241 -2.96546e-19 3.07221)
(12.2006 4.24515e-19 3.15305)
(12.379 -4.40881e-19 3.22227)
(12.5744 1.41519e-19 3.27989)
(10.0076 0 0.0957492)
(10.0107 0 0.192668)
(10.0201 4.36654e-19 0.289008)
(10.0365 5.07803e-19 0.385005)
(10.0572 4.92323e-19 0.481069)
(10.0818 -1.26835e-19 0.57783)
(10.1111 -1.3127e-19 0.676164)
(10.1448 -2.37845e-21 0.776587)
(10.183 0 0.879314)
(10.2268 -4.1755e-19 0.984674)
(10.2763 -5.66849e-19 1.09289)
(10.3315 -4.29881e-19 1.20384)
(10.393 2.89495e-19 1.31728)
(10.4614 0 1.433)
(10.537 -4.43133e-19 1.55075)
(10.6203 7.49689e-19 1.67012)
(10.7115 7.46965e-20 1.79051)
(10.8109 -7.60946e-20 1.91127)
(10.9185 -3.0487e-19 2.0316)
(11.0346 3.04779e-19 2.15057)
(11.1587 0 2.26712)
(11.2905 -2.98712e-19 2.38019)
(11.43 0 2.48884)
(11.5768 0 2.59203)
(11.7297 0 2.68853)
(11.8876 0 2.77723)
(12.0495 0 2.85722)
(12.2142 -1.42151e-19 2.92779)
(12.3797 1.40419e-19 2.9884)
(12.5603 4.04411e-19 3.03925)
(10.0079 4.18554e-19 0.0926072)
(10.0121 0 0.186485)
(10.023 2.80476e-20 0.279624)
(10.0418 -9.56715e-19 0.37233)
(10.0658 -4.79563e-19 0.46505)
(10.0937 -6.12555e-20 0.558204)
(10.1265 -6.25473e-20 0.65256)
(10.1643 -1.29674e-19 0.748658)
(10.207 -1.30702e-19 0.846654)
(10.2551 1.34989e-19 0.946762)
(10.3088 -1.32965e-19 1.04916)
(10.3685 6.92555e-19 1.1537)
(10.4344 -1.42578e-19 1.26008)
(10.5069 1.39478e-19 1.36802)
(10.5862 2.88135e-19 1.47725)
(10.6725 -2.90383e-19 1.58735)
(10.7661 -1.79914e-20 1.69778)
(10.8671 3.25789e-19 1.80791)
(10.9753 5.38966e-20 1.91702)
(11.0909 -7.3696e-20 2.02433)
(11.2134 0 2.12891)
(11.3423 8.69571e-19 2.22977)
(11.4774 -2.93303e-19 2.32602)
(11.6183 2.86789e-19 2.41692)
(11.7639 0 2.50167)
(11.9134 -5.59413e-19 2.57946)
(12.0657 7.1243e-19 2.64957)
(12.2198 -4.08248e-19 2.71148)
(12.3741 4.22909e-19 2.76485)
(12.5419 0 2.80999)
(10.0079 -2.69034e-21 0.0889606)
(10.0134 0 0.179279)
(10.0258 0 0.268699)
(10.0468 8.97619e-19 0.357507)
(10.0737 4.60309e-19 0.446329)
(10.1048 0 0.535474)
(10.141 0 0.625448)
(10.1823 2.4763e-19 0.716767)
(10.2288 2.55001e-19 0.809632)
(10.2807 1.92966e-19 0.904156)
(10.3383 3.30238e-19 1.00041)
(10.4018 -2.01891e-19 1.09825)
(10.4714 -6.78879e-20 1.19738)
(10.5472 -2.74994e-19 1.29749)
(10.6293 0 1.39827)
(10.718 0 1.49933)
(10.8133 2.78146e-19 1.60015)
(10.915 -3.5259e-19 1.70017)
(11.0232 -6.85609e-20 1.79875)
(11.1377 4.23027e-19 1.89521)
(11.2581 -1.4251e-19 1.98881)
(11.3839 -5.6198e-19 2.07864)
(11.5147 6.80757e-21 2.16392)
(11.6499 1.99908e-21 2.24408)
(11.7887 0 2.3186)
(11.9304 0 2.38691)
(12.0741 -6.79038e-19 2.44849)
(12.2188 5.53654e-19 2.50298)
(12.3633 5.31347e-19 2.55015)
(12.52 -1.97562e-20 2.59039)
(10.008 -3.95881e-19 0.0848293)
(10.0146 -4.05774e-19 0.171007)
(10.0286 0 0.256192)
(10.0516 -8.68864e-19 0.340614)
(10.0808 -4.48591e-19 0.425018)
(10.1149 0 0.50969)
(10.1541 -5.85915e-20 0.594909)
(10.1986 -1.81043e-19 0.681094)
(10.2485 1.82981e-19 0.768471)
(10.3038 6.03011e-20 0.857094)
(10.3648 0 0.946954)
(10.4315 2.56185e-19 1.0379)
(10.504 -3.24194e-20 1.12967)
(10.5825 4.13301e-20 1.22195)
(10.6668 2.56444e-19 1.31442)
(10.7572 2.336e-19 1.40669)
(10.8534 -2.37763e-19 1.49831)
(10.9554 -4.04508e-19 1.58875)
(11.063 2.73325e-19 1.67747)
(11.176 -1.36913e-19 1.76388)
(11.2939 1.37934e-19 1.84736)
(11.4165 0 1.92718)
(11.543 0 2.0027)
(11.6728 1.35377e-19 2.07345)
(11.8054 0 2.13903)
(11.94 0 2.19907)
(12.0759 -1.33748e-19 2.25323)
(12.2124 0 2.30126)
(12.3483 0 2.34304)
(12.4952 4.509e-19 2.37897)
(10.0081 0 0.0801782)
(10.0157 3.97489e-19 0.161629)
(10.0313 3.98769e-19 0.242105)
(10.056 4.28708e-19 0.321758)
(10.0873 1.34905e-20 0.40129)
(10.1239 1.37764e-20 0.480999)
(10.1659 -2.84651e-20 0.561071)
(10.2133 -2.60189e-19 0.641801)
(10.2661 2.76899e-20 0.723375)
(10.3244 -4.82207e-19 0.805824)
(10.3882 0 0.889096)
(10.4576 1.47416e-21 0.973039)
(10.5325 -2.62329e-19 1.05741)
(10.613 -2.76972e-19 1.14191)
(10.699 -2.26168e-19 1.22623)
(10.7904 -1.96335e-19 1.31)
(10.8871 -6.57095e-20 1.39281)
(10.9888 3.93964e-19 1.47421)
(11.0955 -3.9782e-19 1.5537)
(11.2067 -2.62878e-19 1.6308)
(11.322 0 1.70499)
(11.4411 3.93554e-19 1.77572)
(11.5634 -5.29025e-19 1.84247)
(11.6883 2.99795e-21 1.90485)
(11.8152 5.20379e-19 1.96258)
(11.9435 -6.63066e-19 2.01537)
(12.0725 1.31146e-19 2.06301)
(12.2015 0 2.10538)
(12.3299 0 2.14239)
(12.4684 6.45105e-20 2.17448)
(10.0083 3.70332e-19 0.0749931)
(10.0167 -3.81652e-19 0.151189)
(10.0337 -2.50237e-21 0.22651)
(10.06 0 0.301011)
(10.0931 -4.08161e-22 0.375266)
(10.132 4.20333e-22 0.449575)
(10.1763 2.15597e-19 0.524107)
(10.2262 4.52623e-19 0.599059)
(10.2816 -2.29872e-19 0.674559)
(10.3425 2.26754e-19 0.750617)
(10.4087 7.42864e-21 0.827158)
(10.4802 -2.11421e-19 0.90403)
(10.5571 2.13861e-19 0.981007)
(10.6391 2.47226e-19 1.05782)
(10.7262 0 1.13418)
(10.8182 2.49332e-19 1.20974)
(10.9149 0 1.28414)
(11.0161 0 1.35697)
(11.1215 -2.53779e-19 1.42784)
(11.2307 2.57178e-19 1.49632)
(11.3434 1.27656e-19 1.56199)
(11.4592 -1.14843e-21 1.62442)
(11.5775 -1.27945e-19 1.68323)
(11.6977 1.28903e-19 1.73812)
(11.8193 -5.0654e-19 1.78883)
(11.9419 6.46326e-19 1.8352)
(12.0647 5.03539e-19 1.87709)
(12.1873 -5.78541e-19 1.91442)
(12.309 6.32258e-20 1.94717)
(12.4402 4.96747e-19 1.97577)
(10.0084 -3.61773e-19 0.0693064)
(10.0176 3.72641e-19 0.139774)
(10.0357 -2.31272e-21 0.209491)
(10.0635 -3.93874e-19 0.278422)
(10.0983 -2.14926e-19 0.347016)
(10.1391 2.59909e-20 0.415555)
(10.1856 -2.4013e-19 0.484196)
(10.2376 -2.17992e-19 0.553071)
(10.2952 1.38879e-20 0.622258)
(10.3582 -2.80402e-20 0.691744)
(10.4264 2.87373e-20 0.761444)
(10.4997 2.31249e-19 0.831209)
(10.578 0 0.900834)
(10.6611 2.36829e-19 0.970076)
(10.7489 0 1.03866)
(10.8412 -2.23394e-21 1.10629)
(10.9376 -1.21091e-19 1.17265)
(11.0379 6.11932e-19 1.23739)
(11.1419 4.89691e-19 1.30017)
(11.2491 -4.95655e-19 1.36064)
(11.3592 -1.24889e-19 1.41846)
(11.4717 -3.71676e-19 1.4733)
(11.5862 3.77302e-19 1.52489)
(11.7021 1.24388e-19 1.57297)
(11.8191 0 1.61738)
(11.9364 0 1.65798)
(12.0538 0 1.6947)
(12.1707 5.52006e-19 1.7275)
(12.2866 -9.89541e-19 1.7564)
(12.4114 5.00689e-19 1.7818)
(10.0085 -3.4956e-19 0.0631522)
(10.0183 0 0.127437)
(10.0374 -3.50159e-19 0.191113)
(10.0665 2.1594e-21 0.254068)
(10.1029 1.72681e-19 0.316641)
(10.1454 2.00921e-19 0.379078)
(10.1936 0 0.441516)
(10.2476 0 0.504045)
(10.307 0 0.566705)
(10.3717 5.4266e-20 0.629466)
(10.4414 1.6508e-19 0.692239)
(10.5161 -1.69723e-19 0.75488)
(10.5955 -5.71863e-20 0.817205)
(10.6794 -3.45441e-19 0.878996)
(10.7676 1.16961e-19 0.94001)
(10.8598 -2.35571e-19 0.999987)
(10.9558 0 1.05865)
(11.0551 -3.57448e-19 1.11571)
(11.1576 -3.59431e-19 1.17088)
(11.2628 0 1.22388)
(11.3704 2.38832e-19 1.27443)
(11.4798 -2.44189e-19 1.3223)
(11.5908 -1.20783e-19 1.36726)
(11.7028 -6.01569e-19 1.40914)
(11.8155 4.9075e-19 1.4478)
(11.9283 0 1.48317)
(12.0409 4.79065e-19 1.51519)
(12.1528 -9.68273e-19 1.54387)
(12.2636 4.28759e-19 1.56922)
(12.3828 3.01837e-20 1.59165)
(10.0086 6.70969e-19 0.0565552)
(10.019 -1.09375e-20 0.114223)
(10.039 4.90095e-23 0.171439)
(10.0692 2.10728e-19 0.228036)
(10.107 -2.37885e-20 0.284252)
(10.1509 -2.2021e-19 0.34028)
(10.2006 5.00762e-20 0.396235)
(10.2561 2.03218e-19 0.452177)
(10.317 5.16866e-20 0.508118)
(10.3831 -2.63534e-19 0.564018)
(10.4542 -4.29042e-19 0.619784)
(10.5299 1.08637e-19 0.675287)
(10.6101 1.10745e-19 0.730359)
(10.6945 -2.22038e-19 0.78481)
(10.7829 -2.24303e-19 0.838429)
(10.8748 0 0.890991)
(10.9701 1.14071e-19 0.942263)
(11.0684 3.44347e-19 0.992006)
(11.1694 2.28045e-19 1.03998)
(11.2727 -2.35074e-19 1.08597)
(11.3778 1.16649e-19 1.12975)
(11.4845 0 1.17114)
(11.5923 1.18086e-19 1.20998)
(11.7009 0 1.24613)
(11.8097 5.89023e-20 1.27951)
(11.9185 0 1.31007)
(12.0268 4.67021e-19 1.33776)
(12.1344 -4.77704e-19 1.36262)
(12.2408 -4.66053e-19 1.38467)
(12.3552 1.25075e-20 1.40429)
(10.0086 -1.50532e-21 0.049529)
(10.0195 3.4011e-19 0.100159)
(10.0404 0 0.150528)
(10.0716 1.81019e-19 0.200414)
(10.1105 0 0.249956)
(10.1557 -4.72482e-20 0.299294)
(10.2067 2.90057e-19 0.348515)
(10.2635 -1.98571e-19 0.39766)
(10.3256 -3.01319e-19 0.44672)
(10.3929 1.54869e-19 0.495647)
(10.4649 4.16278e-19 0.544352)
(10.5414 -4.22142e-19 0.592716)
(10.6222 1.07304e-19 0.640593)
(10.7069 1.09411e-19 0.687817)
(10.7952 3.28637e-19 0.734209)
(10.8868 1.09717e-19 0.779578)
(10.9813 1.08823e-19 0.823731)
(11.0786 1.07859e-19 0.866473)
(11.1781 -3.39567e-19 0.907617)
(11.2795 1.11344e-19 0.946978)
(11.3825 1.15235e-19 0.984393)
(11.4867 -2.25802e-19 1.01972)
(11.5917 2.30939e-19 1.05284)
(11.6971 0 1.08367)
(11.8027 -5.75555e-20 1.11214)
(11.9079 0 1.13821)
(12.0126 0 1.16188)
(12.1165 0 1.18316)
(12.2191 4.54865e-19 1.20211)
(12.3293 -1.18018e-20 1.21905)
(10.0087 -3.23467e-19 0.0420696)
(10.0201 -3.32359e-19 0.0852561)
(10.0417 -4.26222e-20 0.128421)
(10.0739 4.39306e-20 0.171278)
(10.1137 0 0.213852)
(10.1599 4.58685e-20 0.256224)
(10.212 -2.35644e-19 0.29846)
(10.2699 0 0.340582)
(10.333 9.85914e-20 0.382573)
(10.4012 9.16581e-22 0.424383)
(10.474 3.02257e-19 0.46593)
(10.5511 0 0.507111)
(10.6322 0 0.547799)
(10.717 -1.04372e-19 0.587856)
(10.8051 0 0.627131)
(10.8963 -1.07051e-19 0.665468)
(10.9902 0 0.702709)
(11.0864 -1.08731e-19 0.738697)
(11.1845 2.16341e-19 0.773283)
(11.2843 -1.11247e-19 0.806325)
(11.3854 0 0.837694)
(11.4874 2.19347e-19 0.867287)
(11.5899 -2.24349e-19 0.895019)
(11.6927 5.56226e-20 0.920823)
(11.7954 0 0.944658)
(11.8977 0 0.966502)
(11.9993 0 0.986358)
(12.0999 -4.43534e-19 1.00425)
(12.1994 8.97269e-19 1.02021)
(12.3062 -4.82395e-19 1.03454)
(10.0088 1.56995e-19 0.0341388)
(10.0208 -2.01619e-20 0.0694886)
(10.0432 2.07873e-20 0.105147)
(10.0761 0 0.140713)
(10.1168 0 0.176093)
(10.1638 1.33944e-19 0.211313)
(10.2168 9.12791e-20 0.246413)
(10.2755 -4.67083e-20 0.281396)
(10.3394 0 0.316232)
(10.4083 0 0.350868)
(10.4816 -1.96043e-19 0.385232)
(10.5592 -1.97466e-19 0.419235)
(10.6405 7.82745e-22 0.452774)
(10.7254 4.90666e-22 0.485735)
(10.8133 -1.01857e-19 0.517996)
(10.9041 -2.04608e-19 0.549435)
(10.9972 5.21678e-19 0.579926)
(11.0925 1.01665e-19 0.60935)
(11.1895 -2.13462e-19 0.63759)
(11.2879 5.31532e-20 0.664539)
(11.3873 0 0.690101)
(11.4874 2.13094e-19 0.7142)
(11.5879 -2.17954e-19 0.736776)
(11.6884 -5.42634e-20 0.757784)
(11.7887 -4.30054e-19 0.777197)
(11.8885 8.94613e-21 0.795004)
(11.9876 4.40711e-19 0.811211)
(12.0856 0 0.82584)
(12.1824 4.05026e-19 0.838926)
(12.2863 -4.42638e-19 0.850729)
(10.0089 -9.96941e-21 0.0256176)
(10.0217 1.6695e-19 0.0527963)
(10.0449 1.21206e-19 0.0806627)
(10.0786 4.15772e-20 0.108567)
(10.12 0 0.136334)
(10.1678 -2.17514e-19 0.164001)
(10.2215 8.87221e-20 0.191607)
(10.2808 -9.04269e-20 0.219139)
(10.3454 1.38126e-19 0.246561)
(10.4148 9.30803e-20 0.273821)
(10.4886 -2.84631e-19 0.300855)
(10.5664 2.88877e-19 0.327588)
(10.6479 -3.41308e-22 0.353936)
(10.7327 8.66981e-22 0.379805)
(10.8205 2.98474e-19 0.405102)
(10.9109 -4.65022e-22 0.429727)
(11.0035 9.95598e-20 0.453586)
(11.0979 -2.57108e-19 0.476585)
(11.1939 -5.13192e-20 0.498639)
(11.2912 -5.18144e-20 0.519667)
(11.3892 5.19174e-20 0.539597)
(11.4878 2.07007e-19 0.558376)
(11.5866 -2.11718e-19 0.575963)
(11.6854 -2.08479e-19 0.592327)
(11.7838 4.1593e-21 0.607449)
(11.8817 4.23341e-19 0.621326)
(11.9787 -2.14293e-19 0.633965)
(12.0747 2.65495e-20 0.645384)
(12.1695 2.66079e-20 0.65561)
(12.2712 0 0.664853)
(10.0094 -1.40358e-19 0.0161547)
(10.0232 -1.63128e-19 0.0352668)
(10.0472 -1.38155e-19 0.0557032)
(10.0815 -6.06897e-20 0.076189)
(10.1234 8.24757e-20 0.0964766)
(10.1717 -8.45779e-20 0.116651)
(10.226 -4.29395e-20 0.13676)
(10.2859 1.31673e-19 0.156791)
(10.351 -1.3457e-19 0.176711)
(10.4208 4.52377e-20 0.196486)
(10.495 4.60566e-20 0.216073)
(10.5731 -4.67031e-20 0.235421)
(10.6548 -4.7277e-20 0.254472)
(10.7396 -9.50941e-20 0.273162)
(10.8272 -4.78317e-20 0.291425)
(10.9173 0 0.309193)
(11.0095 9.76597e-20 0.326399)
(11.1034 -1.9908e-19 0.342979)
(11.1987 4.99908e-20 0.358874)
(11.295 0 0.374028)
(11.3921 -5.05642e-20 0.388392)
(11.4896 2.53446e-20 0.40193)
(11.5872 0 0.414615)
(11.6846 -2.55489e-20 0.426426)
(11.7816 0 0.437353)
(11.878 -2.03683e-19 0.447394)
(11.9735 2.08285e-19 0.456553)
(12.068 -2.58392e-20 0.464845)
(12.1612 0 0.472289)
(12.2612 -2.17694e-19 0.479042)
(10.0108 3.65047e-20 0.00446437)
(10.0269 -3.7394e-20 0.0143355)
(10.0521 3.84024e-20 0.0263999)
(10.0866 7.88541e-20 0.0387517)
(10.1288 -6.05095e-20 0.0510765)
(10.1774 2.06545e-20 0.063435)
(10.232 4.2271e-20 0.0758316)
(10.2922 -4.27404e-20 0.0882222)
(10.3575 0 0.100564)
(10.4276 0 0.11282)
(10.5019 2.24216e-20 0.124959)
(10.5801 4.5515e-20 0.136942)
(10.6618 6.87987e-20 0.14873)
(10.7466 -4.68029e-20 0.16028)
(10.8342 -4.62772e-20 0.171551)
(10.9241 7.17779e-20 0.182499)
(11.0159 7.09861e-20 0.193085)
(11.1095 7.07875e-20 0.20327)
(11.2043 -9.77101e-20 0.213019)
(11.3001 9.67025e-20 0.222298)
(11.3966 -2.28152e-20 0.231081)
(11.4933 7.47345e-20 0.239347)
(11.5902 0 0.247082)
(11.6868 1.10796e-19 0.254277)
(11.783 -1.00569e-19 0.260927)
(11.8785 -1.97815e-19 0.267032)
(11.9731 2.02255e-19 0.2726)
(12.0666 -2.04879e-19 0.277642)
(12.1589 2.03063e-19 0.282175)
(12.258 1.25902e-20 0.286305)
(9.99631 -3.56679e-20 -0.00111036)
(9.99983 3.65338e-20 0.00114914)
(10.0109 -3.75135e-20 0.004707)
(10.0314 0 0.00851959)
(10.0602 -3.9357e-20 0.0124276)
(10.0964 1.00141e-20 0.0164467)
(10.1393 -7.28677e-23 0.0205627)
(10.1885 -1.04788e-20 0.0247439)
(10.2436 0 0.0289634)
(10.3041 0 0.0332007)
(10.3696 -4.36538e-20 0.0374374)
(10.4395 2.22874e-20 0.0416547)
(10.5135 2.24484e-20 0.0458334)
(10.5911 0 0.049954)
(10.6719 0 0.0539972)
(10.7556 1.8078e-22 0.0579437)
(10.8417 4.67873e-20 0.0617753)
(10.9298 -4.67787e-20 0.0654747)
(11.0195 2.38165e-20 0.0690258)
(11.1105 0 0.072414)
(11.2025 7.13027e-20 0.0756267)
(11.295 -4.84543e-20 0.0786549)
(11.3878 4.77947e-20 0.0814916)
(11.4806 -3.67572e-20 0.0841314)
(11.5732 -4.81096e-20 0.0865713)
(11.6652 4.91876e-20 0.0888105)
(11.7566 4.83482e-20 0.0908506)
(11.8469 -4.33142e-20 0.0926952)
(11.9362 0 0.0943469)
(12.0321 -4.853e-20 0.0958468)
(11.5114 -8.39821e-19 9.25319)
(8.03304 -1.14992e-18 7.42462)
(3.44188 -2.79395e-19 6.05176)
(11.52 4.31933e-19 6.82818)
(10.8048 0 6.04693)
(9.87824 0 5.64241)
(12.2488 -2.1279e-19 7.481)
(12.3721 1.89537e-19 7.2483)
(12.2492 0 6.97887)
(12.5645 -7.00476e-22 7.29585)
(12.8307 -1.82305e-19 7.26976)
(12.948 -8.75971e-20 7.14463)
(12.6273 -1.13697e-18 6.66894)
(12.9139 7.66461e-19 6.71785)
(13.1242 -6.88398e-19 6.70973)
(12.6608 0 6.0902)
(12.9248 0 6.16067)
(13.1424 0 6.1987)
(12.6951 -1.19572e-19 5.60434)
(12.9225 1.14188e-19 5.66721)
(13.1154 0 5.71033)
(12.7181 1.18231e-19 5.17737)
(12.9135 -5.42541e-20 5.22729)
(13.0801 -7.35364e-19 5.26433)
(12.7296 0 4.79469)
(12.9002 -5.74771e-20 4.83521)
(13.0455 7.61687e-19 4.86624)
(12.7322 -1.2222e-19 4.44809)
(12.8833 9.84034e-19 4.48222)
(13.0117 -9.19663e-19 4.50885)
(12.7277 1.20476e-19 4.13052)
(12.8628 -5.85525e-20 4.15995)
(12.9776 0 4.18334)
(12.7174 1.87102e-18 3.83672)
(12.8393 -9.01902e-19 3.86254)
(12.9428 8.42545e-19 3.88342)
(12.7024 1.004e-18 3.56271)
(12.8132 -1.01321e-18 3.58566)
(12.9073 1.13686e-19 3.60452)
(12.6832 5.9506e-20 3.3053)
(12.7847 0 3.3259)
(12.8708 -9.52618e-19 3.34305)
(12.6605 -1.00813e-18 3.06187)
(12.754 9.12743e-19 3.08046)
(12.8334 -1.84951e-20 3.09615)
(12.6348 -9.14585e-19 2.83023)
(12.7214 9.2201e-19 2.8471)
(12.795 8.81632e-19 2.86147)
(12.6065 -9.20633e-19 2.60856)
(12.6873 0 2.62388)
(12.7559 8.71325e-19 2.63707)
(12.5763 -9.04712e-19 2.39531)
(12.652 8.76315e-19 2.40924)
(12.7162 -1.73309e-18 2.42131)
(12.5446 0 2.18916)
(12.6159 -2.71802e-20 2.20179)
(12.6764 -2.66796e-20 2.21283)
(12.5122 1.2058e-20 1.98894)
(12.5797 -8.07119e-19 2.00036)
(12.6368 8.58608e-19 2.01039)
(12.4798 -2.64417e-20 1.79355)
(12.5438 -3.91824e-20 1.80382)
(12.5982 -2.57332e-20 1.81289)
(12.448 0 1.60207)
(12.5091 8.26201e-19 1.61124)
(12.561 1.48056e-20 1.61936)
(12.4177 8.2954e-19 1.41345)
(12.4763 0 1.42154)
(12.526 7.85749e-19 1.42874)
(12.3895 -8.10611e-19 1.22698)
(12.4459 -1.22457e-20 1.23404)
(12.4938 1.20863e-20 1.24032)
(12.3643 7.68558e-19 1.04128)
(12.419 -7.58668e-19 1.04729)
(12.4653 -1.18008e-20 1.05266)
(12.3429 1.17985e-20 0.856302)
(12.3961 7.36198e-19 0.86129)
(12.4411 -1.47603e-18 0.865748)
(12.3265 -1.14963e-20 0.669226)
(12.3785 7.34473e-19 0.673147)
(12.4225 -1.43893e-18 0.676657)
(12.3155 3.60319e-19 0.482251)
(12.3667 -5.52937e-21 0.485131)
(12.4101 0 0.487711)
(12.3117 -3.45634e-19 0.288225)
(12.3623 6.88095e-19 0.289899)
(12.4052 -3.57628e-21 0.291383)
(12.0842 8.5589e-20 0.0965084)
(12.1333 -8.36229e-20 0.0970502)
(12.1749 8.36849e-20 0.0975301)
(-0.913962 2.23485e-21 3.85367)
(0.678451 -5.37762e-20 2.25979)
(0.256597 1.19617e-19 1.45634)
(-0.662566 -1.70584e-20 1.09669)
(-0.999276 2.08838e-20 0.884354)
(-1.17412 -1.15223e-21 0.734615)
(-1.27119 -3.22815e-20 0.611462)
(-1.31804 2.92129e-20 0.513189)
(-1.33267 -1.39152e-20 0.447565)
(-1.33068 3.30558e-22 0.415644)
(-1.32949 1.53378e-20 0.409638)
(-1.33526 0 0.407463)
(-1.33951 -6.23493e-21 0.392954)
(-1.33031 -6.8658e-21 0.372744)
(-1.30618 3.08964e-20 0.355947)
(-1.27215 5.32042e-20 0.347437)
(-1.23505 2.85454e-20 0.347777)
(-1.20126 0 0.354794)
(-1.17584 0 0.364882)
(-1.16254 -8.13547e-22 0.374021)
(-1.16445 -4.96018e-20 0.378748)
(-1.18469 0 0.3761)
(-1.22648 -2.99295e-22 0.36292)
(-1.29302 2.96659e-22 0.335145)
(-1.38482 0 0.288536)
(-1.49812 0 0.221594)
(-1.62375 1.41351e-22 0.140541)
(-1.74616 4.03849e-21 0.0624206)
(-1.84191 -5.07825e-23 0.00902937)
(-1.8894 7.75977e-24 -0.0102261)
(8.27358 -7.42329e-20 4.97777)
(7.39451 -2.58366e-20 4.11688)
(6.19592 9.29462e-21 3.32794)
(4.89363 -9.44561e-21 2.65416)
(3.7865 1.62858e-20 2.08393)
(2.84 0 1.61795)
(2.01439 -1.37744e-20 1.24508)
(1.29363 6.76327e-21 0.94907)
(0.672007 2.08301e-20 0.720243)
(0.162227 7.45665e-22 0.558464)
(-0.247131 0 0.458007)
(-0.470425 -6.21362e-21 0.412551)
(-0.601546 1.90453e-20 0.377643)
(-0.672872 3.23296e-21 0.347996)
(-0.70472 -2.99739e-20 0.328631)
(-0.70908 1.19123e-22 0.323326)
(-0.692884 -2.9704e-20 0.331527)
(-0.664139 2.94262e-20 0.349045)
(-0.629604 -2.77271e-20 0.370826)
(-0.593489 4.24068e-22 0.39249)
(-0.560163 5.10811e-20 0.411296)
(-0.532861 -3.78396e-22 0.425895)
(-0.516344 2.13821e-20 0.434699)
(-0.516654 -5.07383e-22 0.434633)
(-0.541411 5.03439e-22 0.420569)
(-0.596259 0 0.386231)
(-0.683436 6.89603e-21 0.329009)
(-0.797895 -3.84212e-21 0.257126)
(-0.907008 -1.83029e-21 0.192484)
(-0.968081 0 0.157894)
(11.7158 6.77972e-20 6.31316)
(11.0923 6.35965e-20 5.47354)
(10.2471 9.16479e-21 4.68807)
(9.30989 -5.05076e-21 4.0185)
(8.40371 0 3.44187)
(7.53897 -1.87729e-20 2.94105)
(6.70634 7.91612e-21 2.50673)
(5.90946 -3.56182e-21 2.13206)
(5.15592 -1.2316e-20 1.81033)
(4.45328 -1.21869e-20 1.53464)
(3.80864 2.91008e-21 1.29683)
(3.23006 2.89298e-21 1.09164)
(2.71332 0 0.917033)
(2.25451 1.28413e-20 0.771617)
(1.85074 -1.64836e-21 0.6547)
(1.50215 -2.48861e-20 0.565593)
(1.21165 0 0.502898)
(0.982253 -2.7519e-20 0.463902)
(0.814504 -1.09707e-21 0.444398)
(0.704053 0 0.43919)
(0.641204 -5.11247e-20 0.443765)
(0.615314 2.57411e-20 0.455307)
(0.615675 1.14654e-21 0.471557)
(0.631569 -1.94749e-20 0.489447)
(0.649239 -1.70298e-20 0.503769)
(0.656928 0 0.507898)
(0.6456 0 0.496156)
(0.609952 -1.04386e-22 0.467648)
(0.539509 1.97808e-21 0.430329)
(0.487372 -5.41497e-22 0.384526)
(12.9498 0 6.69005)
(12.7677 -1.1265e-19 6.06321)
(12.4027 1.9289e-20 5.43142)
(11.9105 -3.63691e-20 4.85763)
(11.3554 0 4.33746)
(10.7676 -8.74445e-21 3.86391)
(10.1613 -2.09069e-20 3.43685)
(9.54945 3.06365e-20 3.05596)
(8.94423 0 2.71841)
(8.35453 1.88971e-21 2.4195)
(7.78532 -1.88217e-21 2.15331)
(7.23995 -8.04458e-22 1.91611)
(6.72028 -1.48159e-20 1.7062)
(6.22737 -2.67835e-20 1.52213)
(5.76234 0 1.36236)
(5.32672 -1.46108e-20 1.22498)
(4.92246 3.00536e-20 1.10772)
(4.55162 -8.40871e-22 1.00828)
(4.21627 2.64381e-20 0.924551)
(3.91804 -1.61626e-21 0.854883)
(3.65754 2.46269e-20 0.798222)
(3.43455 -2.14141e-20 0.754208)
(3.24834 -4.31737e-20 0.722798)
(3.09745 1.93744e-20 0.70349)
(2.98202 1.40771e-20 0.694315)
(2.89904 0 0.691009)
(2.84197 9.46256e-21 0.688669)
(2.80302 6.07611e-21 0.684356)
(2.7735 0 0.677484)
(2.76553 5.15046e-22 0.669592)
(13.3823 0 6.50318)
(13.4921 6.41731e-20 6.13555)
(13.4668 1.22019e-20 5.7051)
(13.3135 8.35155e-20 5.26786)
(13.0642 -7.11845e-20 4.84135)
(12.7488 1.43743e-20 4.43281)
(12.3872 4.34076e-20 4.04874)
(11.9944 -2.86367e-20 3.69347)
(11.5827 3.52411e-21 3.36827)
(11.1623 3.51073e-21 3.07228)
(10.7406 0 2.80354)
(10.3226 2.3116e-21 2.56021)
(9.91185 1.22597e-20 2.34098)
(9.51105 -1.39157e-20 2.14486)
(9.12265 0 1.9709)
(8.74894 1.36253e-20 1.81781)
(8.39188 -2.5417e-20 1.68383)
(8.05302 -1.81927e-21 1.56695)
(7.73353 3.10648e-20 1.4651)
(7.43429 -3.26711e-21 1.37651)
(7.15593 3.25025e-21 1.29993)
(6.89917 -2.83255e-21 1.23474)
(6.66529 2.37309e-20 1.18058)
(6.45643 -2.01918e-20 1.13672)
(6.27522 0 1.10165)
(6.12371 -1.2935e-20 1.07348)
(6.00297 4.92241e-22 1.05066)
(5.91291 -1.24662e-20 1.03241)
(5.85547 0 1.01807)
(5.82812 2.14208e-21 1.00854)
(13.4779 -3.82433e-19 6.13557)
(13.7309 3.82293e-19 5.94582)
(13.9033 0 5.67726)
(13.9729 6.69647e-21 5.36857)
(13.9483 -1.03592e-20 5.04263)
(13.8504 -1.6746e-20 4.71316)
(13.6963 0 4.38994)
(13.4986 7.52933e-21 4.0798)
(13.2683 2.51683e-20 3.78682)
(13.0144 0 3.51291)
(12.7448 -7.81549e-21 3.25864)
(12.4652 9.29648e-22 3.02401)
(12.1802 6.80246e-21 2.80895)
(11.8936 0 2.61346)
(11.6089 2.54547e-20 2.43728)
(11.329 0 2.27977)
(11.0565 -4.45395e-21 2.13978)
(10.7935 4.42872e-21 2.01589)
(10.5417 -2.92645e-20 1.90657)
(10.3024 0 1.81044)
(10.0765 0 1.72651)
(9.86546 0 1.65409)
(9.67083 2.51192e-20 1.59255)
(9.4948 1.90251e-20 1.54094)
(9.33972 0 1.49788)
(9.20781 1.13801e-20 1.46187)
(9.10097 -8.05838e-21 1.4317)
(9.02064 6.35686e-21 1.40673)
(8.97075 4.34115e-21 1.38673)
(8.94778 -2.02321e-21 1.37146)
(13.4428 3.043e-19 5.70917)
(13.7408 -4.16984e-19 5.62224)
(14.0056 0 5.46584)
(14.2013 1.23656e-19 5.26072)
(14.3212 -1.31193e-19 5.02522)
(14.3755 9.4467e-20 4.77301)
(14.3756 -1.98604e-19 4.51424)
(14.3305 4.83438e-20 4.25647)
(14.2478 0 4.00508)
(14.1351 -6.12628e-21 3.76368)
(13.9989 2.95023e-20 3.53453)
(13.8447 0 3.31906)
(13.6772 4.21458e-20 3.11827)
(13.5005 0 2.9329)
(13.3184 -4.30401e-21 2.76331)
(13.1341 1.15068e-21 2.60944)
(12.9505 1.23317e-20 2.47077)
(12.7702 4.99228e-20 2.34646)
(12.5951 0 2.23555)
(12.4271 8.63258e-21 2.13711)
(12.2677 2.06394e-20 2.05035)
(12.1185 1.4694e-20 1.97461)
(11.9812 -6.28383e-20 1.90919)
(11.858 3.02373e-21 1.85318)
(11.7508 0 1.80545)
(11.6615 1.67607e-20 1.76483)
(11.5917 1.19396e-21 1.73041)
(11.5425 -9.97507e-21 1.70172)
(11.5169 -4.12271e-21 1.6789)
(11.5141 0 1.66148)
(13.3738 2.77722e-19 5.28472)
(13.6663 8.40284e-19 5.25133)
(13.9569 -3.95481e-19 5.16507)
(14.208 0 5.03411)
(14.4055 0 4.87006)
(14.5521 0 4.68356)
(14.6535 -5.19743e-21 4.48329)
(14.7146 1.35934e-19 4.2762)
(14.74 -8.49653e-20 4.06778)
(14.7347 3.01665e-20 3.86231)
(14.7037 -5.24731e-20 3.66287)
(14.6515 0 3.4717)
(14.5822 -6.26812e-20 3.29051)
(14.4993 6.95802e-20 3.12056)
(14.4065 1.03085e-20 2.96274)
(14.3069 -3.81678e-20 2.81747)
(14.2034 0 2.68479)
(14.0985 -4.78171e-20 2.56439)
(13.9944 -4.4003e-20 2.45577)
(13.893 1.16402e-20 2.35835)
(13.7963 -3.54171e-20 2.27156)
(13.7057 0 2.19487)
(13.6231 2.06101e-20 2.12763)
(13.5502 7.12787e-21 2.0691)
(13.4887 2.46686e-20 2.01838)
(13.4399 -1.60234e-20 1.97462)
(13.405 0 1.93719)
(13.3847 8.39842e-21 1.90591)
(13.3808 2.51261e-22 1.88126)
(13.3956 -5.64852e-21 1.86321)
(13.304 -1.08946e-18 4.89233)
(13.5724 3.47325e-19 4.88416)
(13.8548 0 4.83782)
(14.1182 0 4.75492)
(14.3469 0 4.64179)
(14.5395 1.11896e-19 4.50571)
(14.6982 -1.01209e-19 4.35319)
(14.8246 -4.88478e-20 4.18986)
(14.9207 -8.92926e-20 4.02059)
(14.9895 -5.5235e-20 3.84947)
(15.034 -3.77208e-20 3.67973)
(15.0574 -6.19578e-20 3.51395)
(15.0627 -2.93979e-21 3.35416)
(15.0531 -5.42531e-20 3.20193)
(15.0313 -8.98805e-20 3.05847)
(15.0001 3.68014e-20 2.92458)
(14.9622 -1.77674e-20 2.80068)
(14.9198 1.76437e-20 2.68687)
(14.8751 5.36487e-20 2.58304)
(14.8298 0 2.48888)
(14.7857 5.32982e-20 2.40406)
(14.7445 -9.90588e-21 2.32816)
(14.7076 1.29351e-21 2.26073)
(14.6765 4.35577e-20 2.20118)
(14.6524 -2.37202e-20 2.14891)
(14.6364 -2.37609e-20 2.10333)
(14.6292 0 2.06411)
(14.6313 1.31821e-20 2.03131)
(14.6436 -3.23139e-22 2.00563)
(14.6714 5.51209e-21 1.98748)
(13.2401 3.54088e-19 4.53564)
(13.4814 5.84692e-19 4.53902)
(13.743 3.97562e-19 4.51468)
(13.9974 -3.63392e-20 4.46157)
(14.2302 -3.54397e-19 4.38284)
(14.439 3.15123e-19 4.28316)
(14.6238 -2.84847e-19 4.16713)
(14.7844 8.27977e-20 4.039)
(14.9213 -1.71228e-19 3.90266)
(15.0357 -5.73135e-20 3.7616)
(15.1291 -3.86035e-21 3.61885)
(15.2035 7.51975e-20 3.47695)
(15.261 -1.00441e-20 3.33799)
(15.3039 5.58184e-20 3.20362)
(15.3342 -5.27011e-20 3.0752)
(15.3543 -2.07053e-21 2.95376)
(15.3662 0 2.83996)
(15.3718 4.39361e-20 2.7342)
(15.373 -3.40874e-20 2.63661)
(15.3715 6.42042e-20 2.54717)
(15.3687 -6.82439e-20 2.46572)
(15.366 -1.33351e-20 2.39202)
(15.3648 0 2.32578)
(15.366 -4.24451e-20 2.26662)
(15.3708 -3.3027e-20 2.21417)
(15.3798 3.00182e-20 2.16813)
(15.3936 0 2.12838)
(15.4124 -1.27255e-20 2.09516)
(15.4369 0 2.06924)
(15.4748 8.51765e-21 2.05117)
(13.1815 -3.64949e-19 4.20956)
(13.3984 4.21838e-19 4.21866)
(13.6369 5.23319e-20 4.20699)
(13.8745 0 4.17264)
(14.0988 5.73411e-21 4.11708)
(14.3071 8.10482e-22 4.04325)
(14.4989 0 3.95435)
(14.6734 -2.21132e-19 3.85349)
(14.83 2.43235e-19 3.74366)
(14.9689 -1.59234e-19 3.62765)
(15.0907 1.46581e-19 3.50811)
(15.1964 -1.64026e-19 3.38735)
(15.2873 1.57401e-19 3.26731)
(15.3649 -7.4296e-20 3.14963)
(15.4308 -6.08558e-20 3.03569)
(15.4866 1.13116e-19 2.9266)
(15.5338 0 2.8232)
(15.574 7.59119e-21 2.72603)
(15.6087 0 2.63541)
(15.6392 0 2.55151)
(15.6669 3.117e-20 2.47435)
(15.6928 -3.09766e-20 2.40388)
(15.718 0 2.33994)
(15.7433 -4.7249e-20 2.28235)
(15.7695 -1.63583e-20 2.23094)
(15.7972 0 2.1856)
(15.8267 0 2.14641)
(15.8583 0 2.11368)
(15.8925 0 2.08813)
(15.9393 -8.24447e-21 2.07033)
(13.1266 -9.49192e-19 3.90877)
(13.3227 8.52029e-20 3.92103)
(13.5401 5.08828e-19 3.91725)
(13.7596 -2.57288e-20 3.89535)
(13.9706 -6.24032e-21 3.85589)
(14.1708 3.25878e-19 3.80073)
(14.3598 0 3.73209)
(14.5365 0 3.65223)
(14.7 9.45221e-20 3.56341)
(14.8497 1.16266e-19 3.46786)
(14.9859 0 3.36778)
(15.109 -5.05617e-20 3.26517)
(15.2195 -1.75321e-19 3.16176)
(15.3185 8.26098e-20 3.05908)
(15.4069 1.44071e-19 2.95846)
(15.486 -6.77036e-20 2.86105)
(15.5568 6.21002e-20 2.76772)
(15.6206 -4.87978e-20 2.67911)
(15.6784 5.03807e-20 2.59568)
(15.7315 9.01971e-20 2.51771)
(15.7807 8.02535e-20 2.44539)
(15.827 0 2.37879)
(15.8712 0 2.31794)
(15.9141 -7.37383e-21 2.26279)
(15.956 -3.85871e-20 2.21333)
(15.9976 3.68166e-20 2.16958)
(16.0392 -5.81639e-21 2.13173)
(16.0811 5.796e-21 2.10015)
(16.1238 5.57809e-22 2.07541)
(16.1791 -5.53437e-22 2.05804)
(13.0744 -5.5839e-19 3.62892)
(13.2529 4.87234e-19 3.64303)
(13.4517 -5.46132e-20 3.64448)
(13.6543 2.51983e-20 3.63126)
(13.8513 1.15945e-20 3.60344)
(14.041 3.38617e-19 3.5622)
(14.2229 -3.14083e-19 3.50905)
(14.396 0 3.44562)
(14.5594 -3.26254e-20 3.3736)
(14.7122 4.9514e-21 3.29478)
(14.8543 -1.5925e-19 3.21098)
(14.9858 2.65402e-19 3.12383)
(15.1069 2.70912e-19 3.03486)
(15.2182 -1.46637e-20 2.94546)
(15.3202 -2.37173e-19 2.8569)
(15.4138 0 2.77028)
(15.4999 -1.21816e-19 2.68647)
(15.5791 5.49523e-20 2.60613)
(15.6525 -1.03904e-19 2.52979)
(15.7209 -4.33383e-20 2.45787)
(15.7851 -1.61424e-19 2.39065)
(15.8458 3.90848e-20 2.32834)
(15.9036 2.99937e-20 2.27106)
(15.9592 -3.6919e-20 2.2189)
(16.0129 3.90376e-20 2.17197)
(16.0653 4.63661e-20 2.1304)
(16.1166 3.86787e-20 2.09441)
(16.1672 6.51965e-21 2.06435)
(16.2176 0 2.04072)
(16.2815 0 2.02394)
(13.0238 4.52521e-19 3.36645)
(13.1875 -4.64913e-19 3.38163)
(13.3704 5.15006e-19 3.38667)
(13.5578 -2.6367e-20 3.37972)
(13.7417 -1.2289e-20 3.36056)
(13.9205 0 3.32995)
(14.0939 3.0156e-19 3.28892)
(14.2611 -3.18077e-19 3.2386)
(14.421 2.73577e-19 3.18029)
(14.5729 2.74841e-19 3.11535)
(14.7163 1.73271e-19 3.04524)
(14.8511 -2.28484e-19 2.97134)
(14.9775 0 2.89497)
(15.0954 -1.76832e-19 2.81738)
(15.2053 8.76202e-20 2.7397)
(15.3078 2.26394e-19 2.66299)
(15.4035 -7.88085e-20 2.58807)
(15.493 -6.63052e-20 2.51559)
(15.577 5.95671e-20 2.44616)
(15.656 -5.34505e-20 2.38025)
(15.7307 4.29407e-20 2.31824)
(15.8017 4.18544e-20 2.26041)
(15.8696 0 2.20698)
(15.9347 2.13489e-20 2.15815)
(15.9976 -7.62069e-20 2.11409)
(16.0586 -9.43972e-21 2.075)
(16.1181 -4.96532e-20 2.04115)
(16.1766 -3.28816e-20 2.01284)
(16.2342 0 1.99048)
(16.3069 -6.9236e-21 1.97441)
(12.9745 4.36285e-20 3.11848)
(13.1255 -4.84387e-19 3.1342)
(13.2946 -4.91397e-19 3.14172)
(13.4688 8.37159e-19 3.13937)
(13.6408 -7.64546e-19 3.12681)
(13.8093 3.81361e-19 3.10447)
(13.9741 2.16027e-20 3.07304)
(14.1346 0 3.03335)
(14.2897 0 2.98632)
(14.4387 -3.09456e-20 2.93302)
(14.581 -1.76885e-19 2.87457)
(14.7165 4.00976e-19 2.81211)
(14.845 -1.57223e-20 2.74681)
(14.9663 -2.01689e-19 2.67977)
(15.0809 8.52905e-20 2.61199)
(15.189 -7.77828e-20 2.54438)
(15.2911 0 2.4777)
(15.3876 0 2.41268)
(15.4789 0 2.34991)
(15.5656 5.20256e-20 2.28991)
(15.6481 5.56132e-20 2.23311)
(15.7269 -1.26622e-19 2.17984)
(15.8025 0 2.13042)
(15.8753 6.21183e-20 2.08507)
(15.9458 5.79268e-20 2.04406)
(16.0142 4.76951e-20 2.00762)
(16.0809 2.6249e-20 1.97601)
(16.1465 3.27299e-20 1.94954)
(16.2113 0 1.92851)
(16.2927 6.72109e-21 1.91326)
(12.9259 -9.95979e-19 2.8827)
(13.0661 4.21271e-19 2.89855)
(13.2234 0 2.90775)
(13.386 2.59168e-20 2.9088)
(13.5474 -6.06279e-21 2.90126)
(13.7064 -5.66407e-21 2.8854)
(13.8631 -3.55762e-19 2.86168)
(14.0168 3.30402e-19 2.83064)
(14.1667 0 2.79297)
(14.312 -3.38176e-20 2.74945)
(14.4522 -6.25494e-20 2.70097)
(14.5868 -1.72144e-19 2.64845)
(14.7158 2.27393e-19 2.59291)
(14.8389 0 2.53531)
(14.9562 0 2.47649)
(15.068 1.6356e-19 2.41722)
(15.1745 -1.62015e-19 2.35825)
(15.276 0 2.30029)
(15.3728 5.59361e-20 2.24394)
(15.4654 -7.1303e-20 2.18971)
(15.554 -1.5437e-19 2.13805)
(15.6391 4.46235e-20 2.08936)
(15.7211 5.25958e-21 2.04397)
(15.8004 1.41855e-19 2.00219)
(15.8774 -8.83303e-20 1.96429)
(15.9524 -4.63573e-20 1.93053)
(16.0259 0 1.9012)
(16.0982 -2.92504e-20 1.87657)
(16.1698 1.86373e-20 1.85691)
(16.2598 -7.87224e-21 1.84251)
(12.878 -4.3838e-19 2.65714)
(13.0088 5.81968e-20 2.67283)
(13.1558 -4.33902e-19 2.6831)
(13.3084 4.27482e-19 2.68661)
(13.4603 6.20211e-21 2.68291)
(13.6108 3.60599e-19 2.67212)
(13.76 -3.55727e-19 2.65456)
(13.9074 2.05667e-20 2.63058)
(14.052 0 2.60066)
(14.1934 0 2.56537)
(14.3309 6.69521e-20 2.52543)
(14.464 1.73866e-19 2.4816)
(14.5925 -2.33454e-19 2.43469)
(14.7162 -2.01392e-19 2.38548)
(14.8352 1.12592e-19 2.3347)
(14.9495 1.83422e-19 2.28307)
(15.0591 1.55225e-19 2.23128)
(15.1644 -1.53773e-19 2.17999)
(15.2656 6.45974e-20 2.12977)
(15.3628 5.82444e-20 2.08113)
(15.4566 -1.54718e-19 2.03451)
(15.5471 1.01781e-19 1.99035)
(15.6347 -1.26841e-19 1.94899)
(15.7198 -3.10524e-20 1.91076)
(15.8027 0 1.87597)
(15.8839 0 1.84491)
(15.9636 -4.17577e-20 1.81783)
(16.0424 5.90653e-20 1.79502)
(16.1206 -1.80939e-20 1.77671)
(16.219 7.64073e-21 1.76321)
(12.8307 4.62806e-19 2.44018)
(12.9534 0 2.45547)
(13.0915 0 2.46634)
(13.2352 0 2.47158)
(13.3788 -3.89589e-19 2.47075)
(13.5217 3.83842e-19 2.46391)
(13.664 1.09743e-20 2.45125)
(13.8054 2.97954e-19 2.43299)
(13.9451 -1.62865e-20 2.40947)
(14.0824 2.93835e-19 2.38111)
(14.2169 -3.92011e-19 2.34848)
(14.348 3.1656e-19 2.3122)
(14.4755 0 2.27288)
(14.5993 -1.51901e-19 2.23112)
(14.7192 1.08083e-19 2.18758)
(14.8351 -1.74928e-19 2.14292)
(14.9471 1.7319e-19 2.09776)
(15.0554 -6.79296e-20 2.0527)
(15.1601 2.15659e-19 2.00827)
(15.2613 0 1.96496)
(15.3595 -5.77328e-20 1.92322)
(15.4547 4.7108e-20 1.88345)
(15.5474 -5.22536e-20 1.84604)
(15.6378 4.31083e-20 1.81133)
(15.7263 6.46031e-20 1.77962)
(15.8133 -8.42781e-20 1.75121)
(15.899 8.39239e-20 1.72637)
(15.984 -2.97725e-20 1.70537)
(16.0684 -1.75606e-21 1.68842)
(16.1749 1.74008e-21 1.67582)
(12.7843 -5.01542e-19 2.23044)
(12.9 4.63166e-19 2.24513)
(13.0303 0 2.2562)
(13.1662 -4.03658e-19 2.2626)
(13.3025 3.97553e-19 2.26389)
(13.4385 -5.69731e-21 2.26009)
(13.5746 2.08565e-22 2.25129)
(13.7104 0 2.23765)
(13.8453 -2.99118e-19 2.2194)
(13.9786 -1.51941e-20 2.19685)
(14.11 -2.10349e-19 2.17045)
(14.239 -2.4374e-19 2.14065)
(14.3653 1.8147e-19 2.10792)
(14.4887 -5.31063e-20 2.07276)
(14.609 0 2.03573)
(14.726 -1.7874e-19 1.99739)
(14.8399 1.76927e-19 1.95831)
(14.9506 -1.55727e-19 1.91901)
(15.0582 -6.91814e-20 1.88)
(15.1629 1.22623e-19 1.84174)
(15.2649 -1.75077e-19 1.80463)
(15.3644 1.16598e-20 1.76909)
(15.4617 1.84382e-19 1.73548)
(15.557 4.08403e-20 1.70417)
(15.6507 -3.61929e-20 1.67547)
(15.743 1.09907e-19 1.64967)
(15.8344 -8.67731e-20 1.62704)
(15.9252 -3.27878e-20 1.60782)
(16.0157 2.08824e-20 1.59224)
(16.1299 0 1.58057)
(12.739 -4.76503e-19 2.0267)
(12.8486 4.14697e-19 2.04062)
(12.9721 -4.35701e-19 2.0516)
(13.1011 -1.27744e-20 2.05869)
(13.2309 0 2.06149)
(13.3609 5.74358e-21 2.05997)
(13.4913 -1.06933e-20 2.05421)
(13.622 0 2.04428)
(13.7524 0 2.03033)
(13.882 0 2.01261)
(14.0104 0 1.99141)
(14.1372 0 1.96711)
(14.2621 5.79162e-20 1.94008)
(14.3848 5.56086e-20 1.91071)
(14.5052 1.9664e-19 1.87947)
(14.623 -1.94514e-19 1.84683)
(14.7383 -7.86349e-20 1.81328)
(14.851 9.02111e-20 1.7793)
(14.9611 2.24872e-19 1.74535)
(15.0688 -6.69939e-20 1.71185)
(15.1742 0 1.67914)
(15.2775 9.94539e-20 1.64763)
(15.3789 -5.12085e-20 1.61767)
(15.4787 -4.10481e-20 1.58965)
(15.5771 -3.70975e-20 1.56387)
(15.6744 -5.49499e-20 1.54062)
(15.7711 4.33816e-20 1.52015)
(15.8673 6.53808e-20 1.50269)
(15.9635 -4.16299e-20 1.48845)
(16.085 -9.0225e-21 1.47772)
(12.6954 0 1.82786)
(12.7995 2.75817e-20 1.84087)
(12.9171 0 1.8515)
(13.0402 -3.82055e-19 1.8589)
(13.1642 3.86863e-19 1.8627)
(13.2888 3.49081e-19 1.86287)
(13.4141 -3.49398e-19 1.85944)
(13.5402 0 1.85244)
(13.6666 0 1.84198)
(13.7926 0 1.8282)
(13.9181 0 1.81134)
(14.0427 0 1.79168)
(14.166 0 1.76952)
(14.2878 -5.4228e-20 1.74518)
(14.4079 5.18706e-20 1.71903)
(14.5262 -4.80792e-20 1.69147)
(14.6425 8.27378e-20 1.66293)
(14.7567 -1.2443e-20 1.63384)
(14.869 -2.24814e-19 1.60458)
(14.9792 6.52274e-20 1.57551)
(15.0876 0 1.54694)
(15.1943 1.01167e-19 1.51924)
(15.2995 -5.79232e-20 1.49278)
(15.4034 -1.29665e-19 1.46792)
(15.5062 0 1.44496)
(15.6082 0 1.42417)
(15.7098 2.66507e-20 1.40579)
(15.8112 -4.70214e-20 1.39004)
(15.9127 2.07345e-20 1.37712)
(16.0411 -4.16727e-22 1.36732)
(12.6539 -1.06613e-20 1.63295)
(12.7534 -4.39631e-19 1.64495)
(12.8658 -4.08598e-19 1.65501)
(12.9837 7.90779e-19 1.66241)
(13.1027 -3.81175e-19 1.66681)
(13.2224 -5.60577e-21 1.66816)
(13.3433 0 1.66647)
(13.4652 -2.01612e-20 1.66176)
(13.5878 2.96362e-19 1.65408)
(13.7107 2.56243e-19 1.64354)
(13.8334 2.62178e-19 1.63029)
(13.9557 -4.72643e-19 1.61454)
(14.0774 2.42603e-19 1.59653)
(14.1982 -1.5833e-19 1.57653)
(14.3179 3.07822e-19 1.55483)
(14.4363 8.24676e-20 1.53177)
(14.5533 -1.81966e-19 1.50772)
(14.6688 8.19579e-20 1.48304)
(14.7828 -1.41822e-19 1.45805)
(14.8953 3.37044e-19 1.43305)
(15.0064 -1.88735e-19 1.40832)
(15.1162 0 1.38421)
(15.2248 -4.85789e-20 1.3611)
(15.3324 7.92234e-20 1.33929)
(15.4393 -7.41925e-20 1.31906)
(15.5456 0 1.30066)
(15.6517 1.8275e-21 1.28431)
(15.7579 2.61696e-20 1.27024)
(15.8644 6.90387e-21 1.25863)
(15.9993 8.90378e-21 1.24977)
(12.6151 -4.48741e-19 1.44091)
(12.7106 4.20306e-19 1.45179)
(12.8186 -4.13265e-19 1.46111)
(12.9319 0 1.46824)
(13.0465 0 1.47289)
(13.1621 5.47507e-21 1.47499)
(13.279 1.04914e-20 1.47456)
(13.3973 1.96823e-20 1.47158)
(13.5166 2.74666e-19 1.4661)
(13.6365 3.2445e-19 1.45816)
(13.7567 -2.60418e-19 1.44789)
(13.8771 2.25895e-19 1.43541)
(13.9972 -5.92582e-20 1.42092)
(14.117 -5.43052e-20 1.40464)
(14.2361 5.05641e-20 1.38681)
(14.3545 1.37074e-19 1.36771)
(14.4721 -1.81918e-19 1.34763)
(14.5886 -7.98036e-20 1.32688)
(14.704 -7.50831e-20 1.30575)
(14.8184 1.93495e-21 1.28448)
(14.9318 5.9914e-20 1.26332)
(15.0442 -5.52119e-20 1.24259)
(15.1558 1.37517e-19 1.22261)
(15.2668 -8.94954e-20 1.20369)
(15.3773 2.32364e-21 1.18607)
(15.4875 5.9454e-21 1.16996)
(15.5978 -3.96151e-20 1.15558)
(15.7084 -1.46046e-20 1.14313)
(15.8196 0 1.1328)
(15.9603 9.33133e-21 1.12488)
(12.5798 -4.29454e-19 1.25104)
(12.6719 4.21827e-19 1.26071)
(12.776 0 1.26914)
(12.8854 -3.75533e-19 1.27579)
(12.9963 3.69071e-19 1.2804)
(13.1082 3.45721e-19 1.28291)
(13.2217 -2.20413e-20 1.28332)
(13.3368 -1.18892e-20 1.28162)
(13.4532 -2.83455e-19 1.27782)
(13.5705 0 1.27195)
(13.6885 -3.31798e-20 1.26409)
(13.807 -3.1244e-20 1.25435)
(13.9258 2.84829e-19 1.24285)
(14.0445 -1.69186e-19 1.22976)
(14.1631 0 1.2153)
(14.2814 0 1.19969)
(14.3993 2.13489e-19 1.18316)
(14.5165 -3.22991e-19 1.16595)
(14.6332 3.69223e-19 1.14831)
(14.7492 -2.68075e-19 1.1305)
(14.8646 1.89337e-19 1.1127)
(14.9793 -4.94226e-20 1.09516)
(15.0936 1.47439e-19 1.07816)
(15.2075 -1.26236e-19 1.06197)
(15.3212 5.9074e-21 1.04684)
(15.435 5.94741e-21 1.03296)
(15.549 -7.4805e-21 1.02052)
(15.6636 4.37754e-20 1.00971)
(15.7789 0 1.00069)
(15.9251 -1.84051e-20 0.993725)
(12.5486 1.32643e-20 1.06187)
(12.6378 0 1.07026)
(12.7387 0 1.07767)
(12.8449 3.68095e-19 1.08364)
(12.9526 -7.12673e-19 1.08797)
(13.0615 3.40026e-19 1.09058)
(13.172 0 1.09148)
(13.2844 -3.01471e-19 1.09065)
(13.3982 2.96955e-19 1.08808)
(13.5133 0 1.08381)
(13.6294 3.2337e-20 1.07789)
(13.7462 3.04448e-20 1.0704)
(13.8637 0 1.06143)
(13.9816 -8.07025e-20 1.05107)
(14.0996 -5.07617e-20 1.0395)
(14.2177 0 1.02694)
(14.3358 -4.30525e-20 1.01355)
(14.4537 -1.54636e-19 0.999492)
(14.5714 1.90136e-19 0.98498)
(14.6888 -6.63446e-20 0.970281)
(14.8058 -1.75531e-19 0.955585)
(14.9225 1.69328e-19 0.941033)
(15.0391 -4.85478e-20 0.926821)
(15.1556 4.12744e-20 0.913203)
(15.2722 -3.60227e-20 0.900407)
(15.389 -3.30732e-21 0.888622)
(15.5064 -3.30148e-21 0.878024)
(15.6245 0 0.86878)
(15.7436 0 0.861036)
(15.8944 4.41736e-21 0.855029)
(12.5223 4.05497e-19 0.873434)
(12.6091 -4.0626e-19 0.880475)
(12.7074 3.8707e-19 0.886762)
(12.8109 -2.85908e-21 0.891928)
(12.916 0 0.895784)
(13.0223 0 0.898285)
(13.1305 0 0.899417)
(13.2405 -2.95961e-19 0.899166)
(13.3523 2.91488e-19 0.897519)
(13.4654 0 0.894491)
(13.5798 -2.50517e-19 0.890129)
(13.6953 2.47027e-19 0.884511)
(13.8117 0 0.877682)
(13.9287 2.64447e-20 0.869688)
(14.0463 4.94144e-20 0.860681)
(14.1642 -2.26432e-19 0.850844)
(14.2825 1.77672e-19 0.840289)
(14.4009 1.13175e-19 0.829125)
(14.5194 -4.74728e-20 0.817533)
(14.6379 -1.38733e-19 0.805742)
(14.7564 1.1471e-19 0.793946)
(14.8749 -1.94177e-19 0.782261)
(14.9934 4.72253e-20 0.770789)
(15.1122 -4.19245e-20 0.759693)
(15.2313 6.75455e-20 0.749186)
(15.3508 -3.26747e-21 0.739478)
(15.471 2.33975e-20 0.730741)
(15.5922 1.7195e-20 0.723116)
(15.7145 9.00864e-21 0.716718)
(15.8696 6.44914e-21 0.71173)
(12.502 4.0781e-19 0.682735)
(12.5869 1.21416e-20 0.688331)
(12.6831 3.68049e-19 0.693368)
(12.7845 -3.59051e-19 0.697559)
(12.8875 0 0.700754)
(12.9919 5.09271e-21 0.702916)
(13.0982 0 0.704031)
(13.2064 0 0.704085)
(13.3165 8.77826e-21 0.703065)
(13.4281 2.43635e-19 0.70097)
(13.5411 -1.06692e-20 0.697822)
(13.6554 -2.42408e-19 0.693669)
(13.771 2.79971e-20 0.688564)
(13.8873 2.3024e-19 0.682568)
(14.0044 -2.0134e-19 0.675778)
(14.1222 -1.54674e-19 0.668293)
(14.2407 1.5372e-19 0.660212)
(14.3595 2.29325e-19 0.651645)
(14.4787 -1.85613e-19 0.642713)
(14.5982 0 0.633575)
(14.718 -2.67584e-20 0.624418)
(14.8379 1.59949e-19 0.615369)
(14.9582 -5.00447e-20 0.606469)
(15.0789 4.07814e-20 0.59779)
(15.2 -3.21966e-20 0.589505)
(15.3218 4.49818e-20 0.58182)
(15.4444 -5.88442e-20 0.574898)
(15.568 -1.67217e-20 0.568859)
(15.6929 -2.3402e-20 0.563788)
(15.8512 1.90278e-21 0.55983)
(12.4884 -1.94642e-19 0.492181)
(12.5721 -1.83815e-21 0.496324)
(12.6667 4.57439e-21 0.500086)
(12.7666 4.78322e-21 0.50325)
(12.8682 1.68678e-19 0.50571)
(12.9711 -4.95271e-21 0.507439)
(13.0761 0 0.508429)
(13.183 0 0.508668)
(13.2919 -1.71072e-20 0.508142)
(13.4025 -2.38424e-19 0.506847)
(13.5147 2.5092e-19 0.504777)
(13.6283 0 0.501948)
(13.7432 7.94676e-20 0.498425)
(13.8591 -3.08135e-20 0.494294)
(13.976 -9.87295e-20 0.489581)
(14.0938 -1.78244e-22 0.484303)
(14.2123 2.07076e-20 0.478552)
(14.3315 5.53123e-20 0.472444)
(14.4512 -2.05347e-20 0.466069)
(14.5715 -6.19068e-20 0.459531)
(14.6921 -2.36224e-20 0.452961)
(14.8132 2.92034e-20 0.446464)
(14.9348 -2.33793e-20 0.440085)
(15.0569 0 0.433868)
(15.1796 1.58909e-20 0.427917)
(15.3032 -2.86525e-21 0.422367)
(15.4276 2.1121e-20 0.41735)
(15.5533 3.42757e-21 0.412977)
(15.6803 7.13711e-21 0.409333)
(15.8413 0 0.40651)
(12.4826 -1.92892e-19 0.293995)
(12.5655 1.84843e-19 0.296536)
(12.6592 -3.51873e-19 0.298862)
(12.7581 1.71464e-19 0.300805)
(12.8588 -1.58814e-19 0.302308)
(12.9609 5.8771e-21 0.303367)
(13.065 2.4207e-21 0.303977)
(13.1712 2.80658e-19 0.304129)
(13.2794 -1.27506e-19 0.303813)
(13.3894 0 0.303022)
(13.5011 7.50217e-21 0.301752)
(13.6142 1.10725e-19 0.300013)
(13.7288 -1.09227e-19 0.297866)
(13.8445 -6.27742e-21 0.295366)
(13.9613 -7.95713e-20 0.292505)
(14.0792 1.12062e-19 0.289281)
(14.1978 1.02037e-20 0.285752)
(14.3173 -1.87692e-20 0.282)
(14.4373 4.94007e-20 0.278095)
(14.558 -1.26648e-19 0.274093)
(14.6792 7.44801e-20 0.27006)
(14.8009 0 0.266058)
(14.9232 3.41994e-20 0.262141)
(15.0462 -1.85439e-20 0.258355)
(15.17 1.83867e-20 0.254742)
(15.2946 7.06053e-21 0.25137)
(15.4203 -5.50342e-21 0.24833)
(15.5471 -4.10805e-21 0.245741)
(15.6754 -9.32604e-22 0.243745)
(15.8376 9.22932e-22 0.242608)
(12.25 0 0.0984276)
(12.3301 -4.16074e-20 0.0993795)
(12.4209 4.22958e-20 0.100251)
(12.5168 4.07405e-20 0.100966)
(12.6145 -4.06745e-20 0.101513)
(12.7135 -3.83411e-20 0.101893)
(12.8145 -3.20261e-20 0.102104)
(12.9175 6.9729e-20 0.102139)
(13.0225 0 0.101994)
(13.1291 6.06879e-20 0.101665)
(13.2373 -6.71319e-20 0.101149)
(13.347 0 0.100457)
(13.4579 0 0.0996132)
(13.5699 6.12298e-21 0.0986348)
(13.6829 1.08897e-20 0.0975156)
(13.7967 -2.20928e-20 0.0962578)
(13.9113 -9.95622e-21 0.0948816)
(14.0264 1.78242e-20 0.0934145)
(14.142 -1.76359e-20 0.0918795)
(14.258 -1.48797e-20 0.0902951)
(14.3744 1.41197e-20 0.0886818)
(14.4911 -1.33112e-20 0.0870611)
(14.6082 -1.11877e-20 0.0854585)
(14.7256 9.11041e-21 0.0838969)
(14.8436 -5.1994e-21 0.0823896)
(14.9622 -1.07041e-20 0.0809585)
(15.0817 -7.84976e-21 0.0796452)
(15.2022 7.2112e-21 0.0785145)
(15.3241 -8.20819e-22 0.0776693)
(15.4789 0 0.0774412)
)
;

boundaryField
{
    inlet
    {
        type            fixedValue;
        value           uniform (10 0 0);
    }
    outlet
    {
        type            zeroGradient;
    }
    flap
    {
        type            movingWallVelocity;
        value           nonuniform List<vector> 
33
(
(-4.96792e-16 -2.77556e-14 -6.35788e-15)
(-3.42145e-32 2.77556e-14 6.48676e-33)
(0 0 0)
(9.87151e-15 2.77556e-14 2.40615e-14)
(0 0 0)
(0 0 0)
(-8.51893e-14 0 -1.2844e-13)
(-6.23842e-14 -2.77556e-14 -8.58625e-14)
(-5.38411e-14 0 -6.9025e-14)
(0 0 0)
(0 0 0)
(-5.50498e-14 0 -6.26534e-14)
(-7.97506e-14 0 -8.93989e-14)
(-7.99338e-14 0 -8.9116e-14)
(-1.04887e-13 -2.77556e-14 -1.16544e-13)
(-6.15624e-14 -2.77556e-14 5.51803e-14)
(-6.13933e-14 -2.77556e-14 5.51986e-14)
(5.52083e-14 2.23984e-31 -4.97202e-14)
(-5.9381e-16 -2.77556e-14 -7.44498e-15)
(-2.43325e-16 1.01586e-32 -1.2764e-15)
(-1.19602e-15 -5.55112e-14 -3.89456e-15)
(2.00993e-15 2.77556e-14 4.88401e-15)
(-5.66534e-15 7.10574e-32 -1.1187e-14)
(-2.43063e-14 -8.0149e-32 -4.11562e-14)
(-3.407e-14 -2.77556e-14 -5.13191e-14)
(-2.64033e-14 -2.77556e-14 -3.63136e-14)
(-4.79377e-14 0 -6.1422e-14)
(0 0 0)
(0 0 0)
(0 0 0)
(0 0 0)
(-2.47628e-14 0 -2.75938e-14)
(-1.04886e-13 -2.77556e-14 -1.16545e-13)
)
;
    }
    upperWall
    {
        type            noSlip;
    }
    lowerWall
    {
        type            noSlip;
    }
    frontAndBack
    {
        type            empty;
    }
}


// ************************************************************************* //
