/*--------------------------------*- C++ -*----------------------------------*\
| =========                 |                                                 |
| \\      /  F ield         | OpenFOAM: The Open Source CFD Toolbox           |
|  \\    /   O peration     | Version:  dev                                   |
|   \\  /    A nd           | Web:      www.OpenFOAM.org                      |
|    \\/     M anipulation  |                                                 |
\*---------------------------------------------------------------------------*/
FoamFile
{
    version     2.0;
    format      ascii;
    class       vectorField;
    location    "1.74/polyMesh";
    object      points;
}
// * * * * * * * * * * * * * * * * * * * * * * * * * * * * * * * * * * * * * //


1030
(
(1.22023 0.3 0.946927)
(1.29583 0.3 0.954088)
(1.37291 0.3 0.961529)
(1.2211 0.3 1.01981)
(1.29656 0.3 1.02644)
(1.37346 0.3 1.03343)
(1.4517 0.3 1.04072)
(1.53122 0.3 1.04824)
(1.22076 0.3 1.09527)
(1.29623 0.3 1.10136)
(1.37307 0.3 1.10787)
(1.45122 0.3 1.11474)
(1.53062 0.3 1.12192)
(1.6112 0.3 1.12935)
(1.21923 0.3 1.17325)
(1.29482 0.3 1.17879)
(1.37172 0.3 1.18481)
(1.44988 0.3 1.19126)
(1.52925 0.3 1.19806)
(1.60978 0.3 1.20518)
(1.6914 0.3 1.21258)
(1.77405 0.3 1.22022)
(1.21656 0.3 1.25368)
(1.29238 0.3 1.2587)
(1.36943 0.3 1.26424)
(1.44768 0.3 1.27026)
(1.5271 0.3 1.27668)
(1.60765 0.3 1.28347)
(1.68927 0.3 1.29059)
(1.77191 0.3 1.298)
(1.8555 0.3 1.3057)
(1.93998 0.3 1.31367)
(1.21283 0.3 1.33653)
(1.28895 0.3 1.34106)
(1.36621 0.3 1.34615)
(1.44462 0.3 1.35174)
(1.52416 0.3 1.35778)
(1.60479 0.3 1.36423)
(1.68648 0.3 1.37105)
(1.76917 0.3 1.37821)
(1.85281 0.3 1.3857)
(1.93733 0.3 1.39351)
(2.02269 0.3 1.40163)
(1.20812 0.3 1.42178)
(1.28457 0.3 1.42585)
(1.3621 0.3 1.43051)
(1.44073 0.3 1.43569)
(1.52045 0.3 1.44136)
(1.60122 0.3 1.44747)
(1.68302 0.3 1.45399)
(1.76581 0.3 1.46089)
(1.84955 0.3 1.46815)
(1.93417 0.3 1.47577)
(2.01962 0.3 1.48374)
(2.10586 0.3 1.49208)
(2.19283 0.3 1.50079)
(1.20249 0.3 1.50941)
(1.27932 0.3 1.51307)
(1.35717 0.3 1.51732)
(1.43607 0.3 1.52212)
(1.516 0.3 1.52743)
(1.59695 0.3 1.5332)
(1.67891 0.3 1.53942)
(1.76185 0.3 1.54605)
(1.84571 0.3 1.55308)
(1.93047 0.3 1.56049)
(2.01608 0.3 1.56829)
(2.10247 0.3 1.57648)
(2.18961 0.3 1.58507)
(2.27744 0.3 1.59409)
(1.19607 0.3 1.59942)
(1.27329 0.3 1.60271)
(1.35148 0.3 1.60659)
(1.43067 0.3 1.61103)
(1.51084 0.3 1.61599)
(1.59201 0.3 1.62145)
(1.67417 0.3 1.62737)
(1.75728 0.3 1.63372)
(1.84133 0.3 1.6405)
(1.92626 0.3 1.6477)
(2.01205 0.3 1.6553)
(2.09864 0.3 1.66332)
(2.18599 0.3 1.67177)
(2.27406 0.3 1.68067)
(2.3628 0.3 1.69004)
(2.45216 0.3 1.69993)
(1.18897 0.3 1.69182)
(1.26656 0.3 1.69478)
(1.34508 0.3 1.69834)
(1.42456 0.3 1.70245)
(1.50501 0.3 1.70709)
(1.58644 0.3 1.71223)
(1.66882 0.3 1.71785)
(1.75215 0.3 1.72394)
(1.8364 0.3 1.73046)
(1.92155 0.3 1.73742)
(2.00756 0.3 1.74482)
(2.09438 0.3 1.75265)
(2.18199 0.3 1.76094)
(2.27033 0.3 1.76968)
(2.35937 0.3 1.77892)
(2.44907 0.3 1.78868)
(2.53939 0.3 1.799)
(1.18127 0.3 1.78665)
(1.25919 0.3 1.78933)
(1.33804 0.3 1.79258)
(1.41782 0.3 1.79639)
(1.49855 0.3 1.80073)
(1.58025 0.3 1.80557)
(1.6629 0.3 1.8109)
(1.74648 0.3 1.81671)
(1.83097 0.3 1.82299)
(1.91636 0.3 1.82971)
(2.00262 0.3 1.83688)
(2.08971 0.3 1.84451)
(2.1776 0.3 1.8526)
(2.26626 0.3 1.86117)
(2.35564 0.3 1.87024)
(2.44572 0.3 1.87983)
(2.53646 0.3 1.88999)
(2.62785 0.3 1.90075)
(2.71985 0.3 1.91216)
(1.17306 0.3 1.88393)
(1.25129 0.3 1.88637)
(1.33044 0.3 1.88936)
(1.41052 0.3 1.8929)
(1.49154 0.3 1.89695)
(1.57353 0.3 1.90151)
(1.65646 0.3 1.90656)
(1.74031 0.3 1.9121)
(1.82507 0.3 1.91811)
(1.91073 0.3 1.92459)
(1.99726 0.3 1.93153)
(2.08465 0.3 1.93893)
(2.17286 0.3 1.94681)
(2.26186 0.3 1.95517)
(2.35162 0.3 1.96404)
(2.44212 0.3 1.97344)
(2.53332 0.3 1.9834)
(2.62521 0.3 1.99396)
(2.71778 0.3 2.00515)
(2.81101 0.3 2.01701)
(1.16445 0.3 1.98372)
(1.24295 0.3 1.98595)
(1.32238 0.3 1.9887)
(1.40274 0.3 1.99199)
(1.48405 0.3 1.99578)
(1.56632 0.3 2.00007)
(1.64953 0.3 2.00486)
(1.73368 0.3 2.01013)
(1.81874 0.3 2.01588)
(1.90469 0.3 2.0221)
(1.99153 0.3 2.02879)
(2.07924 0.3 2.03596)
(2.1678 0.3 2.0436)
(2.25717 0.3 2.05174)
(2.34735 0.3 2.06038)
(2.43829 0.3 2.06955)
(2.52999 0.3 2.07928)
(2.62242 0.3 2.08959)
(2.71559 0.3 2.10052)
(2.80948 0.3 2.1121)
(2.90407 0.3 2.12439)
(1.15552 0.3 2.08606)
(1.23426 0.3 2.08811)
(1.31394 0.3 2.09066)
(1.39457 0.3 2.09371)
(1.47616 0.3 2.09726)
(1.5587 0.3 2.10131)
(1.64219 0.3 2.10584)
(1.72663 0.3 2.11085)
(1.81201 0.3 2.11633)
(1.89829 0.3 2.12229)
(1.98546 0.3 2.12873)
(2.07352 0.3 2.13564)
(2.16245 0.3 2.14303)
(2.25222 0.3 2.15091)
(2.34283 0.3 2.1593)
(2.43426 0.3 2.16821)
(2.52648 0.3 2.17767)
(2.61949 0.3 2.18769)
(2.71329 0.3 2.19832)
(2.80788 0.3 2.20958)
(2.90324 0.3 2.22151)
(3 0.3 2.23395)
(1.14635 0.3 2.19103)
(1.22529 0.3 2.19292)
(1.3052 0.3 2.19528)
(1.38607 0.3 2.19813)
(1.46792 0.3 2.20146)
(1.55073 0.3 2.20527)
(1.6345 0.3 2.20955)
(1.71923 0.3 2.2143)
(1.80493 0.3 2.21952)
(1.89156 0.3 2.22521)
(1.9791 0.3 2.23138)
(2.06753 0.3 2.23802)
(2.15685 0.3 2.24514)
(2.24705 0.3 2.25275)
(2.33812 0.3 2.26085)
(2.43005 0.3 2.26947)
(2.52282 0.3 2.27862)
(2.61644 0.3 2.28832)
(2.7109 0.3 2.2986)
(2.80623 0.3 2.30949)
(2.90238 0.3 2.32101)
(3 0.3 2.33302)
(1.13702 0.3 2.2987)
(1.21614 0.3 2.30044)
(1.29624 0.3 2.30265)
(1.37733 0.3 2.3053)
(1.45942 0.3 2.30842)
(1.54249 0.3 2.312)
(1.62655 0.3 2.31604)
(1.71157 0.3 2.32055)
(1.79758 0.3 2.32551)
(1.88457 0.3 2.33093)
(1.97249 0.3 2.33681)
(2.06132 0.3 2.34316)
(2.15105 0.3 2.34999)
(2.24169 0.3 2.35729)
(2.33324 0.3 2.36509)
(2.4257 0.3 2.37338)
(2.51905 0.3 2.38219)
(2.6133 0.3 2.39153)
(2.70845 0.3 2.40142)
(2.80452 0.3 2.41189)
(2.9015 0.3 2.42296)
(3 0.3 2.43448)
(1.12763 0.3 2.40914)
(1.20688 0.3 2.41076)
(1.28715 0.3 2.41282)
(1.36844 0.3 2.4153)
(1.45075 0.3 2.41822)
(1.53408 0.3 2.42158)
(1.6184 0.3 2.42539)
(1.70372 0.3 2.42965)
(1.79005 0.3 2.43434)
(1.87737 0.3 2.43948)
(1.96568 0.3 2.44507)
(2.05493 0.3 2.45112)
(2.1451 0.3 2.45763)
(2.23619 0.3 2.46462)
(2.32824 0.3 2.47207)
(2.42124 0.3 2.48001)
(2.51519 0.3 2.48844)
(2.61008 0.3 2.49738)
(2.70594 0.3 2.50684)
(2.80278 0.3 2.51684)
(2.9006 0.3 2.52741)
(3 0.3 2.5384)
(1.11825 0.3 2.52245)
(1.19761 0.3 2.52397)
(1.27803 0.3 2.52588)
(1.35949 0.3 2.5282)
(1.442 0.3 2.53094)
(1.52556 0.3 2.53409)
(1.61015 0.3 2.53766)
(1.69576 0.3 2.54167)
(1.78239 0.3 2.5461)
(1.87005 0.3 2.55095)
(1.95874 0.3 2.55624)
(2.04841 0.3 2.56197)
(2.13903 0.3 2.56814)
(2.23061 0.3 2.57478)
(2.32318 0.3 2.58186)
(2.41673 0.3 2.58941)
(2.51128 0.3 2.59742)
(2.60683 0.3 2.60592)
(2.7034 0.3 2.61491)
(2.80103 0.3 2.62441)
(2.8997 0.3 2.63443)
(3 0.3 2.64484)
(1.10896 0.3 2.63874)
(1.18841 0.3 2.64015)
(1.26895 0.3 2.64194)
(1.35057 0.3 2.6441)
(1.43327 0.3 2.64665)
(1.51704 0.3 2.6496)
(1.60188 0.3 2.65294)
(1.68776 0.3 2.65669)
(1.7747 0.3 2.66085)
(1.8627 0.3 2.66541)
(1.95175 0.3 2.67039)
(2.04183 0.3 2.67578)
(2.13292 0.3 2.68159)
(2.22501 0.3 2.68784)
(2.31809 0.3 2.69452)
(2.4122 0.3 2.70165)
(2.50736 0.3 2.70921)
(2.60357 0.3 2.71722)
(2.70087 0.3 2.7257)
(2.79927 0.3 2.73464)
(2.8988 0.3 2.74407)
(3 0.3 2.75384)
(1.09986 0.3 2.75812)
(1.17938 0.3 2.75943)
(1.26003 0.3 2.76109)
(1.34178 0.3 2.7631)
(1.42464 0.3 2.76547)
(1.50861 0.3 2.76821)
(1.59368 0.3 2.77132)
(1.67983 0.3 2.77481)
(1.76707 0.3 2.77868)
(1.8554 0.3 2.78294)
(1.9448 0.3 2.78759)
(2.03528 0.3 2.79262)
(2.12682 0.3 2.79806)
(2.21942 0.3 2.80389)
(2.31305 0.3 2.81014)
(2.40773 0.3 2.8168)
(2.50348 0.3 2.82387)
(2.60035 0.3 2.83136)
(2.69836 0.3 2.83927)
(2.79754 0.3 2.84761)
(2.8979 0.3 2.85639)
(3 0.3 2.86549)
(1.09105 0.3 2.88072)
(1.17062 0.3 2.88194)
(1.25135 0.3 2.88347)
(1.33322 0.3 2.88532)
(1.41624 0.3 2.88751)
(1.50039 0.3 2.89003)
(1.58567 0.3 2.8929)
(1.67207 0.3 2.89612)
(1.7596 0.3 2.8997)
(1.84824 0.3 2.90364)
(1.93799 0.3 2.90793)
(2.02885 0.3 2.91259)
(2.12083 0.3 2.91762)
(2.2139 0.3 2.92302)
(2.30808 0.3 2.92879)
(2.40334 0.3 2.93494)
(2.49969 0.3 2.94148)
(2.5972 0.3 2.9484)
(2.6959 0.3 2.9557)
(2.79584 0.3 2.96339)
(2.89703 0.3 2.97147)
(3 0.3 2.97983)
(1.08262 0.3 3.00669)
(1.16223 0.3 3.0078)
(1.24303 0.3 3.0092)
(1.32501 0.3 3.0109)
(1.40816 0.3 3.01289)
(1.49247 0.3 3.0152)
(1.57796 0.3 3.01782)
(1.6646 0.3 3.02076)
(1.75239 0.3 3.02402)
(1.84132 0.3 3.02762)
(1.9314 0.3 3.03154)
(2.02264 0.3 3.0358)
(2.11503 0.3 3.04038)
(2.20857 0.3 3.0453)
(2.30326 0.3 3.05056)
(2.39909 0.3 3.05617)
(2.49603 0.3 3.06212)
(2.59416 0.3 3.06842)
(2.69354 0.3 3.07506)
(2.79421 0.3 3.08205)
(2.8962 0.3 3.08937)
(3 0.3 3.09695)
(1.07471 0.3 3.13619)
(1.15435 0.3 3.1372)
(1.2352 0.3 3.13846)
(1.31726 0.3 3.13999)
(1.40053 0.3 3.14178)
(1.485 0.3 3.14385)
(1.57066 0.3 3.14621)
(1.65752 0.3 3.14885)
(1.74555 0.3 3.15178)
(1.83476 0.3 3.15501)
(1.92516 0.3 3.15853)
(2.01676 0.3 3.16234)
(2.10953 0.3 3.16645)
(2.2035 0.3 3.17086)
(2.29866 0.3 3.17557)
(2.39502 0.3 3.18058)
(2.49255 0.3 3.18589)
(2.59129 0.3 3.19152)
(2.69131 0.3 3.19744)
(2.79267 0.3 3.20366)
(2.89541 0.3 3.21017)
(3 0.3 3.21689)
(1.06743 0.3 3.26941)
(1.14709 0.3 3.27031)
(1.22799 0.3 3.27142)
(1.31013 0.3 3.27276)
(1.3935 0.3 3.27434)
(1.4781 0.3 3.27616)
(1.56392 0.3 3.27823)
(1.65096 0.3 3.28055)
(1.73922 0.3 3.28312)
(1.8287 0.3 3.28594)
(1.91939 0.3 3.28902)
(2.01131 0.3 3.29235)
(2.10444 0.3 3.29595)
(2.1988 0.3 3.29979)
(2.2944 0.3 3.3039)
(2.39124 0.3 3.30826)
(2.48932 0.3 3.31289)
(2.58863 0.3 3.31777)
(2.68924 0.3 3.32291)
(2.79125 0.3 3.3283)
(2.89468 0.3 3.33393)
(3 0.3 3.33974)
(1.06096 0.3 3.40658)
(1.14063 0.3 3.40734)
(1.22157 0.3 3.40829)
(1.30377 0.3 3.40944)
(1.38722 0.3 3.41077)
(1.47193 0.3 3.41232)
(1.5579 0.3 3.41407)
(1.64511 0.3 3.41602)
(1.73357 0.3 3.4182)
(1.82327 0.3 3.42058)
(1.91423 0.3 3.42317)
(2.00643 0.3 3.42598)
(2.09988 0.3 3.42901)
(2.19459 0.3 3.43224)
(2.29057 0.3 3.43569)
(2.38784 0.3 3.43934)
(2.4864 0.3 3.44321)
(2.58624 0.3 3.44729)
(2.6874 0.3 3.45157)
(2.78998 0.3 3.45606)
(2.89403 0.3 3.46074)
(3 0.3 3.46555)
(1.05547 0.3 3.54795)
(1.13515 0.3 3.54856)
(1.21612 0.3 3.54933)
(1.29837 0.3 3.55024)
(1.38189 0.3 3.55131)
(1.4667 0.3 3.55254)
(1.55278 0.3 3.55394)
(1.64013 0.3 3.5555)
(1.72876 0.3 3.55722)
(1.81865 0.3 3.55911)
(1.90982 0.3 3.56117)
(2.00226 0.3 3.5634)
(2.09599 0.3 3.56579)
(2.191 0.3 3.56834)
(2.2873 0.3 3.57106)
(2.38492 0.3 3.57393)
(2.48388 0.3 3.57697)
(2.58419 0.3 3.58016)
(2.68584 0.3 3.58351)
(2.78891 0.3 3.58701)
(2.89347 0.3 3.59067)
(3 0.3 3.59441)
(1.05119 0.3 3.69382)
(1.13088 0.3 3.69426)
(1.21186 0.3 3.69481)
(1.29415 0.3 3.69546)
(1.37773 0.3 3.69623)
(1.4626 0.3 3.6971)
(1.54877 0.3 3.69809)
(1.63624 0.3 3.6992)
(1.72499 0.3 3.70042)
(1.81503 0.3 3.70176)
(1.90637 0.3 3.70321)
(1.999 0.3 3.70478)
(2.09294 0.3 3.70646)
(2.18818 0.3 3.70826)
(2.28474 0.3 3.71016)
(2.38264 0.3 3.71217)
(2.4819 0.3 3.71429)
(2.58256 0.3 3.71651)
(2.68461 0.3 3.71884)
(2.78807 0.3 3.72127)
(2.89304 0.3 3.7238)
(3 0.3 3.72639)
(1.04838 0.3 3.84456)
(1.12807 0.3 3.84479)
(1.20907 0.3 3.84508)
(1.29138 0.3 3.84543)
(1.37499 0.3 3.84583)
(1.45992 0.3 3.8463)
(1.54615 0.3 3.84682)
(1.63368 0.3 3.84741)
(1.72252 0.3 3.84805)
(1.81266 0.3 3.84875)
(1.90411 0.3 3.84952)
(1.99686 0.3 3.85034)
(2.09093 0.3 3.85122)
(2.18633 0.3 3.85216)
(2.28306 0.3 3.85315)
(2.38114 0.3 3.8542)
(2.48061 0.3 3.8553)
(2.58149 0.3 3.85646)
(2.68378 0.3 3.85766)
(2.7875 0.3 3.85892)
(2.89275 0.3 3.86022)
(3 0.3 3.86156)
(1.04739 0.3 4)
(1.12708 0.3 4)
(1.20808 0.3 4)
(1.29039 0.3 4)
(1.37402 0.3 4)
(1.45896 0.3 4)
(1.54521 0.3 4)
(1.63277 0.3 4)
(1.72164 0.3 4)
(1.81181 0.3 4)
(1.9033 0.3 4)
(1.9961 0.3 4)
(2.09022 0.3 4)
(2.18567 0.3 4)
(2.28246 0.3 4)
(2.38061 0.3 4)
(2.48015 0.3 4)
(2.58111 0.3 4)
(2.68349 0.3 4)
(2.7873 0.3 4)
(2.89265 0.3 4)
(3 0.3 4)
(1.22023 0 0.946927)
(1.29583 0 0.954088)
(1.37291 0 0.961529)
(1.2211 0 1.01981)
(1.29656 0 1.02644)
(1.37346 0 1.03343)
(1.4517 0 1.04072)
(1.53122 0 1.04824)
(1.22076 0 1.09527)
(1.29623 0 1.10136)
(1.37307 0 1.10787)
(1.45122 0 1.11474)
(1.53062 0 1.12192)
(1.6112 0 1.12935)
(1.21923 0 1.17325)
(1.29482 0 1.17879)
(1.37172 0 1.18481)
(1.44988 0 1.19126)
(1.52925 0 1.19806)
(1.60978 0 1.20518)
(1.6914 0 1.21258)
(1.77405 0 1.22022)
(1.21656 0 1.25368)
(1.29238 0 1.2587)
(1.36943 0 1.26424)
(1.44768 0 1.27026)
(1.5271 0 1.27668)
(1.60765 0 1.28347)
(1.68927 0 1.29059)
(1.77191 0 1.298)
(1.8555 0 1.3057)
(1.93998 0 1.31367)
(1.21283 0 1.33653)
(1.28895 0 1.34106)
(1.36621 0 1.34615)
(1.44462 0 1.35174)
(1.52416 0 1.35778)
(1.60479 0 1.36423)
(1.68648 0 1.37105)
(1.76917 0 1.37821)
(1.85281 0 1.3857)
(1.93733 0 1.39351)
(2.02269 0 1.40163)
(1.20812 0 1.42178)
(1.28457 0 1.42585)
(1.3621 0 1.43051)
(1.44073 0 1.43569)
(1.52045 0 1.44136)
(1.60122 0 1.44747)
(1.68302 0 1.45399)
(1.76581 0 1.46089)
(1.84955 0 1.46815)
(1.93417 0 1.47577)
(2.01962 0 1.48374)
(2.10586 0 1.49208)
(2.19283 0 1.50079)
(1.20249 0 1.50941)
(1.27932 0 1.51307)
(1.35717 0 1.51732)
(1.43607 0 1.52212)
(1.516 0 1.52743)
(1.59695 0 1.5332)
(1.67891 0 1.53942)
(1.76185 0 1.54605)
(1.84571 0 1.55308)
(1.93047 0 1.56049)
(2.01608 0 1.56829)
(2.10247 0 1.57648)
(2.18961 0 1.58507)
(2.27744 0 1.59409)
(1.19607 0 1.59942)
(1.27329 0 1.60271)
(1.35148 0 1.60659)
(1.43067 0 1.61103)
(1.51084 0 1.61599)
(1.59201 0 1.62145)
(1.67417 0 1.62737)
(1.75728 0 1.63372)
(1.84133 0 1.6405)
(1.92626 0 1.6477)
(2.01205 0 1.6553)
(2.09864 0 1.66332)
(2.18599 0 1.67177)
(2.27406 0 1.68067)
(2.3628 0 1.69004)
(2.45216 0 1.69993)
(1.18897 0 1.69182)
(1.26656 0 1.69478)
(1.34508 0 1.69834)
(1.42456 0 1.70245)
(1.50501 0 1.70709)
(1.58644 0 1.71223)
(1.66882 0 1.71785)
(1.75215 0 1.72394)
(1.8364 0 1.73046)
(1.92155 0 1.73742)
(2.00756 0 1.74482)
(2.09438 0 1.75265)
(2.18199 0 1.76094)
(2.27033 0 1.76968)
(2.35937 0 1.77892)
(2.44907 0 1.78868)
(2.53939 0 1.799)
(1.18127 0 1.78665)
(1.25919 0 1.78933)
(1.33804 0 1.79258)
(1.41782 0 1.79639)
(1.49855 0 1.80073)
(1.58025 0 1.80557)
(1.6629 0 1.8109)
(1.74648 0 1.81671)
(1.83097 0 1.82299)
(1.91636 0 1.82971)
(2.00262 0 1.83688)
(2.08971 0 1.84451)
(2.1776 0 1.8526)
(2.26626 0 1.86117)
(2.35564 0 1.87024)
(2.44572 0 1.87983)
(2.53646 0 1.88999)
(2.62785 0 1.90075)
(2.71985 0 1.91216)
(1.17306 0 1.88393)
(1.25129 0 1.88637)
(1.33044 0 1.88936)
(1.41052 0 1.8929)
(1.49154 0 1.89695)
(1.57353 0 1.90151)
(1.65646 0 1.90656)
(1.74031 0 1.9121)
(1.82507 0 1.91811)
(1.91073 0 1.92459)
(1.99726 0 1.93153)
(2.08465 0 1.93893)
(2.17286 0 1.94681)
(2.26186 0 1.95517)
(2.35162 0 1.96404)
(2.44212 0 1.97344)
(2.53332 0 1.9834)
(2.62521 0 1.99396)
(2.71778 0 2.00515)
(2.81101 0 2.01701)
(1.16445 0 1.98372)
(1.24295 0 1.98595)
(1.32238 0 1.9887)
(1.40274 0 1.99199)
(1.48405 0 1.99578)
(1.56632 0 2.00007)
(1.64953 0 2.00486)
(1.73368 0 2.01013)
(1.81874 0 2.01588)
(1.90469 0 2.0221)
(1.99153 0 2.02879)
(2.07924 0 2.03596)
(2.1678 0 2.0436)
(2.25717 0 2.05174)
(2.34735 0 2.06038)
(2.43829 0 2.06955)
(2.52999 0 2.07928)
(2.62242 0 2.08959)
(2.71559 0 2.10052)
(2.80948 0 2.1121)
(2.90407 0 2.12439)
(1.15552 0 2.08606)
(1.23426 0 2.08811)
(1.31394 0 2.09066)
(1.39457 0 2.09371)
(1.47616 0 2.09726)
(1.5587 0 2.10131)
(1.64219 0 2.10584)
(1.72663 0 2.11085)
(1.81201 0 2.11633)
(1.89829 0 2.12229)
(1.98546 0 2.12873)
(2.07352 0 2.13564)
(2.16245 0 2.14303)
(2.25222 0 2.15091)
(2.34283 0 2.1593)
(2.43426 0 2.16821)
(2.52648 0 2.17767)
(2.61949 0 2.18769)
(2.71329 0 2.19832)
(2.80788 0 2.20958)
(2.90324 0 2.22151)
(3 0 2.23395)
(1.14635 0 2.19103)
(1.22529 0 2.19292)
(1.3052 0 2.19528)
(1.38607 0 2.19813)
(1.46792 0 2.20146)
(1.55073 0 2.20527)
(1.6345 0 2.20955)
(1.71923 0 2.2143)
(1.80493 0 2.21952)
(1.89156 0 2.22521)
(1.9791 0 2.23138)
(2.06753 0 2.23802)
(2.15685 0 2.24514)
(2.24705 0 2.25275)
(2.33812 0 2.26085)
(2.43005 0 2.26947)
(2.52282 0 2.27862)
(2.61644 0 2.28832)
(2.7109 0 2.2986)
(2.80623 0 2.30949)
(2.90238 0 2.32101)
(3 0 2.33302)
(1.13702 0 2.2987)
(1.21614 0 2.30044)
(1.29624 0 2.30265)
(1.37733 0 2.3053)
(1.45942 0 2.30842)
(1.54249 0 2.312)
(1.62655 0 2.31604)
(1.71157 0 2.32055)
(1.79758 0 2.32551)
(1.88457 0 2.33093)
(1.97249 0 2.33681)
(2.06132 0 2.34316)
(2.15105 0 2.34999)
(2.24169 0 2.35729)
(2.33324 0 2.36509)
(2.4257 0 2.37338)
(2.51905 0 2.38219)
(2.6133 0 2.39153)
(2.70845 0 2.40142)
(2.80452 0 2.41189)
(2.9015 0 2.42296)
(3 0 2.43448)
(1.12763 0 2.40914)
(1.20688 0 2.41076)
(1.28715 0 2.41282)
(1.36844 0 2.4153)
(1.45075 0 2.41822)
(1.53408 0 2.42158)
(1.6184 0 2.42539)
(1.70372 0 2.42965)
(1.79005 0 2.43434)
(1.87737 0 2.43948)
(1.96568 0 2.44507)
(2.05493 0 2.45112)
(2.1451 0 2.45763)
(2.23619 0 2.46462)
(2.32824 0 2.47207)
(2.42124 0 2.48001)
(2.51519 0 2.48844)
(2.61008 0 2.49738)
(2.70594 0 2.50684)
(2.80278 0 2.51684)
(2.9006 0 2.52741)
(3 0 2.5384)
(1.11825 0 2.52245)
(1.19761 0 2.52397)
(1.27803 0 2.52588)
(1.35949 0 2.5282)
(1.442 0 2.53094)
(1.52556 0 2.53409)
(1.61015 0 2.53766)
(1.69576 0 2.54167)
(1.78239 0 2.5461)
(1.87005 0 2.55095)
(1.95874 0 2.55624)
(2.04841 0 2.56197)
(2.13903 0 2.56814)
(2.23061 0 2.57478)
(2.32318 0 2.58186)
(2.41673 0 2.58941)
(2.51128 0 2.59742)
(2.60683 0 2.60592)
(2.7034 0 2.61491)
(2.80103 0 2.62441)
(2.8997 0 2.63443)
(3 0 2.64484)
(1.10896 0 2.63874)
(1.18841 0 2.64015)
(1.26895 0 2.64194)
(1.35057 0 2.6441)
(1.43327 0 2.64665)
(1.51704 0 2.6496)
(1.60188 0 2.65294)
(1.68776 0 2.65669)
(1.7747 0 2.66085)
(1.8627 0 2.66541)
(1.95175 0 2.67039)
(2.04183 0 2.67578)
(2.13292 0 2.68159)
(2.22501 0 2.68784)
(2.31809 0 2.69452)
(2.4122 0 2.70165)
(2.50736 0 2.70921)
(2.60357 0 2.71722)
(2.70087 0 2.7257)
(2.79927 0 2.73464)
(2.8988 0 2.74407)
(3 0 2.75384)
(1.09986 0 2.75812)
(1.17938 0 2.75943)
(1.26003 0 2.76109)
(1.34178 0 2.7631)
(1.42464 0 2.76547)
(1.50861 0 2.76821)
(1.59368 0 2.77132)
(1.67983 0 2.77481)
(1.76707 0 2.77868)
(1.8554 0 2.78294)
(1.9448 0 2.78759)
(2.03528 0 2.79262)
(2.12682 0 2.79806)
(2.21942 0 2.80389)
(2.31305 0 2.81014)
(2.40773 0 2.8168)
(2.50348 0 2.82387)
(2.60035 0 2.83136)
(2.69836 0 2.83927)
(2.79754 0 2.84761)
(2.8979 0 2.85639)
(3 0 2.86549)
(1.09105 0 2.88072)
(1.17062 0 2.88194)
(1.25135 0 2.88347)
(1.33322 0 2.88532)
(1.41624 0 2.88751)
(1.50039 0 2.89003)
(1.58567 0 2.8929)
(1.67207 0 2.89612)
(1.7596 0 2.8997)
(1.84824 0 2.90364)
(1.93799 0 2.90793)
(2.02885 0 2.91259)
(2.12083 0 2.91762)
(2.2139 0 2.92302)
(2.30808 0 2.92879)
(2.40334 0 2.93494)
(2.49969 0 2.94148)
(2.5972 0 2.9484)
(2.6959 0 2.9557)
(2.79584 0 2.96339)
(2.89703 0 2.97147)
(3 0 2.97983)
(1.08262 0 3.00669)
(1.16223 0 3.0078)
(1.24303 0 3.0092)
(1.32501 0 3.0109)
(1.40816 0 3.01289)
(1.49247 0 3.0152)
(1.57796 0 3.01782)
(1.6646 0 3.02076)
(1.75239 0 3.02402)
(1.84132 0 3.02762)
(1.9314 0 3.03154)
(2.02264 0 3.0358)
(2.11503 0 3.04038)
(2.20857 0 3.0453)
(2.30326 0 3.05056)
(2.39909 0 3.05617)
(2.49603 0 3.06212)
(2.59416 0 3.06842)
(2.69354 0 3.07506)
(2.79421 0 3.08205)
(2.8962 0 3.08937)
(3 0 3.09695)
(1.07471 0 3.13619)
(1.15435 0 3.1372)
(1.2352 0 3.13846)
(1.31726 0 3.13999)
(1.40053 0 3.14178)
(1.485 0 3.14385)
(1.57066 0 3.14621)
(1.65752 0 3.14885)
(1.74555 0 3.15178)
(1.83476 0 3.15501)
(1.92516 0 3.15853)
(2.01676 0 3.16234)
(2.10953 0 3.16645)
(2.2035 0 3.17086)
(2.29866 0 3.17557)
(2.39502 0 3.18058)
(2.49255 0 3.18589)
(2.59129 0 3.19152)
(2.69131 0 3.19744)
(2.79267 0 3.20366)
(2.89541 0 3.21017)
(3 0 3.21689)
(1.06743 0 3.26941)
(1.14709 0 3.27031)
(1.22799 0 3.27142)
(1.31013 0 3.27276)
(1.3935 0 3.27434)
(1.4781 0 3.27616)
(1.56392 0 3.27823)
(1.65096 0 3.28055)
(1.73922 0 3.28312)
(1.8287 0 3.28594)
(1.91939 0 3.28902)
(2.01131 0 3.29235)
(2.10444 0 3.29595)
(2.1988 0 3.29979)
(2.2944 0 3.3039)
(2.39124 0 3.30826)
(2.48932 0 3.31289)
(2.58863 0 3.31777)
(2.68924 0 3.32291)
(2.79125 0 3.3283)
(2.89468 0 3.33393)
(3 0 3.33974)
(1.06096 0 3.40658)
(1.14063 0 3.40734)
(1.22157 0 3.40829)
(1.30377 0 3.40944)
(1.38722 0 3.41077)
(1.47193 0 3.41232)
(1.5579 0 3.41407)
(1.64511 0 3.41602)
(1.73357 0 3.4182)
(1.82327 0 3.42058)
(1.91423 0 3.42317)
(2.00643 0 3.42598)
(2.09988 0 3.42901)
(2.19459 0 3.43224)
(2.29057 0 3.43569)
(2.38784 0 3.43934)
(2.4864 0 3.44321)
(2.58624 0 3.44729)
(2.6874 0 3.45157)
(2.78998 0 3.45606)
(2.89403 0 3.46074)
(3 0 3.46555)
(1.05547 0 3.54795)
(1.13515 0 3.54856)
(1.21612 0 3.54933)
(1.29837 0 3.55024)
(1.38189 0 3.55131)
(1.4667 0 3.55254)
(1.55278 0 3.55394)
(1.64013 0 3.5555)
(1.72876 0 3.55722)
(1.81865 0 3.55911)
(1.90982 0 3.56117)
(2.00226 0 3.5634)
(2.09599 0 3.56579)
(2.191 0 3.56834)
(2.2873 0 3.57106)
(2.38492 0 3.57393)
(2.48388 0 3.57697)
(2.58419 0 3.58016)
(2.68584 0 3.58351)
(2.78891 0 3.58701)
(2.89347 0 3.59067)
(3 0 3.59441)
(1.05119 0 3.69382)
(1.13088 0 3.69426)
(1.21186 0 3.69481)
(1.29415 0 3.69546)
(1.37773 0 3.69623)
(1.4626 0 3.6971)
(1.54877 0 3.69809)
(1.63624 0 3.6992)
(1.72499 0 3.70042)
(1.81503 0 3.70176)
(1.90637 0 3.70321)
(1.999 0 3.70478)
(2.09294 0 3.70646)
(2.18818 0 3.70826)
(2.28474 0 3.71016)
(2.38264 0 3.71217)
(2.4819 0 3.71429)
(2.58256 0 3.71651)
(2.68461 0 3.71884)
(2.78807 0 3.72127)
(2.89304 0 3.7238)
(3 0 3.72639)
(1.04838 0 3.84456)
(1.12807 0 3.84479)
(1.20907 0 3.84508)
(1.29138 0 3.84543)
(1.37499 0 3.84583)
(1.45992 0 3.8463)
(1.54615 0 3.84682)
(1.63368 0 3.84741)
(1.72252 0 3.84805)
(1.81266 0 3.84875)
(1.90411 0 3.84952)
(1.99686 0 3.85034)
(2.09093 0 3.85122)
(2.18633 0 3.85216)
(2.28306 0 3.85315)
(2.38114 0 3.8542)
(2.48061 0 3.8553)
(2.58149 0 3.85646)
(2.68378 0 3.85766)
(2.7875 0 3.85892)
(2.89275 0 3.86022)
(3 0 3.86156)
(1.04739 0 4)
(1.12708 0 4)
(1.20808 0 4)
(1.29039 0 4)
(1.37402 0 4)
(1.45896 0 4)
(1.54521 0 4)
(1.63277 0 4)
(1.72164 0 4)
(1.81181 0 4)
(1.9033 0 4)
(1.9961 0 4)
(2.09022 0 4)
(2.18567 0 4)
(2.28246 0 4)
(2.38061 0 4)
(2.48015 0 4)
(2.58111 0 4)
(2.68349 0 4)
(2.7873 0 4)
(2.89265 0 4)
(3 0 4)
)


// ************************************************************************* //
