/*--------------------------------*- C++ -*----------------------------------*\
| =========                 |                                                 |
| \\      /  F ield         | OpenFOAM: The Open Source CFD Toolbox           |
|  \\    /   O peration     | Version:  dev                                   |
|   \\  /    A nd           | Web:      www.OpenFOAM.org                      |
|    \\/     M anipulation  |                                                 |
\*---------------------------------------------------------------------------*/
FoamFile
{
    version     2.0;
    format      ascii;
    class       volVectorField;
    location    "0.83";
    object      U;
}
// * * * * * * * * * * * * * * * * * * * * * * * * * * * * * * * * * * * * * //

dimensions      [0 1 -1 0 0 0 0];

internalField   nonuniform List<vector> 
2790
(
(9.92793 2.25515e-20 0.0192751)
(9.85789 -2.33216e-20 0.0271135)
(9.76073 0 0.0324752)
(9.63801 -1.89028e-20 0.038001)
(9.49779 -1.31351e-20 0.0437641)
(9.34292 6.81962e-21 0.0497317)
(9.1728 0 0.0560224)
(8.98633 1.48353e-20 0.0627751)
(8.78274 -3.10614e-20 0.0701072)
(8.56131 3.21259e-20 0.0781262)
(8.32119 3.38154e-20 0.0869432)
(8.06137 3.41231e-22 0.0966774)
(7.78074 -1.10284e-19 0.107454)
(7.4781 7.62912e-20 0.119402)
(7.15225 0 0.132652)
(6.802 8.95995e-20 0.147328)
(6.42624 -9.82493e-20 0.163538)
(6.02408 1.84841e-19 0.181364)
(5.59495 -1.91315e-19 0.200862)
(5.1387 -2.02534e-19 0.222033)
(4.6557 2.09617e-19 0.244771)
(4.14719 0 0.268833)
(3.6155 0 0.29383)
(3.0642 0 0.31918)
(2.49834 -2.50428e-19 0.344013)
(1.92462 5.12813e-19 0.366978)
(1.35124 1.32154e-18 0.385471)
(0.786733 -1.06884e-18 0.387829)
(0.176777 -2.64706e-18 0.270992)
(-0.0403426 -2.27696e-18 -0.160968)
(9.99089 -2.25398e-20 0.0386635)
(9.97969 1.74682e-20 0.0567056)
(9.94297 -6.07222e-21 0.0700534)
(9.87887 3.77282e-20 0.0842956)
(9.79442 0 0.0995839)
(9.69263 0 0.115758)
(9.57316 0 0.133036)
(9.43511 -1.47634e-20 0.15171)
(9.27779 -6.17507e-20 0.17204)
(9.10057 -5.44909e-22 0.19426)
(8.90268 6.65084e-20 0.218614)
(8.6832 -1.7406e-20 0.245363)
(8.44104 0 0.274778)
(8.17504 -1.52622e-19 0.30712)
(7.88399 4.76574e-19 0.342632)
(7.56666 -6.67937e-19 0.381516)
(7.22186 3.55232e-19 0.4239)
(6.84852 -3.64232e-19 0.469795)
(6.44586 3.29251e-19 0.519073)
(6.01351 7.96207e-19 0.571401)
(5.55148 -8.2293e-19 0.626112)
(5.06044 9.7586e-19 0.682107)
(4.54208 -6.7138e-19 0.73779)
(3.99918 0 0.79094)
(3.43576 -2.42816e-19 0.838494)
(2.85739 5.00337e-19 0.876008)
(2.27141 -4.88359e-18 0.89594)
(1.68609 5.09275e-19 0.881243)
(1.0674 5.08936e-19 0.790695)
(0.698248 2.21905e-18 0.609406)
(9.98812 0 0.0407172)
(9.9744 -1.0466e-19 0.0669419)
(9.94021 1.20761e-20 0.089094)
(9.88115 0 0.112593)
(9.80304 0 0.137896)
(9.70901 5.45432e-20 0.164881)
(9.59899 -5.64151e-20 0.193816)
(9.4722 0 0.225112)
(9.32809 3.063e-20 0.259168)
(9.16615 1.28245e-19 0.296362)
(8.98577 -9.92238e-20 0.337091)
(8.78617 1.73401e-20 0.381793)
(8.56642 -2.90614e-19 0.430925)
(8.3255 6.0323e-19 0.484939)
(8.06232 -3.13016e-19 0.544264)
(7.77571 -6.60619e-19 0.609282)
(7.46447 6.82018e-19 0.680275)
(7.1274 0 0.75734)
(6.76342 1.40073e-19 0.840335)
(6.37173 0 0.928803)
(5.95173 0 1.02181)
(5.50303 1.59872e-18 1.1177)
(5.02584 -4.24857e-19 1.21396)
(4.52099 -1.82434e-18 1.30698)
(3.98975 -4.72795e-19 1.3916)
(3.43355 3.42291e-18 1.46046)
(2.85272 -3.47819e-18 1.50251)
(2.24516 -5.05584e-19 1.49866)
(1.56522 -8.05364e-18 1.4222)
(0.970008 9.77015e-18 1.28054)
(9.98626 -1.12351e-20 0.0450972)
(9.97016 1.04576e-19 0.0811044)
(9.93588 -9.64756e-20 0.113441)
(9.87799 5.00047e-20 0.146533)
(9.80139 -5.22116e-20 0.181449)
(9.70925 5.44129e-20 0.218409)
(9.60173 -5.62661e-20 0.257827)
(9.47823 0 0.300258)
(9.33831 -3.05623e-20 0.346252)
(9.18168 -2.55449e-19 0.396341)
(9.00792 -3.54692e-20 0.451079)
(8.81649 2.746e-19 0.511072)
(8.60673 0 0.576951)
(8.37795 6.20888e-19 0.649347)
(8.12936 -6.21253e-19 0.728882)
(7.86012 -1.01559e-20 0.816145)
(7.56933 0 0.911632)
(7.25601 -4.41511e-20 1.01563)
(6.91911 -1.84429e-19 1.12813)
(6.55772 0 1.24873)
(6.1709 1.60949e-18 1.37651)
(5.7575 1.65674e-18 1.50965)
(5.3164 2.16503e-19 1.64521)
(4.84635 3.59328e-18 1.77885)
(4.34552 -2.75639e-18 1.90418)
(3.81074 -4.72651e-19 2.01203)
(3.23558 4.81782e-19 2.08963)
(2.61121 -4.87545e-19 2.11827)
(1.90322 -8.07453e-18 2.07075)
(1.18328 9.52142e-18 1.9857)
(9.98528 0 0.0510208)
(9.96777 0 0.0954076)
(9.93334 9.63921e-20 0.136659)
(9.87637 -5.00094e-20 0.178442)
(9.80113 5.22039e-20 0.222257)
(9.71067 1.08515e-19 0.268657)
(9.60527 -1.1218e-19 0.318177)
(9.48437 0 0.371455)
(9.34761 6.07725e-20 0.429134)
(9.19477 0 0.491835)
(9.02556 0 0.56021)
(8.83956 3.42238e-20 0.634976)
(8.63632 0 0.716876)
(8.41533 -1.85988e-20 0.806653)
(8.17605 9.65327e-21 0.905057)
(7.91796 6.58158e-19 1.01283)
(7.64042 -2.01751e-18 1.13065)
(7.34274 1.39052e-18 1.25901)
(7.02407 9.11091e-20 1.39805)
(6.68348 9.42868e-20 1.54756)
(6.3199 1.95905e-19 1.70679)
(5.93175 -3.27747e-18 1.87403)
(5.51693 -3.00265e-20 2.04631)
(5.07245 6.9749e-18 2.21906)
(4.59396 -3.57859e-18 2.38545)
(4.07497 7.83532e-18 2.53536)
(3.50499 -8.97074e-19 2.65421)
(2.8716 -7.0699e-18 2.72171)
(2.16421 2.38287e-19 2.69816)
(1.3735 0 2.64454)
(9.98479 0 0.0576933)
(9.96656 0 0.109738)
(9.93223 0 0.159433)
(9.87634 0 0.209875)
(9.80274 -1.03688e-19 0.262625)
(9.71434 1.07748e-19 0.318424)
(9.61141 1.12441e-19 0.377925)
(9.49347 -1.16133e-19 0.441847)
(9.36017 -3.64202e-19 0.510907)
(9.21134 6.08875e-20 0.585802)
(9.04674 5.89093e-19 0.667279)
(8.86605 -3.05196e-19 0.756164)
(8.6689 0 0.853303)
(8.45488 0 0.959528)
(8.22358 -9.59149e-21 1.07568)
(7.97463 -9.93449e-21 1.20264)
(7.70759 0 1.34123)
(7.42194 2.24442e-22 1.49216)
(7.11692 -4.45876e-20 1.65577)
(6.79156 -1.8564e-19 1.83204)
(6.44472 2.90176e-18 2.02053)
(6.0745 -2.27763e-19 2.21988)
(5.67799 3.27822e-18 2.4274)
(5.25101 -3.40365e-18 2.63863)
(4.78734 3.02947e-18 2.84652)
(4.27831 0 3.04017)
(3.71151 4.53287e-19 3.20225)
(3.07087 0 3.3084)
(2.37051 0 3.30084)
(1.53903 -2.48672e-19 3.24557)
(9.98462 0 0.0647063)
(9.96618 -1.61384e-19 0.124068)
(9.93221 -2.39476e-20 0.1818)
(9.87757 9.97743e-20 0.240645)
(9.80592 -1.03049e-19 0.302067)
(9.71995 -1.0755e-19 0.366944)
(9.61992 1.11488e-19 0.436072)
(9.50539 0 0.510268)
(9.37606 -1.81501e-19 0.590324)
(9.23178 1.24249e-19 0.676998)
(9.07236 -6.51003e-20 0.771118)
(8.89752 0 0.873618)
(8.70694 0 0.985443)
(8.50023 -7.27445e-20 1.10749)
(8.27704 3.77746e-20 1.24066)
(8.03704 1.2746e-18 1.38594)
(7.77987 1.27899e-20 1.54432)
(7.50511 5.57492e-20 1.71671)
(7.21196 -1.35466e-18 1.90371)
(6.89921 9.1275e-20 2.10555)
(6.56564 3.02468e-18 2.32209)
(6.20905 3.38599e-18 2.55253)
(5.82581 -3.2136e-18 2.7947)
(5.41086 3.27444e-18 3.04451)
(4.95656 0 3.29477)
(4.4526 -2.66533e-20 3.53361)
(3.88569 6.98813e-18 3.7402)
(3.23491 -7.06577e-18 3.88529)
(2.53389 0 3.89403)
(1.67725 -7.54098e-18 3.81972)
(9.98467 0 0.0718128)
(9.96635 1.38226e-19 0.13828)
(9.933 -1.04644e-22 0.203685)
(9.87982 -4.9885e-20 0.270592)
(9.81037 2.06029e-19 0.340376)
(9.72717 2.1418e-19 0.414023)
(9.63043 -2.2204e-19 0.492452)
(9.51976 -1.15177e-19 0.576571)
(9.39491 -1.19553e-19 0.667238)
(9.25576 1.86334e-19 0.765261)
(9.10213 0 0.871539)
(8.93379 5.37992e-19 0.987131)
(8.75045 7.40932e-20 1.11308)
(8.55175 -5.02165e-19 1.25032)
(8.33733 -3.74926e-20 1.39985)
(8.10685 0 1.56276)
(7.85987 0 1.74016)
(7.59605 -2.07373e-20 1.93321)
(7.31454 0 2.14285)
(7.01379 0 2.3696)
(6.69224 -2.28404e-20 2.6137)
(6.34731 -9.48832e-20 2.87496)
(5.97504 0 3.152)
(5.56932 -7.71745e-22 3.44117)
(5.12124 0 3.7353)
(4.61904 6.65288e-18 4.02165)
(4.04878 3.06398e-20 4.27601)
(3.38387 -6.42364e-18 4.46471)
(2.66974 -7.95657e-18 4.50027)
(1.79317 7.59214e-18 4.41091)
(9.98481 0 0.078864)
(9.96688 0 0.152255)
(9.93445 0 0.225003)
(9.88297 9.84742e-20 0.29961)
(9.81596 1.02461e-19 0.377419)
(9.73583 1.06952e-19 0.459506)
(9.64275 -1.10147e-19 0.546878)
(9.53637 2.29347e-19 0.640523)
(9.41649 -2.38368e-19 0.741362)
(9.28306 1.22372e-19 0.850254)
(9.13584 0 0.968176)
(8.97458 -4.005e-19 1.0963)
(8.79914 4.79084e-19 1.23576)
(8.6092 -1.21623e-18 1.38754)
(8.40438 1.24966e-18 1.55275)
(8.18426 -1.15167e-18 1.73261)
(7.94836 2.5291e-18 1.92838)
(7.69615 -2.59306e-18 2.14141)
(7.42673 1.34294e-18 2.37309)
(7.13861 4.32283e-20 2.62439)
(6.82946 2.24398e-20 2.89594)
(6.49622 2.94509e-18 3.18819)
(6.13476 -2.90042e-18 3.50079)
(5.73799 7.53435e-22 3.83079)
(5.29573 6.07634e-18 4.17132)
(4.79441 -6.74231e-18 4.50918)
(4.21914 0 4.8179)
(3.53731 -4.18745e-19 5.06062)
(2.79848 -6.05299e-18 5.14245)
(1.89808 1.48182e-17 5.05862)
(9.98498 0 0.0857677)
(9.96765 2.28527e-19 0.165874)
(9.93645 -4.74276e-20 0.245639)
(9.88694 -1.97231e-19 0.327582)
(9.82262 -2.04132e-19 0.413063)
(9.74583 0 0.503226)
(9.65676 1.10387e-19 0.599144)
(9.55506 -3.41514e-19 0.701873)
(9.44062 1.1835e-19 0.812394)
(9.31347 0 0.931632)
(9.17322 -5.09237e-19 1.06066)
(9.01964 5.2298e-19 1.20073)
(8.85282 -6.81807e-19 1.35302)
(8.67241 6.31363e-19 1.51862)
(8.47798 7.20743e-20 1.69876)
(8.26909 1.13249e-18 1.89482)
(8.04537 -2.56114e-18 2.10827)
(7.80583 1.19568e-18 2.34065)
(7.54955 -8.20035e-20 2.59374)
(7.27535 -4.25435e-20 2.86916)
(6.9802 0 3.1681)
(6.66051 2.85313e-18 3.49168)
(6.31162 -2.98587e-18 3.84053)
(5.92588 6.11405e-18 4.21299)
(5.49214 -6.1867e-18 4.60336)
(4.99431 6.89947e-18 4.99871)
(4.41573 -6.24676e-18 5.37221)
(3.71675 0 5.68536)
(2.94384 0 5.84081)
(2.00661 -7.65451e-18 5.79588)
(9.98519 0 0.0924616)
(9.96859 -1.36916e-19 0.179043)
(9.93886 -4.72475e-20 0.265481)
(9.89157 0 0.35439)
(9.83017 2.0373e-19 0.447173)
(9.75702 0 0.545022)
(9.67229 -2.18236e-19 0.64906)
(9.57561 0 0.760392)
(9.46707 -1.17049e-19 0.880058)
(9.34664 -1.21164e-19 1.00909)
(9.2138 0 1.14866)
(9.06853 -2.59959e-19 1.30002)
(8.91107 1.34769e-19 1.46439)
(8.74102 1.1151e-18 1.64303)
(8.55786 -1.28663e-18 1.83731)
(8.36125 1.47298e-19 2.04875)
(8.15076 -1.1466e-18 2.27904)
(7.92526 1.32768e-18 2.53003)
(7.68382 8.08407e-20 2.80375)
(7.42525 -2.64744e-18 3.10249)
(7.14637 -1.60604e-20 3.4283)
(6.84349 -5.50736e-18 3.78321)
(6.51114 2.79669e-18 4.16876)
(6.14115 -5.32453e-19 4.585)
(5.72177 -5.07018e-18 5.02858)
(5.23456 -1.97741e-20 5.48873)
(4.65958 5.27224e-18 5.94099)
(3.9479 0 6.34779)
(3.13398 0 6.61407)
(2.13627 -3.03899e-18 6.65963)
(9.98539 0 0.0988991)
(9.96969 4.54362e-20 0.191683)
(9.94166 -4.70569e-20 0.284435)
(9.89678 -9.78129e-20 0.379928)
(9.83853 2.02496e-19 0.479622)
(9.76927 -1.04694e-19 0.58474)
(9.68918 2.17632e-19 0.696443)
(9.59791 -2.24482e-19 0.815866)
(9.49569 5.83476e-19 0.944128)
(9.3823 1.23456e-19 1.08238)
(9.25732 3.06293e-21 1.23185)
(9.12101 -8.99749e-19 1.39376)
(8.97347 3.96962e-19 1.56939)
(8.81439 0 1.76019)
(8.64338 0 1.96768)
(8.46019 -1.4587e-19 2.19354)
(8.26408 1.19875e-18 2.43967)
(8.05423 -1.22241e-18 2.70821)
(7.82983 0 3.00153)
(7.5891 -2.57516e-18 3.32237)
(7.32937 2.61305e-18 3.67377)
(7.04741 -2.67016e-18 4.05891)
(6.73739 2.7014e-18 4.48061)
(6.3907 6.85275e-19 4.941)
(5.99545 -6.9441e-19 5.44012)
(5.53148 -3.56902e-19 5.97211)
(4.97441 3.61111e-18 6.51919)
(4.26385 -2.97715e-18 7.04996)
(3.41159 0 7.4787)
(2.31682 -3.71475e-18 7.69889)
(9.98551 3.49844e-19 0.105045)
(9.97096 -3.61284e-19 0.203701)
(9.94485 -3.74525e-19 0.302406)
(9.90253 9.73453e-20 0.404103)
(9.8476 -2.01447e-19 0.510297)
(9.78246 -1.04905e-19 0.622234)
(9.70727 -9.27729e-22 0.741111)
(9.62177 4.46558e-19 0.868088)
(9.52616 2.30365e-19 1.00438)
(9.42013 2.37981e-19 1.15125)
(9.30354 0 1.30989)
(9.1768 5.09968e-19 1.48155)
(9.03975 -1.29977e-19 1.66759)
(8.89221 0 1.86956)
(8.73407 9.7615e-19 2.08915)
(8.56515 6.65582e-21 2.32823)
(8.38465 -1.16782e-18 2.58891)
(8.19215 1.50054e-18 2.87356)
(7.98681 -9.18094e-19 3.1849)
(7.76674 2.50439e-18 3.52613)
(7.53001 -2.53812e-18 3.90107)
(7.27384 0 4.31399)
(6.99296 0 4.7694)
(6.67957 -6.83891e-21 5.27203)
(6.32222 3.37377e-19 5.82623)
(5.90041 0 6.4339)
(5.38642 0 7.08968)
(4.70851 2.80282e-18 7.77884)
(3.84565 -2.93989e-18 8.44165)
(2.60485 -2.67687e-18 8.98384)
(9.98567 -6.97868e-19 0.110861)
(9.9724 6.75485e-19 0.215017)
(9.94835 -4.56701e-20 0.319314)
(9.90877 -1.92767e-19 0.426838)
(9.85734 1.00646e-19 0.539109)
(9.79648 -2.06987e-19 0.657394)
(9.72641 2.14005e-19 0.782923)
(9.64695 -4.43325e-19 0.916905)
(9.55811 -4.6008e-19 1.06065)
(9.45981 2.34635e-19 1.21545)
(9.35212 7.31962e-19 1.38246)
(9.23538 -1.0051e-18 1.56301)
(9.10948 2.56498e-19 1.75857)
(8.97432 1.06721e-18 1.97071)
(8.82989 -1.22538e-18 2.20119)
(8.67598 -8.44908e-19 2.45212)
(8.51237 1.43068e-18 2.7258)
(8.33873 -2.94864e-19 3.02471)
(8.15422 2.09543e-18 3.35185)
(7.95769 -2.43019e-18 3.7109)
(7.74802 0 4.10625)
(7.52296 0 4.54299)
(7.27873 0 5.02727)
(7.00971 2.21506e-18 5.56655)
(6.70668 -2.56783e-18 6.17004)
(6.35239 -6.33726e-19 6.84906)
(5.92114 3.17935e-19 7.61597)
(5.33775 0 8.48848)
(4.54753 0 9.47492)
(3.11419 0 10.6571)
(9.98594 1.04702e-21 0.116296)
(9.97399 -1.09877e-21 0.225581)
(9.95208 3.72232e-19 0.335093)
(9.91542 7.69823e-19 0.448035)
(9.8677 1.99535e-19 0.565945)
(9.81128 -8.52232e-23 0.690098)
(9.74657 -6.39329e-19 0.821738)
(9.67331 4.40008e-19 0.962161)
(9.5915 0 1.11274)
(9.50132 2.33484e-19 1.27472)
(9.40284 -2.41917e-19 1.44927)
(9.29633 0 1.63778)
(9.18204 1.02379e-18 1.84183)
(9.05996 -1.83678e-18 2.063)
(8.92998 1.61119e-18 2.30314)
(8.79203 -2.76615e-19 2.56443)
(8.64646 -2.82859e-19 2.84926)
(8.49307 0 3.16024)
(8.3313 1.1695e-18 3.50051)
(8.16091 -1.18524e-18 3.87395)
(7.98169 2.40054e-18 4.2853)
(7.79263 2.42702e-18 4.74027)
(7.59208 2.43519e-18 5.24602)
(7.37768 -2.46154e-18 5.81202)
(7.14532 0 6.45137)
(6.8868 6.25646e-19 7.18335)
(6.59101 -3.13305e-19 8.03745)
(6.20895 0 9.07024)
(5.72118 0 10.407)
(4.08691 -2.14263e-18 13.0396)
(0.438691 1.04846e-19 -0.120656)
(0.0442712 0 0.214436)
(-0.532088 -4.06666e-19 0.269979)
(-1.17368 3.68524e-19 0.28281)
(-1.89535 -4.24559e-19 0.289989)
(-2.66334 2.51905e-19 0.291766)
(-3.45107 -1.46087e-19 0.28765)
(-4.23971 -5.79513e-20 0.278198)
(-5.01598 7.14471e-20 0.264242)
(-5.76935 1.09697e-19 0.246422)
(-6.49127 5.39361e-20 0.225293)
(-7.17395 4.30909e-20 0.2013)
(-7.80972 0 0.174769)
(-8.39103 2.34138e-20 0.145938)
(-8.91 -1.85108e-20 0.114903)
(-9.35828 1.36706e-20 0.0816157)
(-9.72684 -3.39345e-21 0.0460351)
(-10.0064 0 0.00817211)
(-10.1879 -5.63102e-22 -0.0321323)
(-10.2617 2.43531e-21 -0.0756375)
(-10.2186 2.61258e-21 -0.124146)
(-10.0416 0 -0.180518)
(-9.71349 2.26229e-21 -0.246119)
(-9.22166 1.22026e-22 -0.322345)
(-8.55206 1.66091e-22 -0.412242)
(-7.6792 7.88941e-22 -0.52139)
(-6.54358 0 -0.661985)
(-5.04771 4.07913e-21 -0.860219)
(-3.13698 0 -1.15037)
(-0.850854 0 -1.52341)
(-0.0872503 1.58969e-18 0.109898)
(-0.437173 0 0.448768)
(-1.06136 2.38075e-20 0.591593)
(-1.79133 0 0.674458)
(-2.59784 7.50382e-19 0.731635)
(-3.43896 -5.74808e-19 0.768235)
(-4.28901 -1.47937e-19 0.787134)
(-5.13111 3.27664e-19 0.790958)
(-5.95342 -1.45628e-19 0.78194)
(-6.74665 -5.35459e-19 0.761676)
(-7.50342 -3.29891e-19 0.731437)
(-8.21681 8.40917e-20 0.69208)
(-8.87967 -3.09865e-20 0.644054)
(-9.48487 -1.22411e-20 0.587678)
(-10.0247 0 0.523062)
(-10.4913 5.3778e-21 0.450101)
(-10.8764 -2.72888e-21 0.368758)
(-11.1717 -1.63091e-21 0.279238)
(-11.3689 0 0.181613)
(-11.4593 -3.91193e-21 0.075177)
(-11.4342 -4.93141e-21 -0.0423097)
(-11.2875 0 -0.171368)
(-11.0105 -1.31412e-21 -0.310716)
(-10.5955 3.28658e-21 -0.460797)
(-10.0366 -2.30402e-21 -0.623868)
(-9.32408 -1.14272e-21 -0.804756)
(-8.43367 1.01323e-21 -1.01612)
(-7.33593 -4.64856e-21 -1.28532)
(-6.09874 0 -1.63118)
(-5.14101 -4.10288e-21 -1.96235)
(-0.160498 0 0.464931)
(-0.645507 0 0.872483)
(-1.33501 1.49144e-18 1.08319)
(-2.11566 -1.44071e-18 1.20986)
(-2.95242 -1.31227e-18 1.29028)
(-3.80961 1.60281e-18 1.33566)
(-4.66626 1.46285e-19 1.35212)
(-5.509 -5.08287e-19 1.34401)
(-6.32854 1.68257e-19 1.31477)
(-7.11768 5.49436e-19 1.26697)
(-7.87056 -7.77539e-20 1.20248)
(-8.5813 8.96657e-20 1.12261)
(-9.2438 3.06682e-20 1.02813)
(-9.85184 0 0.919643)
(-10.3986 3.23323e-20 0.797618)
(-10.8766 -1.12545e-20 0.66245)
(-11.2784 2.58126e-21 0.514726)
(-11.5963 5.56506e-21 0.355381)
(-11.8224 -7.17072e-21 0.185461)
(-11.9492 2.31193e-21 0.00584705)
(-11.969 5.5758e-21 -0.183248)
(-11.878 0 -0.38433)
(-11.672 -7.17464e-21 -0.599279)
(-11.3471 -3.39374e-21 -0.826915)
(-10.9032 5.53758e-21 -1.06684)
(-10.3407 -4.0935e-22 -1.31984)
(-9.65442 8.7639e-22 -1.59131)
(-8.84202 4.58216e-22 -1.8954)
(-7.98186 0 -2.23817)
(-7.39223 4.07679e-21 -2.54804)
(-0.0951682 0 0.988674)
(-0.658177 0 1.42347)
(-1.42115 0 1.65852)
(-2.23449 -1.38732e-18 1.80045)
(-3.07623 1.355e-18 1.88538)
(-3.92345 8.9078e-19 1.9276)
(-4.76247 -8.98978e-19 1.93522)
(-5.58459 2.57189e-19 1.91376)
(-6.38354 -2.2946e-19 1.86717)
(-7.15422 0 1.79856)
(-7.89211 -3.87359e-19 1.71001)
(-8.59217 -8.44062e-20 1.60275)
(-9.24887 0 1.47746)
(-9.85624 -4.2297e-20 1.33455)
(-10.4077 -6.14133e-20 1.1742)
(-10.8961 1.38395e-20 0.996538)
(-11.3139 -9.55452e-21 0.8017)
(-11.6537 -4.01669e-21 0.589934)
(-11.9076 8.09235e-21 0.361703)
(-12.0689 9.48745e-21 0.117789)
(-12.1311 0 -0.141108)
(-12.0903 4.14097e-21 -0.414702)
(-11.9481 3.07001e-21 -0.702023)
(-11.7032 1.82579e-20 -1.00108)
(-11.359 -4.85353e-21 -1.30978)
(-10.9212 -1.74268e-21 -1.62618)
(-10.3943 -2.89597e-21 -1.95022)
(-9.78733 -4.33196e-22 -2.28619)
(-9.16998 4.27998e-22 -2.63296)
(-8.77202 0 -2.92856)
(0.0501831 -1.09775e-19 1.66011)
(-0.542553 -3.15123e-18 2.07453)
(-1.36919 2.91744e-18 2.2956)
(-2.19641 0 2.42614)
(-3.02635 0 2.49833)
(-3.84838 3.01868e-19 2.52609)
(-4.65651 -2.83455e-19 2.51735)
(-5.44645 -2.57008e-19 2.47755)
(-6.2149 2.29079e-19 2.41016)
(-6.95855 0 2.31773)
(-7.67353 3.21727e-20 2.20189)
(-8.35541 -2.93048e-19 2.06335)
(-8.99923 1.22333e-19 1.90243)
(-9.59911 8.08126e-20 1.71919)
(-10.1487 5.47291e-20 1.51374)
(-10.6409 0 1.28645)
(-11.0684 6.20165e-22 1.03797)
(-11.4239 -6.11623e-22 0.769213)
(-11.7003 -1.32043e-20 0.481626)
(-11.8915 -1.45013e-20 0.177447)
(-11.9927 0 -0.140672)
(-11.9974 0 -0.470805)
(-11.9129 0 -0.813754)
(-11.7393 -1.53572e-20 -1.16654)
(-11.4821 0 -1.52458)
(-11.1501 7.90563e-22 -1.88291)
(-10.7525 -5.14719e-21 -2.23686)
(-10.3036 0 -2.58429)
(-9.86206 2.15829e-22 -2.92028)
(-9.58879 -2.29026e-22 -3.19003)
(0.242072 -3.39558e-18 2.44695)
(-0.346952 2.44714e-20 2.79851)
(-1.21744 9.27131e-20 2.97517)
(-2.03608 -1.7127e-19 3.07273)
(-2.83855 3.19747e-19 3.11796)
(-3.62264 -3.03442e-19 3.12245)
(-4.38921 2.69944e-19 3.09239)
(-5.13756 -9.40951e-19 3.03186)
(-5.86683 1.33563e-18 2.94344)
(-6.57531 -4.04633e-19 2.82863)
(-7.25986 1.5546e-19 2.68817)
(-7.9164 -2.59931e-19 2.52226)
(-8.54045 0 2.33093)
(-9.1265 -3.86332e-20 2.11394)
(-9.66855 -2.55604e-20 1.87117)
(-10.16 0 1.60279)
(-10.5936 0 1.30927)
(-10.962 1.05134e-20 0.99145)
(-11.2581 -2.27888e-20 0.650811)
(-11.4762 1.79859e-20 0.2901)
(-11.6119 1.25082e-20 -0.0864562)
(-11.6601 -1.22764e-20 -0.474001)
(-11.6274 -1.52744e-20 -0.870928)
(-11.5178 -1.15292e-20 -1.27398)
(-11.3371 2.04825e-20 -1.67624)
(-11.0956 0 -2.06998)
(-10.8047 6.61308e-21 -2.44679)
(-10.4818 4.34975e-21 -2.79996)
(-10.1744 2.02574e-21 -3.12216)
(-9.99076 0 -3.36622)
(0.451863 3.39846e-18 3.3031)
(-0.110496 -7.48658e-20 3.55924)
(-0.9962 -5.78338e-18 3.66953)
(-1.77986 2.8497e-19 3.7195)
(-2.53806 2.43976e-18 3.72869)
(-3.2715 0 3.70471)
(-3.98617 -5.34201e-19 3.65107)
(-4.68437 9.10622e-19 3.5693)
(-5.36674 -1.49561e-18 3.46044)
(-6.03255 3.88793e-19 3.3247)
(-6.67963 -2.85118e-19 3.1617)
(-7.30459 2.80073e-19 2.97087)
(-7.90305 0 2.75159)
(-8.46975 -5.16946e-20 2.50324)
(-8.99894 2.46534e-20 2.22538)
(-9.48434 2.26033e-20 1.91794)
(-9.91901 -1.7926e-20 1.58142)
(-10.2958 -2.24136e-21 1.21698)
(-10.6081 1.78944e-20 0.82677)
(-10.8502 0 0.414523)
(-11.0185 0 -0.0138611)
(-11.1103 -1.51692e-20 -0.451446)
(-11.1259 4.19944e-20 -0.894972)
(-11.075 2.94479e-20 -1.34068)
(-10.9633 -2.05212e-20 -1.77946)
(-10.8011 -4.03135e-20 -2.20114)
(-10.601 2.89739e-20 -2.59442)
(-10.3818 -4.42918e-21 -2.94925)
(-10.1812 -2.62365e-21 -3.25648)
(-10.0664 0 -3.47706)
(0.65667 1.01823e-19 4.1683)
(0.137474 0 4.31333)
(-0.727291 2.78172e-18 4.3465)
(-1.44732 -2.88378e-18 4.34241)
(-2.14343 -1.57988e-19 4.31267)
(-2.81329 2.80993e-19 4.25926)
(-3.46588 1.25846e-18 4.18253)
(-4.10568 -9.73266e-19 4.08127)
(-4.7342 3.89621e-19 3.95407)
(-5.351 -2.21097e-19 3.79969)
(-5.95442 2.72942e-20 3.61692)
(-6.54158 1.17543e-19 3.40439)
(-7.10842 -7.81132e-20 3.16077)
(-7.65008 -4.19672e-20 2.88503)
(-8.16107 4.12805e-20 2.57642)
(-8.63549 0 2.23473)
(-9.067 3.58385e-20 1.86043)
(-9.44915 -2.20783e-20 1.45491)
(-9.77567 2.18162e-20 1.02075)
(-10.0408 3.3151e-20 0.562276)
(-10.2407 -3.28357e-20 0.0865117)
(-10.3734 -7.72791e-20 -0.397668)
(-10.4339 0 -0.883863)
(-10.4373 -4.47218e-20 -1.36733)
(-10.3889 -4.54628e-20 -1.83741)
(-10.2983 4.53661e-20 -2.28209)
(-10.1776 -3.38836e-20 -2.68805)
(-10.0462 -1.02456e-21 -3.04277)
(-9.93417 1.01e-21 -3.33543)
(-9.87559 0 -3.53491)
(0.841743 -1.00907e-19 4.97785)
(0.379495 -2.84097e-18 5.01419)
(-0.423917 2.88101e-18 4.97229)
(-1.05198 3.25334e-19 4.91663)
(-1.6682 0 4.85171)
(-2.26171 6.52276e-19 4.77274)
(-2.843 -1.29745e-18 4.67638)
(-3.41683 0 4.55922)
(-3.98517 -3.51937e-19 4.4174)
(-4.54762 5.24154e-19 4.24802)
(-5.1025 1.38774e-19 4.04907)
(-5.64683 0 3.81845)
(-6.17688 7.86859e-20 3.55437)
(-6.68833 -3.182e-20 3.25546)
(-7.17611 4.42242e-20 2.92065)
(-7.635 -5.8922e-21 2.5496)
(-8.05943 2.80605e-20 2.14279)
(-8.44365 -5.27898e-20 1.70174)
(-8.7817 0 1.22927)
(-9.06743 3.88806e-20 0.730008)
(-9.29623 -3.85142e-20 0.211592)
(-9.46751 5.72282e-20 -0.315421)
(-9.56866 2.03175e-20 -0.840186)
(-9.62252 -1.76832e-20 -1.35647)
(-9.63334 7.80068e-20 -1.85312)
(-9.60935 0 -2.31695)
(-9.56112 4.45874e-20 -2.73337)
(-9.50715 3.11023e-20 -3.08778)
(-9.47168 0 -3.36729)
(-9.46208 6.77117e-21 -3.5477)
(1.00128 0 5.67341)
(0.609728 0 5.6183)
(-0.092018 -8.54525e-20 5.51476)
(-0.602141 -1.61593e-19 5.41878)
(-1.12218 0 5.32858)
(-1.62737 1.38488e-19 5.23268)
(-2.1295 -5.61886e-19 5.1235)
(-2.63145 9.11623e-19 4.99567)
(-3.13455 1.9141e-19 4.84396)
(-3.63821 2.83045e-19 4.66418)
(-4.14051 5.65121e-20 4.45338)
(-4.63822 2.16303e-19 4.20885)
(-5.12769 5.89111e-20 3.92857)
(-5.60502 3.00294e-20 3.611)
(-6.06567 -1.77515e-20 3.25485)
(-6.5051 -2.94994e-20 2.85973)
(-6.91855 -8.35211e-20 2.4261)
(-7.3009 3.81617e-20 1.95552)
(-7.64651 -4.00928e-20 1.45087)
(-7.94889 3.96689e-20 0.916674)
(-8.20287 9.77185e-20 0.360244)
(-8.40872 0 -0.206901)
(-8.5446 2.23714e-20 -0.766329)
(-8.64381 6.76298e-20 -1.30989)
(-8.71024 -8.66014e-21 -1.82835)
(-8.74998 1.54774e-20 -2.30786)
(-8.77068 -5.1742e-20 -2.73344)
(-8.78856 -2.95603e-20 -3.08872)
(-8.82309 -2.14553e-21 -3.35753)
(-8.85907 -6.31464e-21 -3.5206)
(1.1378 2.85935e-18 6.20507)
(0.832928 -2.68456e-18 6.08912)
(0.268872 8.11153e-20 5.94687)
(-0.101182 -1.21335e-18 5.82909)
(-0.511966 2.45708e-18 5.72895)
(-0.918956 -2.11807e-18 5.62826)
(-1.33563 8.74833e-19 5.51589)
(-1.76161 -2.04689e-19 5.3847)
(-2.19647 0 5.22887)
(-2.63852 1.23382e-19 5.04366)
(-3.08532 2.60606e-19 4.82569)
(-3.53356 -1.40798e-19 4.57187)
(-3.97956 1.28501e-19 4.27996)
(-4.41978 -5.10323e-20 3.94847)
(-4.85034 -1.49749e-20 3.57606)
(-5.26729 3.71778e-20 3.16226)
(-5.66645 -5.4873e-20 2.70751)
(-6.04312 1.38724e-19 2.21329)
(-6.3918 4.43704e-20 1.68236)
(-6.70544 1.4704e-19 1.11856)
(-6.9772 -9.86249e-20 0.528382)
(-7.20393 -1.3738e-19 -0.074485)
(-7.37706 2.58296e-20 -0.664722)
(-7.51422 -9.04854e-20 -1.22983)
(-7.63124 9.72687e-20 -1.76462)
(-7.73163 -1.623e-21 -2.25569)
(-7.82004 5.0108e-20 -2.68904)
(-7.9083 4.17533e-20 -3.04724)
(-8.01095 5.24902e-22 -3.30924)
(-8.09278 -1.05336e-20 -3.45694)
(1.26142 -1.38005e-18 6.53435)
(1.06272 1.2551e-18 6.39842)
(0.664351 -8.224e-20 6.24779)
(0.452491 -1.19926e-18 6.1332)
(0.158974 1.0331e-18 6.04267)
(-0.143685 9.99284e-19 5.9516)
(-0.47133 -9.7718e-19 5.84715)
(-0.818952 1.07816e-19 5.72151)
(-1.18414 1.68257e-19 5.56858)
(-1.56353 1.44785e-19 5.38349)
(-1.95351 0 5.16307)
(-2.35047 7.27032e-20 4.90455)
(-2.75079 -5.05044e-20 4.60576)
(-3.15148 2.09333e-20 4.26533)
(-3.54946 0 3.88185)
(-3.94147 -4.90797e-20 3.4548)
(-4.3238 1.03806e-19 2.98437)
(-4.69186 -1.59293e-19 2.47168)
(-5.03965 6.03616e-20 1.9193)
(-5.35872 -4.13765e-20 1.33032)
(-5.6389 -1.48099e-19 0.71114)
(-5.87606 1.40978e-19 0.0788302)
(-6.08501 0 -0.537976)
(-6.25116 0 -1.12008)
(-6.41011 -7.78444e-20 -1.66475)
(-6.56524 -8.19667e-20 -2.16138)
(-6.71957 -1.30491e-19 -2.59943)
(-6.87932 -4.21575e-20 -2.96249)
(-7.05235 -2.94587e-20 -3.22326)
(-7.18425 -1.15934e-20 -3.3584)
(1.38542 1.4002e-18 6.64298)
(1.31187 -1.29579e-18 6.52515)
(1.10521 0 6.40236)
(1.06162 0 6.32288)
(0.890437 0 6.26509)
(0.694371 -1.28375e-19 6.20029)
(0.454186 -5.47299e-19 6.11505)
(0.184332 7.96391e-19 6.00343)
(-0.111286 -2.27184e-19 5.86024)
(-0.427934 -2.9749e-19 5.68089)
(-0.761023 -9.85e-20 5.46252)
(-1.10592 -7.36166e-20 5.20382)
(-1.45874 -3.49419e-20 4.9033)
(-1.81737 4.88278e-21 4.55921)
(-2.1798 9.86415e-21 4.17015)
(-2.54352 -3.27424e-20 3.7356)
(-2.90578 0 3.25517)
(-3.26233 8.51151e-20 2.72903)
(-3.60718 -1.57483e-19 2.15963)
(-3.93074 3.11213e-21 1.54909)
(-4.21923 6.00466e-20 0.904072)
(-4.46647 0 0.245448)
(-4.69477 -1.25525e-19 -0.393609)
(-4.87748 0 -0.988015)
(-5.06637 0 -1.53486)
(-5.26583 9.07356e-20 -2.02826)
(-5.48019 -1.6903e-20 -2.46437)
(-5.71122 5.31308e-20 -2.83191)
(-5.95912 -1.56818e-21 -3.09804)
(-6.15068 -1.89381e-21 -3.2251)
(1.52453 -2.20092e-20 6.51835)
(1.59508 -1.33365e-18 6.45167)
(1.61014 1.31413e-19 6.40494)
(1.71921 1.91604e-18 6.39455)
(1.67173 -5.78369e-19 6.39122)
(1.57642 1.27218e-19 6.3684)
(1.42608 4.21859e-19 6.31626)
(1.23414 -2.18467e-19 6.22878)
(1.00886 2.12822e-19 6.10333)
(0.756445 -2.86812e-19 5.93715)
(0.482493 9.94238e-20 5.72822)
(0.188348 -1.29335e-20 5.47245)
(-0.118788 -1.20634e-20 5.17094)
(-0.433653 -4.94488e-21 4.82616)
(-0.756704 2.37095e-20 4.43548)
(-1.08663 -3.29338e-20 3.99793)
(-1.42216 3.24413e-20 3.51281)
(-1.75972 -1.00243e-19 2.97994)
(-2.09496 6.04741e-20 2.39872)
(-2.42031 3.67332e-20 1.76901)
(-2.71894 -1.37089e-21 1.09869)
(-2.97709 6.6867e-20 0.414916)
(-3.2236 7.85905e-20 -0.243506)
(-3.41571 1.54923e-20 -0.845993)
(-3.62496 0 -1.38498)
(-3.85612 -9.09117e-20 -1.86365)
(-4.11831 -2.96722e-21 -2.2866)
(-4.41372 -5.02351e-20 -2.65286)
(-4.73852 3.14546e-20 -2.92931)
(-5.00651 2.38895e-20 -3.05539)
(1.72012 0 6.12209)
(1.94548 4.37294e-20 6.15554)
(2.19147 -8.13488e-20 6.26453)
(2.42807 -7.56593e-20 6.354)
(2.49474 0 6.42283)
(2.48996 1.2425e-19 6.45569)
(2.42242 5.18039e-19 6.44681)
(2.30472 -4.93955e-19 6.39181)
(2.14732 2.18004e-19 6.29001)
(1.95821 -2.44252e-19 6.14125)
(1.74378 7.47072e-20 5.94546)
(1.50792 -2.75061e-20 5.70155)
(1.25385 4.21205e-20 5.40832)
(0.986829 -2.30511e-20 5.06826)
(0.70858 1.7729e-20 4.68153)
(0.420615 0 4.24813)
(0.123092 0 3.76599)
(-0.186506 1.01571e-19 3.22634)
(-0.499257 0 2.63864)
(-0.811575 -1.30886e-19 2.00093)
(-1.10434 -3.55566e-20 1.31406)
(-1.36999 3.52598e-20 0.591341)
(-1.67013 0 -0.105301)
(-1.87423 0 -0.701757)
(-2.10611 0 -1.22271)
(-2.36419 1.8715e-19 -1.67812)
(-2.65991 7.31955e-20 -2.07539)
(-3.00291 5.45806e-20 -2.42673)
(-3.39519 -1.80181e-22 -2.7107)
(-3.76352 1.82504e-22 -2.84513)
(9.98629 -3.12991e-19 0.121395)
(9.97573 3.66062e-19 0.235558)
(9.956 -4.46324e-20 0.350005)
(9.92241 -2.77372e-19 0.468032)
(9.87865 0 0.591246)
(9.82702 -1.97652e-19 0.720912)
(9.76799 2.04192e-19 0.858265)
(9.70123 0 1.00468)
(9.62695 0 1.16155)
(9.54549 -2.24051e-19 1.3301)
(9.4568 -6.9011e-19 1.51152)
(9.36126 7.07586e-19 1.70722)
(9.25935 0 1.91879)
(9.15113 7.48082e-19 2.1479)
(9.0366 -1.27464e-18 2.39646)
(8.91612 0 2.66659)
(8.79025 -2.64604e-19 2.96065)
(8.65909 0 3.28135)
(8.52279 -2.73426e-19 3.63185)
(8.38187 -1.39217e-18 4.01591)
(8.23705 1.97547e-18 4.43822)
(8.0891 1.13897e-18 4.90462)
(7.93902 -1.13707e-18 5.42241)
(7.7886 1.15016e-18 6.00138)
(7.64116 1.12988e-18 6.65543)
(7.50303 -1.14674e-18 7.4054)
(7.39385 0 8.28416)
(7.35334 5.12606e-19 9.35046)
(7.88627 -5.2455e-19 10.6653)
(8.40267 0 13.1932)
(9.98664 3.23386e-19 0.12615)
(9.97758 -3.3368e-19 0.244956)
(9.96027 0 0.364065)
(9.92987 8.96493e-20 0.486813)
(9.89019 -2.77959e-19 0.61492)
(9.8437 1.91116e-19 0.749686)
(9.7906 -1.97832e-19 0.892317)
(9.73057 2.0339e-19 1.04419)
(9.66424 2.09287e-19 1.2067)
(9.59187 -4.32859e-19 1.38108)
(9.51344 1.11153e-18 1.56857)
(9.42951 -4.57249e-19 1.77053)
(9.34059 -2.33114e-19 1.98853)
(9.24677 2.38682e-19 2.22428)
(9.14843 7.37928e-19 2.47965)
(9.04637 -1.00015e-18 2.75665)
(8.94125 1.27745e-18 3.05759)
(8.83367 -1.03715e-18 3.3851)
(8.72451 2.65074e-19 3.74215)
(8.61503 2.68459e-19 4.13218)
(8.50692 2.71195e-19 4.55941)
(8.4026 1.07696e-18 5.02903)
(8.30555 -2.1679e-18 5.54736)
(8.22137 1.09152e-18 6.1224)
(8.15964 1.06377e-18 6.76454)
(8.1377 -1.08008e-18 7.48687)
(8.19253 2.55838e-19 8.30363)
(8.34172 0 9.22668)
(8.85942 1.76341e-19 10.1865)
(9.34645 5.45869e-20 11.0926)
(9.98688 -3.15387e-19 0.130512)
(9.9794 2.84769e-19 0.253611)
(9.96484 1.26111e-19 0.377066)
(9.93777 -8.68819e-20 0.504184)
(9.90221 1.79933e-19 0.636737)
(9.86101 -9.01871e-22 0.776135)
(9.8141 5.73855e-19 0.923583)
(9.76122 -1.97015e-19 1.08035)
(9.70317 -1.20054e-21 1.2478)
(9.64017 -6.2655e-19 1.42724)
(9.57241 4.28526e-19 1.6199)
(9.50058 -4.40289e-19 1.8271)
(9.42512 2.26528e-19 2.05037)
(9.34637 -2.31857e-19 2.29138)
(9.26504 2.36941e-19 2.55184)
(9.18215 0 2.83364)
(9.09859 2.43129e-19 3.13893)
(9.0155 -2.46762e-19 3.47013)
(8.93436 2.49853e-19 3.82983)
(8.8571 0 4.22092)
(8.78626 0 4.64683)
(8.72543 -2.55171e-19 5.11151)
(8.67968 7.69318e-19 5.61938)
(8.65639 -1.03884e-18 6.17522)
(8.66656 0 6.78362)
(8.7257 4.95726e-19 7.44689)
(8.85944 -5.01727e-19 8.1588)
(9.05232 -3.4941e-19 8.89541)
(9.39703 -3.27335e-19 9.60482)
(9.84593 4.37112e-19 10.2112)
(9.98717 0 0.134456)
(9.9812 -3.5428e-19 0.261417)
(9.96946 -2.84972e-19 0.388823)
(9.94597 0 0.519949)
(9.91469 0 0.656492)
(9.8788 -3.60773e-19 0.799953)
(9.8383 1.8403e-19 0.951599)
(9.793 -5.72966e-19 1.11259)
(9.74352 1.95451e-19 1.28424)
(9.69022 4.03823e-19 1.46787)
(9.63353 -4.14898e-19 1.66469)
(9.57411 6.37651e-19 1.87598)
(9.51254 0 2.10321)
(9.44943 -2.23507e-19 2.3479)
(9.38569 4.53253e-19 2.61159)
(9.32246 1.15311e-18 2.89598)
(9.26095 -1.17569e-18 3.20298)
(9.20272 2.39879e-19 3.53465)
(9.1497 -4.82222e-19 3.89307)
(9.1043 0 4.28047)
(9.06964 0 4.69923)
(9.04984 2.48785e-19 5.15185)
(9.05038 2.49261e-19 5.64062)
(9.07841 -7.28168e-19 6.16723)
(9.14314 4.93224e-19 6.7317)
(9.25469 -2.43702e-19 7.33064)
(9.42863 0 7.95407)
(9.65699 2.30258e-19 8.58219)
(9.9779 0 9.21007)
(10.4606 -4.14876e-19 9.82352)
(9.98752 0 0.137935)
(9.98308 3.07017e-19 0.26835)
(9.974 3.17632e-19 0.39925)
(9.95421 0 0.533917)
(9.92754 0 0.673963)
(9.89712 0 0.820882)
(9.86324 -3.60451e-19 0.976009)
(9.82578 1.85502e-19 1.14048)
(9.78518 0 1.31552)
(9.74193 -1.38083e-21 1.50241)
(9.69662 0 1.70233)
(9.64993 -4.1015e-19 1.91649)
(9.60259 6.27615e-19 2.14624)
(9.55543 -6.43115e-19 2.39293)
(9.50952 8.72461e-19 2.6579)
(9.46612 -8.88157e-19 2.94263)
(9.42671 0 3.24869)
(9.39312 2.26904e-19 3.57767)
(9.36756 3.64182e-21 3.93113)
(9.35273 2.31233e-19 4.31053)
(9.35192 -4.6663e-19 4.71724)
(9.36929 -2.35731e-19 5.15238)
(9.40995 1.44326e-22 5.61653)
(9.48004 5.56164e-22 6.10924)
(9.58675 2.86474e-20 6.62839)
(9.73733 -2.56304e-19 7.1694)
(9.94257 0 7.72484)
(10.2034 2.1651e-19 8.28125)
(10.5282 0 8.83439)
(10.9787 2.01338e-19 9.36713)
(9.98763 0 0.140926)
(9.98494 0 0.274367)
(9.97861 -3.06983e-19 0.408252)
(9.96256 3.17155e-19 0.545878)
(9.94073 0 0.688849)
(9.91607 0 0.838604)
(9.889 3.47234e-19 0.996477)
(9.85953 0 1.16361)
(9.82803 -3.68065e-19 1.34117)
(9.79508 1.87775e-19 1.53034)
(9.76136 0 1.73224)
(9.72762 3.95673e-19 1.94799)
(9.69469 -2.03067e-19 2.17877)
(9.66358 -8.24582e-19 2.42576)
(9.63547 5.72501e-22 2.69009)
(9.61174 8.54431e-19 2.97293)
(9.59404 0 3.27549)
(9.58434 -2.21076e-19 3.59888)
(9.58497 4.45368e-19 3.94411)
(9.59868 -6.74579e-19 4.31193)
(9.62868 0 4.7028)
(9.6788 -2.23738e-19 5.11677)
(9.75351 -1.12323e-19 5.55321)
(9.85783 -1.13534e-19 6.01044)
(9.99729 0 6.48541)
(10.1772 6.79989e-21 6.97334)
(10.404 9.13436e-21 7.46773)
(10.6792 2.83661e-21 7.95709)
(10.9978 5.94938e-19 8.43222)
(11.4115 -8.72949e-19 8.88236)
(9.98762 0 0.143425)
(9.98678 0 0.279352)
(9.98341 5.9733e-19 0.415658)
(9.97122 -2.32084e-19 0.555636)
(9.95431 7.27391e-23 0.700892)
(9.93559 4.09028e-19 0.852813)
(9.91549 -5.0698e-19 1.01268)
(9.8941 0 1.18164)
(9.87183 3.54629e-19 1.36078)
(9.84931 0 1.55119)
(9.82728 0 1.75391)
(9.80656 -3.81779e-19 1.96993)
(9.78807 3.89966e-19 2.20026)
(9.77289 5.94709e-19 2.44587)
(9.7623 -4.0483e-19 2.70766)
(9.75777 2.03348e-19 2.9865)
(9.76099 -4.1753e-19 3.28319)
(9.77399 0 3.59843)
(9.79905 -2.09388e-19 3.93267)
(9.83883 4.31262e-19 4.28608)
(9.89624 -2.13952e-19 4.65841)
(9.97461 0 5.04889)
(10.0777 2.31981e-19 5.45608)
(10.2093 -1.36155e-20 5.87765)
(10.3736 2.10587e-19 6.31014)
(10.5738 -2.14567e-19 6.74879)
(10.8132 0 7.18762)
(11.0927 3.95203e-19 7.61795)
(11.4049 -6.00627e-19 8.03207)
(11.7978 4.60971e-19 8.42591)
(9.98771 0 0.145388)
(9.98873 -2.79816e-19 0.283199)
(9.98836 -2.90606e-19 0.421316)
(9.98011 -2.98518e-19 0.563016)
(9.9682 -3.07775e-19 0.709882)
(9.95551 -3.1872e-19 0.863244)
(9.9425 4.89246e-19 1.02433)
(9.92928 -5.02342e-19 1.19423)
(9.91628 -8.60786e-19 1.37398)
(9.90419 1.76365e-19 1.56456)
(9.89382 -5.40419e-19 1.7669)
(9.88603 3.68834e-19 1.98186)
(9.88179 0 2.21026)
(9.88223 -1.92621e-19 2.45286)
(9.88866 1.9522e-19 2.71033)
(9.90255 -1.98321e-19 2.98321)
(9.9256 -4.01976e-19 3.27196)
(9.95976 0 3.57686)
(10.0072 -2.0322e-19 3.89791)
(10.0703 -3.75409e-22 4.23481)
(10.1516 4.17776e-19 4.58677)
(10.2539 0 4.95246)
(10.3801 1.03153e-19 5.32998)
(10.5331 1.04638e-19 5.71672)
(10.7155 0 6.10922)
(10.9295 2.0147e-19 6.50314)
(11.1764 1.98382e-19 6.89349)
(11.4566 0 7.27429)
(11.7636 -9.47361e-20 7.63995)
(12.1415 -9.20219e-20 7.98808)
(9.98787 -5.35524e-19 0.146743)
(9.99075 2.81508e-19 0.285823)
(9.99342 0 0.425108)
(9.98918 2.91147e-19 0.567861)
(9.98229 2.25297e-19 0.715619)
(9.97567 1.54014e-19 0.869657)
(9.96979 -8.70668e-19 1.03113)
(9.96475 8.12484e-19 1.20109)
(9.96101 2.45863e-21 1.38046)
(9.95928 -5.10196e-19 1.57012)
(9.9604 -1.73682e-19 1.77089)
(9.96527 7.08745e-22 1.98346)
(9.9749 -1.80611e-19 2.2085)
(9.99042 -1.83794e-19 2.44656)
(10.0131 2.19214e-21 2.69805)
(10.0445 1.91801e-19 2.96324)
(10.086 0 3.24226)
(10.1395 1.94327e-19 3.53504)
(10.207 6.741e-22 3.84123)
(10.2906 -3.193e-21 4.16014)
(10.3924 1.85363e-19 4.49064)
(10.5146 -1.25866e-20 4.83107)
(10.6593 -2.0164e-19 5.17934)
(10.8287 -1.96562e-19 5.53281)
(11.0243 4.14881e-21 5.88827)
(11.2474 -1.97436e-19 6.24198)
(11.4983 -4.76996e-19 6.58993)
(11.7771 3.85646e-19 6.92776)
(12.078 -9.0412e-22 7.25113)
(12.4416 -5.34079e-22 7.55819)
(9.98808 1.02661e-18 0.147435)
(9.99282 0 0.287145)
(9.99855 -3.41337e-20 0.426924)
(9.99833 3.16167e-19 0.570023)
(9.99648 -3.61963e-19 0.717927)
(9.99592 7.46502e-20 0.871845)
(9.99713 3.0774e-19 1.03286)
(10.0002 -2.20159e-21 1.20195)
(10.0056 4.84733e-19 1.37994)
(10.0141 1.66194e-19 1.56762)
(10.0264 3.38565e-19 1.76564)
(10.0436 -5.54314e-22 1.97458)
(10.0665 3.51615e-19 2.1949)
(10.0964 -3.57175e-19 2.42697)
(10.1344 6.7897e-22 2.67099)
(10.182 -4.93585e-22 2.92699)
(10.2404 1.86627e-19 3.19481)
(10.3115 0 3.47411)
(10.3967 0 3.76423)
(10.498 -1.92498e-19 4.06423)
(10.6169 -1.93461e-19 4.37277)
(10.7553 -3.81281e-19 4.68807)
(10.9147 1.94089e-19 5.00801)
(11.0964 1.90191e-19 5.3301)
(11.3013 1.92171e-19 5.65146)
(11.5299 -4.65069e-19 5.96893)
(11.7821 2.84732e-19 6.2792)
(12.0576 -3.5885e-19 6.57896)
(12.3513 2.75679e-19 6.8648)
(12.7009 -4.87722e-22 7.1355)
(9.98832 -4.95921e-19 0.147418)
(9.99492 -4.01222e-21 0.287085)
(10.0037 0 0.426661)
(10.0075 -2.74104e-19 0.569372)
(10.0107 2.82316e-19 0.716651)
(10.0161 7.23335e-20 0.869634)
(10.0243 -6.43617e-23 1.02933)
(10.0354 -6.85708e-19 1.19662)
(10.0497 -3.10874e-19 1.37225)
(10.0681 -7.96889e-20 1.55688)
(10.0913 8.15637e-20 1.75103)
(10.1202 -1.6698e-19 1.95514)
(10.1557 0 2.1695)
(10.1991 0 2.39429)
(10.2513 0 2.62954)
(10.3137 -1.78289e-19 2.87508)
(10.3874 -4.46301e-20 3.13053)
(10.474 4.5499e-20 3.39531)
(10.5747 -1.81485e-19 3.66858)
(10.691 -1.82642e-19 3.94922)
(10.8242 1.83271e-19 4.23577)
(10.9755 5.57433e-19 4.52648)
(11.1461 3.66496e-19 4.81933)
(11.3366 -9.2486e-19 5.11203)
(11.5476 1.89582e-19 5.40206)
(11.779 9.17927e-20 5.68674)
(12.0304 -8.95166e-20 5.96339)
(12.3011 0 6.22938)
(12.5869 -8.67061e-20 6.4821)
(12.923 -8.54819e-20 6.72084)
(9.98859 -1.89107e-21 0.146655)
(9.99702 1.9481e-21 0.285574)
(10.0088 -4.01897e-21 0.424226)
(10.0166 -2.60318e-19 0.565796)
(10.0247 0 0.711663)
(10.036 2.7972e-19 0.862885)
(10.0511 0 1.02039)
(10.0699 2.96219e-19 1.18496)
(10.0929 3.03257e-19 1.35726)
(10.1207 0 1.53781)
(10.1543 0 1.72704)
(10.1943 1.59898e-19 1.92522)
(10.2418 1.62717e-19 2.13249)
(10.2976 0 2.34889)
(10.3628 -2.10138e-20 2.57427)
(10.4385 2.14449e-20 2.80831)
(10.5258 0 3.05049)
(10.6258 0 3.30003)
(10.7397 2.65024e-19 3.55599)
(10.8686 8.94431e-20 3.81716)
(11.0133 1.76678e-19 4.08207)
(11.1748 1.00583e-22 4.34904)
(11.3537 0 4.61619)
(11.5503 3.52299e-19 4.8815)
(11.7647 -9.225e-20 5.14279)
(11.9967 0 5.39781)
(12.2456 4.30723e-19 5.64436)
(12.5106 -3.4962e-19 5.88037)
(12.788 1.69248e-19 6.10381)
(13.1107 -4.1442e-20 6.31431)
(9.98886 -7.34788e-21 0.145117)
(9.99909 7.56789e-21 0.282559)
(10.0139 0 0.419547)
(10.0255 2.54095e-19 0.55921)
(10.0384 4.13943e-21 0.702868)
(10.0555 -2.77194e-19 0.8515)
(10.0772 4.36417e-21 1.00595)
(10.1034 -2.84899e-19 1.1669)
(10.1347 1.82552e-20 1.33493)
(10.1716 -5.77226e-23 1.51045)
(10.2149 -1.90879e-20 1.69375)
(10.2653 -1.65757e-19 1.88499)
(10.3237 -1.48953e-19 2.08419)
(10.3909 -1.39763e-19 2.29123)
(10.4678 -6.1012e-20 2.50586)
(10.5554 4.14244e-20 2.72761)
(10.6545 1.65992e-19 2.95584)
(10.7661 0 3.1897)
(10.8911 -1.68952e-19 3.42818)
(11.0302 -1.70021e-19 3.67005)
(11.1841 0 3.9139)
(11.3532 0 4.15814)
(11.538 -3.41317e-19 4.4011)
(11.7383 7.64902e-21 4.64098)
(11.9542 1.75452e-19 4.87593)
(12.185 3.36036e-19 5.10408)
(12.4302 -2.5853e-19 5.32363)
(12.6887 0 5.53293)
(12.9573 -8.25917e-20 5.73038)
(13.267 1.90758e-22 5.91586)
(9.98915 0 0.142784)
(10.0011 0 0.277998)
(10.0188 1.51485e-20 0.412568)
(10.0342 -1.68862e-23 0.549551)
(10.0518 -1.60653e-20 0.690203)
(10.0744 -2.62997e-19 0.835426)
(10.1024 0 0.985971)
(10.1357 2.78043e-19 1.14244)
(10.1748 0 1.3053)
(10.2202 2.70106e-19 1.47488)
(10.2726 7.81826e-23 1.65134)
(10.3326 -1.86385e-20 1.83475)
(10.401 3.83083e-20 2.02502)
(10.4784 3.10517e-19 2.22191)
(10.5658 0 2.42506)
(10.6637 0 2.63393)
(10.773 -4.83059e-19 2.84779)
(10.8944 3.25615e-19 3.06577)
(11.0284 3.28345e-19 3.28683)
(11.1757 -1.68501e-19 3.50978)
(11.3365 3.29234e-19 3.7333)
(11.5112 5.93429e-21 3.95595)
(11.6997 6.57225e-21 4.17622)
(11.9019 3.36378e-19 4.39255)
(12.1175 1.65993e-19 4.60338)
(12.3459 -8.20932e-20 4.80716)
(12.5863 -8.23125e-20 5.00243)
(12.8378 0 5.18786)
(13.0974 0 5.36218)
(13.3943 3.95877e-20 5.52549)
(9.98944 0 0.139643)
(10.0031 0 0.271862)
(10.0235 2.94172e-20 0.403255)
(10.0426 -3.03252e-20 0.536783)
(10.0646 3.11312e-20 0.673642)
(10.0925 1.57394e-21 0.81465)
(10.1265 -3.28237e-20 0.960473)
(10.1666 0 1.11163)
(10.213 6.84799e-20 1.26849)
(10.2662 -7.24212e-20 1.43128)
(10.3269 7.12229e-20 1.6001)
(10.3957 -7.28854e-20 1.77489)
(10.473 0 1.95549)
(10.5596 -1.50903e-19 2.14158)
(10.6561 0 2.33272)
(10.763 0 2.5283)
(10.8809 1.77515e-21 2.72758)
(11.0103 -1.58342e-19 2.92966)
(11.1516 -3.15111e-19 3.13355)
(11.3051 1.60842e-19 3.33812)
(11.471 0 3.54216)
(11.6493 8.00088e-20 3.74438)
(11.8399 0 3.94343)
(12.0424 0 4.13799)
(12.2564 -1.60729e-19 4.32674)
(12.4813 8.04102e-20 4.5084)
(12.7161 7.91286e-20 4.68178)
(12.9602 0 4.84583)
(13.2108 -3.88687e-20 4.99952)
(13.4953 0 5.14312)
(9.98974 -1.34845e-20 0.135683)
(10.005 1.38784e-20 0.264136)
(10.028 0 0.39159)
(10.0506 2.34718e-19 0.520898)
(10.0769 -6.04164e-20 0.653188)
(10.1097 3.11185e-19 0.789202)
(10.1494 -2.53541e-19 0.929518)
(10.1957 0 1.07457)
(10.2488 -6.63473e-20 1.22465)
(10.3093 6.58564e-20 1.37991)
(10.3776 -1.37744e-19 1.54035)
(10.4542 -1.40317e-19 1.70586)
(10.5396 1.43538e-19 1.87619)
(10.6342 1.44665e-19 2.05097)
(10.7385 -1.26662e-21 2.22971)
(10.8529 -1.42403e-21 2.41177)
(10.9779 1.63776e-21 2.5964)
(11.1138 3.02428e-19 2.78275)
(11.2607 -3.08738e-19 2.96987)
(11.4188 3.06458e-19 3.15671)
(11.5882 4.97539e-21 3.34217)
(11.7686 2.35696e-19 3.52511)
(11.9597 7.75791e-20 3.70438)
(12.1613 -6.17213e-19 3.87883)
(12.3726 1.32343e-18 4.04736)
(12.5931 -6.2782e-19 4.20892)
(12.8219 -6.86707e-19 4.36254)
(13.0583 6.21062e-19 4.50739)
(13.2998 3.80793e-20 4.64267)
(13.5722 0 4.76872)
(9.99003 -2.62183e-20 0.130905)
(10.0068 2.69773e-20 0.254816)
(10.0323 0 0.377575)
(10.0582 -2.29255e-19 0.501911)
(10.0885 0 0.62888)
(10.1259 0 0.759148)
(10.1708 4.93546e-19 0.893214)
(10.2229 0 1.03144)
(10.2823 0 1.17403)
(10.3493 -2.64055e-19 1.32107)
(10.4244 2.68126e-19 1.47251)
(10.508 -1.36741e-19 1.62817)
(10.6003 1.38019e-19 1.78775)
(10.7018 -1.41148e-19 1.95084)
(10.8128 0 2.11693)
(10.9335 -1.45034e-19 2.28537)
(11.0642 -1.43364e-19 2.45545)
(11.2051 7.35293e-19 2.62634)
(11.3562 -5.93558e-19 2.79717)
(11.5175 1.53044e-19 2.96698)
(11.6889 -3.02693e-19 3.13481)
(11.8701 0 3.29964)
(12.0606 5.22479e-19 3.46048)
(12.2602 -6.10525e-19 3.61636)
(12.468 7.51759e-20 3.76637)
(12.6836 0 3.90965)
(12.9059 0 4.04543)
(13.1344 0 4.17302)
(13.3669 3.69053e-20 4.29181)
(13.6277 0 4.40221)
(9.99033 4.07076e-19 0.125312)
(10.0084 5.23819e-20 0.243913)
(10.0363 -5.40249e-20 0.361233)
(10.0653 2.21426e-19 0.479862)
(10.0993 0 0.600785)
(10.141 -1.16726e-19 0.724592)
(10.1907 -1.20315e-19 0.85171)
(10.2481 0 0.982426)
(10.3131 2.49162e-19 1.11689)
(10.386 0 1.25512)
(10.4671 0 1.39702)
(10.5568 0 1.54236)
(10.6551 2.67359e-19 1.69082)
(10.7625 -2.29213e-21 1.84196)
(10.879 -1.39845e-19 1.99526)
(11.0048 -1.39075e-19 2.15012)
(11.14 0 2.30582)
(11.2847 -1.43307e-19 2.46163)
(11.4387 -2.85427e-19 2.61672)
(11.602 3.61145e-19 2.77026)
(11.7742 3.65577e-19 2.92138)
(11.9551 0 3.06922)
(12.1441 5.80187e-19 3.21292)
(12.3408 -5.18995e-19 3.35167)
(12.5446 -7.36123e-20 3.48472)
(12.7547 5.05596e-19 3.61137)
(12.9704 -6.26285e-19 3.73099)
(13.1909 0 3.84305)
(13.4146 -3.61521e-20 3.94706)
(13.6641 0 4.0435)
(9.99062 -3.73242e-19 0.118916)
(10.01 2.28847e-19 0.231448)
(10.0401 5.23101e-20 0.342602)
(10.0719 -5.39479e-19 0.454814)
(10.1093 2.2087e-19 0.568997)
(10.155 0 0.68567)
(10.2091 -1.15751e-19 0.80519)
(10.2711 -3.5586e-19 0.927783)
(10.3411 -2.43394e-19 1.05354)
(10.4193 2.46544e-19 1.18244)
(10.5057 -3.78042e-19 1.31434)
(10.6006 3.82744e-19 1.44899)
(10.704 -2.61142e-19 1.58605)
(10.8163 0 1.72508)
(10.9373 -1.34349e-19 1.86558)
(11.0671 1.20587e-21 2.00695)
(11.2057 2.71984e-19 2.14855)
(11.3531 -1.40369e-19 2.28969)
(11.5089 0 2.42965)
(11.6731 7.04586e-20 2.56767)
(11.8453 -7.08516e-20 2.70302)
(12.025 -5.61531e-19 2.83494)
(12.2117 1.13601e-18 2.9627)
(12.405 -6.45859e-19 3.08565)
(12.6042 7.0903e-20 3.20315)
(12.8086 5.98386e-19 3.31463)
(13.0176 -5.3808e-19 3.41961)
(13.2303 0 3.51767)
(13.4453 0 3.60843)
(13.6841 5.68012e-19 3.69237)
(9.9909 1.68555e-19 0.111733)
(10.0115 -1.7407e-19 0.217455)
(10.0435 1.01914e-19 0.321736)
(10.0779 3.14444e-19 0.426851)
(10.1185 -3.22995e-19 0.533636)
(10.1677 -1.10431e-19 0.642544)
(10.2257 2.26364e-19 0.753867)
(10.292 1.32538e-21 0.867776)
(10.3664 -1.16075e-19 0.984322)
(10.4491 1.43621e-21 1.10344)
(10.5401 1.24227e-19 1.22497)
(10.6394 1.24593e-19 1.34864)
(10.7472 1.25691e-19 1.4741)
(10.8634 -1.2749e-19 1.60095)
(10.9879 -3.87139e-19 1.72867)
(11.1208 5.26261e-19 1.85674)
(11.2619 0 1.98456)
(11.411 -4.00549e-19 2.11151)
(11.5678 2.71789e-19 2.23694)
(11.7321 -4.72069e-19 2.36021)
(11.9034 -1.09384e-18 2.48067)
(12.0812 4.85588e-19 2.59767)
(12.2652 0 2.71063)
(12.4547 0 2.81898)
(12.649 -6.16996e-19 2.92221)
(12.8476 1.14048e-18 3.01987)
(13.0498 -5.2369e-19 3.11156)
(13.2549 0 3.19697)
(13.4616 0 3.27581)
(13.6902 -1.70959e-20 3.34857)
(9.99118 -1.88463e-19 0.103783)
(10.0128 -1.92575e-19 0.201973)
(10.0466 0 0.298702)
(10.0834 -2.04396e-19 0.396072)
(10.1268 2.09717e-19 0.494841)
(10.1792 1.06921e-19 0.595396)
(10.2407 -3.28446e-19 0.697973)
(10.3107 -1.11671e-19 0.802696)
(10.389 7.16748e-22 0.909579)
(10.4756 2.33595e-19 1.01853)
(10.5704 0 1.12938)
(10.6735 0 1.24184)
(10.7847 1.20845e-19 1.35559)
(10.9041 -3.71833e-19 1.47023)
(11.0314 6.29251e-19 1.58529)
(11.1665 -3.83677e-19 1.70028)
(11.3092 -3.83909e-19 1.81467)
(11.4593 2.61355e-19 1.9279)
(11.6163 0 2.03942)
(11.78 -6.62456e-20 2.14866)
(11.9498 0 2.25507)
(12.1254 5.03314e-22 2.35812)
(12.3062 5.30834e-19 2.4573)
(12.4916 -5.41815e-19 2.55215)
(12.681 0 2.64227)
(12.8738 5.32501e-19 2.72729)
(13.0694 -5.76927e-19 2.8069)
(13.2672 5.30688e-19 2.88087)
(13.4659 -5.41196e-19 2.94897)
(13.6848 -5.25652e-19 3.01169)
(9.99144 4.57369e-20 0.095089)
(10.014 3.28801e-19 0.185049)
(10.0494 -1.92686e-19 0.273576)
(10.0883 1.97837e-19 0.362588)
(10.1342 0 0.452764)
(10.1895 2.07781e-19 0.544426)
(10.254 5.32367e-19 0.637757)
(10.3273 -1.09007e-19 0.732843)
(10.4089 -1.11327e-19 0.82967)
(10.4987 2.25416e-19 0.928132)
(10.5968 -2.3099e-19 1.02804)
(10.7029 -1.16662e-19 1.12914)
(10.8169 0 1.23111)
(10.9387 0 1.33356)
(11.0681 2.42851e-19 1.4361)
(11.2048 -3.7089e-19 1.53826)
(11.3484 3.765e-19 1.63959)
(11.4988 5.00995e-19 1.73959)
(11.6555 5.64829e-20 1.83778)
(11.8181 -5.15977e-19 1.93369)
(11.9861 0 2.02684)
(12.159 -4.49007e-19 2.1168)
(12.3364 4.59957e-19 2.20314)
(12.5176 3.25398e-20 2.28549)
(12.7021 -5.18166e-19 2.36353)
(12.8893 1.04721e-18 2.43697)
(13.0785 -5.28961e-19 2.50557)
(13.2693 -3.2638e-20 2.56915)
(13.4605 0 2.62755)
(13.6706 0 2.68124)
(9.9917 4.45489e-20 0.0856743)
(10.0151 -4.11697e-19 0.16673)
(10.052 1.88383e-19 0.246437)
(10.0928 -3.85908e-19 0.326521)
(10.1409 -1.9739e-19 0.40757)
(10.1986 -2.03042e-19 0.489842)
(10.2658 -1.03819e-19 0.573474)
(10.3418 -2.10895e-19 0.65852)
(10.4261 1.08738e-19 0.744945)
(10.5187 -2.19002e-19 0.832635)
(10.6194 3.35963e-19 0.921404)
(10.728 1.14013e-19 1.01101)
(10.8442 2.29729e-19 1.10115)
(10.9678 -4.68023e-19 1.19148)
(11.0986 2.38285e-19 1.28165)
(11.2362 1.18176e-19 1.37125)
(11.3803 -7.26023e-19 1.45986)
(11.5305 5.53862e-19 1.54709)
(11.6864 4.28652e-19 1.6325)
(11.8476 -5.01274e-19 1.71571)
(12.0135 0 1.79633)
(12.1836 -5.62525e-19 1.87398)
(12.3575 5.4217e-19 1.94832)
(12.5346 -1.75044e-22 2.01906)
(12.7143 0 2.08593)
(12.896 5.04999e-19 2.14872)
(13.0793 -1.02038e-18 2.20724)
(13.2635 5.63162e-19 2.26136)
(13.4479 0 2.31096)
(13.6497 1.58777e-20 2.35648)
(9.99195 0 0.0755578)
(10.0161 2.67566e-19 0.147061)
(10.0542 -1.8293e-19 0.217369)
(10.0967 2.81624e-19 0.287997)
(10.1468 7.91934e-22 0.359429)
(10.2066 2.95749e-19 0.43186)
(10.276 1.00518e-19 0.505388)
(10.3543 0 0.580041)
(10.441 1.05143e-19 0.65577)
(10.5358 0 0.732458)
(10.6386 -5.45676e-22 0.809927)
(10.749 0 0.887953)
(10.8669 3.35119e-19 0.966266)
(10.9918 -2.85235e-19 1.04457)
(11.1235 0 1.12253)
(11.2616 2.31813e-19 1.19981)
(11.4057 -1.78283e-19 1.27607)
(11.5554 4.13226e-19 1.35095)
(11.7102 -4.83354e-19 1.42409)
(11.8697 0 1.49518)
(12.0333 -4.83458e-19 1.5639)
(12.2006 5.8577e-19 1.62994)
(12.3711 -4.57378e-19 1.69303)
(12.5442 9.57455e-19 1.75293)
(12.7193 2.20128e-20 1.80944)
(12.896 -5.32332e-19 1.86239)
(13.0737 4.92461e-19 1.91164)
(13.252 -2.55529e-20 1.95709)
(13.43 -5.02333e-19 1.99866)
(13.6243 4.74789e-19 2.03677)
(9.99221 0 0.0647474)
(10.0171 1.73402e-19 0.126074)
(10.0563 1.7862e-19 0.186449)
(10.1003 -1.8323e-19 0.247142)
(10.152 0 0.308509)
(10.2136 -9.60901e-20 0.370678)
(10.2848 -1.96065e-19 0.433715)
(10.365 1.9951e-19 0.49763)
(10.4535 -1.02826e-19 0.562368)
(10.5502 -1.03341e-19 0.627817)
(10.6546 1.06233e-19 0.693816)
(10.7665 -5.36052e-20 0.760164)
(10.8855 1.07741e-19 0.826628)
(11.0113 -1.66773e-19 0.892949)
(11.1435 -5.58899e-20 0.95885)
(11.2817 0 1.02404)
(11.4254 1.70324e-19 1.08823)
(11.5743 -2.32883e-19 1.15113)
(11.7278 0 1.21245)
(11.8856 4.67321e-19 1.27193)
(12.047 4.77425e-19 1.3293)
(12.2115 -5.0293e-19 1.38433)
(12.3787 4.53204e-19 1.4368)
(12.548 0 1.48652)
(12.719 -3.02471e-20 1.53334)
(12.891 3.03166e-20 1.57714)
(13.0637 -1.51328e-20 1.61779)
(13.2366 4.80493e-19 1.65525)
(13.4089 -5.05324e-19 1.68944)
(13.5966 -4.71464e-19 1.72075)
(9.99247 8.24778e-20 0.0532231)
(10.018 -1.69572e-19 0.103774)
(10.0583 8.67497e-20 0.153747)
(10.1036 -2.79426e-22 0.204105)
(10.1566 -1.82498e-19 0.255049)
(10.2197 2.79889e-19 0.306644)
(10.2924 -9.57101e-20 0.358925)
(10.3741 9.72589e-20 0.411881)
(10.464 -9.94998e-20 0.465449)
(10.562 -1.51819e-19 0.519524)
(10.6676 0 0.573965)
(10.7805 -1.55763e-19 0.628598)
(10.9003 1.94927e-21 0.68323)
(11.0266 1.6251e-19 0.737645)
(11.159 2.71411e-19 0.791616)
(11.297 -2.76839e-19 0.844909)
(11.4402 5.56519e-20 0.897288)
(11.5882 -2.23762e-19 0.948521)
(11.7404 3.03462e-21 0.99838)
(11.8963 -2.24216e-19 1.04666)
(12.0555 -6.79425e-21 1.09315)
(12.2175 -4.6778e-19 1.13767)
(12.3816 2.92332e-20 1.18005)
(12.5476 0 1.22015)
(12.7147 0 1.25786)
(12.8826 1.47296e-20 1.29307)
(13.0509 1.47999e-20 1.32572)
(13.219 1.47832e-20 1.35575)
(13.3864 7.42417e-21 1.38314)
(13.5683 4.60591e-19 1.4082)
(9.9928 -8.06636e-20 0.0408934)
(10.0191 4.12273e-20 0.080133)
(10.0605 4.22132e-20 0.11927)
(10.1069 0 0.158805)
(10.1611 -1.77595e-19 0.198807)
(10.2253 1.8193e-19 0.239332)
(10.2992 9.22151e-20 0.28041)
(10.3819 -2.85296e-19 0.322021)
(10.473 2.41054e-19 0.364099)
(10.5719 4.78954e-20 0.406548)
(10.6783 -2.01096e-19 0.449249)
(10.7918 1.51825e-19 0.492059)
(10.912 -1.55949e-19 0.534817)
(11.0385 5.24737e-20 0.577353)
(11.1708 0 0.619484)
(11.3085 8.06012e-20 0.661026)
(11.451 -2.70167e-19 0.701796)
(11.598 2.4802e-19 0.741613)
(11.7488 2.76252e-20 0.780303)
(11.9031 2.21497e-19 0.817708)
(12.0603 2.2631e-19 0.853677)
(12.2199 0 0.888065)
(12.3814 0 0.920752)
(12.5443 -1.42646e-20 0.951635)
(12.7082 0 0.980628)
(12.8726 -2.87685e-20 1.00766)
(13.037 4.57e-19 1.03269)
(13.2011 -3.03748e-20 1.05567)
(13.3644 -4.59672e-19 1.07659)
(13.5415 0 1.09569)
(9.99334 7.85819e-20 0.027441)
(10.0207 4.0224e-20 0.0552765)
(10.0631 -2.47841e-19 0.0838027)
(10.1103 8.48063e-20 0.112659)
(10.1653 8.68078e-20 0.141761)
(10.2302 0 0.171193)
(10.305 0 0.200995)
(10.3885 4.59751e-20 0.231146)
(10.4803 -7.25793e-22 0.261594)
(10.5798 -1.91888e-19 0.29227)
(10.6867 9.79736e-20 0.323091)
(10.8005 7.44203e-20 0.353955)
(10.9209 -2.52557e-20 0.38475)
(11.0473 2.03057e-19 0.415354)
(11.1794 -2.07817e-19 0.445639)
(11.3166 -2.08074e-19 0.475473)
(11.4584 2.52831e-21 0.504728)
(11.6043 1.8823e-19 0.533276)
(11.7539 -2.69915e-20 0.560995)
(11.9066 0 0.587773)
(12.062 2.17366e-19 0.613506)
(12.2195 -3.33972e-21 0.638093)
(12.3787 -2.37242e-19 0.661449)
(12.5391 1.39397e-20 0.683504)
(12.7003 2.2177e-19 0.7042)
(12.8617 1.01121e-20 0.723491)
(13.023 -2.27051e-19 0.741343)
(13.1838 2.30416e-19 0.757735)
(13.3435 -2.27901e-19 0.772655)
(13.5166 0 0.7863)
(9.99482 -7.68131e-20 0.0115823)
(10.0245 0 0.0267296)
(10.068 4.03367e-20 0.0436448)
(10.1157 6.18742e-20 0.0610403)
(10.171 -6.35025e-20 0.0786884)
(10.2363 0 0.0966398)
(10.3114 -8.81124e-20 0.114892)
(10.3952 4.56659e-20 0.133394)
(10.4872 1.60738e-19 0.152087)
(10.5869 -6.88734e-22 0.170913)
(10.6938 -1.19302e-19 0.18981)
(10.8076 -3.6273e-20 0.20871)
(10.9278 -2.45552e-20 0.227538)
(11.054 0 0.246215)
(11.1855 -1.25921e-20 0.26466)
(11.3221 -2.55223e-20 0.282795)
(11.4631 0 0.30054)
(11.6081 1.03479e-19 0.317818)
(11.7565 -1.3903e-21 0.334558)
(11.908 -2.11926e-19 0.350694)
(12.0619 -1.14191e-19 0.366167)
(12.2178 0 0.380917)
(12.3752 1.3524e-20 0.394899)
(12.5336 0 0.408073)
(12.6926 6.8181e-21 0.420409)
(12.8518 0 0.431882)
(13.0108 0 0.442478)
(13.1691 0 0.452189)
(13.3265 0 0.461015)
(13.4968 2.16304e-19 0.469098)
(9.98162 0 0.00137728)
(9.99986 0 0.00539381)
(10.0304 9.8238e-21 0.0105605)
(10.0649 -3.02714e-20 0.0160602)
(10.1076 5.24783e-23 0.0217589)
(10.1611 9.84805e-23 0.0276683)
(10.225 1.16216e-22 0.0337743)
(10.2983 1.33566e-22 0.0400448)
(10.3804 6.12222e-23 0.0464486)
(10.4708 0 0.0529579)
(10.5691 2.32517e-20 0.0595445)
(10.6749 1.18129e-20 0.0661786)
(10.7875 0 0.0728287)
(10.9065 0 0.0794621)
(11.0315 1.23179e-20 0.0860453)
(11.1618 0 0.092545)
(11.2969 0 0.0989288)
(11.4364 5.05865e-20 0.105165)
(11.5796 -5.17205e-20 0.111224)
(11.726 0 0.117078)
(11.8752 5.83599e-20 0.122703)
(12.0265 -1.05121e-19 0.128075)
(12.1795 1.05752e-19 0.133174)
(12.3337 -1.06305e-19 0.137983)
(12.4886 4.71603e-20 0.142489)
(12.6439 5.31269e-20 0.146681)
(12.7989 -5.42302e-20 0.150551)
(12.9535 5.3386e-20 0.154094)
(13.1071 -5.44769e-20 0.1573)
(13.2734 5.51063e-20 0.160227)
(9.48994 3.06224e-19 11.3386)
(6.17741 8.02703e-20 8.53205)
(1.05825 0 6.09652)
(9.5817 0 9.32686)
(8.73142 -7.06443e-19 7.57116)
(7.22687 7.51795e-19 6.15208)
(10.1324 7.08448e-19 9.79552)
(10.0713 -1.49901e-18 9.08321)
(9.62503 7.07057e-19 8.2683)
(10.7539 0 9.8833)
(10.8677 6.39511e-19 9.69881)
(10.7694 -5.67134e-19 9.3332)
(11.2394 8.36059e-20 9.51969)
(11.4188 7.92614e-20 9.55301)
(11.4922 -7.63286e-20 9.4725)
(11.6532 1.22567e-18 9.05749)
(11.8617 1.35247e-20 9.18136)
(12.0131 -6.90615e-19 9.24597)
(12.0284 -6.38871e-20 8.59864)
(12.242 -6.25341e-19 8.7487)
(12.4168 7.35081e-20 8.86987)
(12.3617 6.48907e-19 8.14577)
(12.5702 -1.23632e-18 8.29201)
(12.7465 1.1925e-18 8.42456)
(12.6517 -3.78557e-20 7.69857)
(12.8522 0 7.83165)
(13.0232 5.58336e-19 7.95738)
(12.9016 0 7.25982)
(13.0934 0 7.37842)
(13.2571 3.46023e-20 7.49193)
(13.1146 -1.16999e-18 6.83073)
(13.2979 1.15073e-18 6.93564)
(13.454 -3.39734e-20 7.03629)
(13.2938 8.38837e-23 6.41128)
(13.4686 -1.70658e-20 6.50377)
(13.6174 -1.01979e-18 6.59242)
(13.4417 3.424e-20 6.00133)
(13.6084 0 6.0827)
(13.7503 0 6.16054)
(13.5611 1.05611e-18 5.60072)
(13.72 -2.08815e-18 5.67223)
(13.8552 1.03049e-18 5.74043)
(13.6544 0 5.20925)
(13.8059 0 5.27198)
(13.9348 0 5.33166)
(13.724 -1.00831e-18 4.82672)
(13.8685 1.00744e-18 4.88164)
(13.9913 0 4.93374)
(13.7725 1.5527e-20 4.45297)
(13.9102 -9.67425e-19 4.50092)
(14.0272 9.50722e-19 4.54629)
(13.8023 -9.78583e-19 4.08779)
(13.9336 9.62498e-19 4.12953)
(14.0451 1.46536e-20 4.16891)
(13.816 -9.57326e-19 3.73088)
(13.9412 -7.28531e-21 3.7671)
(14.0476 0 3.80116)
(13.8161 9.20861e-19 3.38191)
(13.9356 -9.19978e-19 3.4132)
(14.0371 -7.02049e-21 3.44253)
(13.8052 9.13805e-19 3.04041)
(13.9194 -8.79759e-19 3.06729)
(14.0163 8.85765e-19 3.09242)
(13.7857 0 2.7058)
(13.895 -8.74334e-19 2.72874)
(13.9877 1.68473e-20 2.75013)
(13.7601 -8.5394e-19 2.37729)
(13.8648 8.6652e-19 2.39668)
(13.9537 6.58208e-21 2.41472)
(13.7305 -8.59235e-19 2.05418)
(13.8311 8.29993e-19 2.07037)
(13.9166 -1.54482e-20 2.08539)
(13.699 1.65564e-18 1.73502)
(13.7961 -8.18495e-19 1.74828)
(13.8784 8.05785e-19 1.76055)
(13.6674 -1.61799e-18 1.41963)
(13.7613 8.03124e-19 1.43022)
(13.8411 7.85055e-19 1.43999)
(13.6379 0 1.10438)
(13.7292 7.72587e-19 1.11241)
(13.8067 -7.79889e-19 1.11981)
(13.6108 0 0.792509)
(13.7 0 0.798228)
(13.7759 1.4723e-21 0.803476)
(13.5893 -7.54895e-19 0.472702)
(13.6768 3.73725e-19 0.475955)
(13.7512 -7.19332e-22 0.478918)
(13.3638 -9.23786e-20 0.16147)
(13.4495 7.13666e-22 0.162561)
(13.5224 -8.92884e-20 0.163569)
(0.237156 -1.95965e-19 4.98838)
(2.16098 -4.21288e-20 5.48868)
(2.82104 3.10951e-19 5.91375)
(3.18583 -3.0402e-19 6.17881)
(3.3669 0 6.35608)
(3.4516 -1.18249e-19 6.46486)
(3.46323 2.96667e-19 6.51134)
(3.41808 -1.89095e-19 6.49769)
(3.32858 0 6.42665)
(3.20383 0 6.30081)
(3.05067 0 6.12222)
(2.87403 -1.13129e-21 5.89173)
(2.67685 0 5.60923)
(2.46291 -2.22729e-20 5.27656)
(2.23519 4.30729e-20 4.89537)
(1.99595 -5.83724e-20 4.46649)
(1.74702 -4.74033e-20 3.98987)
(1.48763 5.54811e-20 3.46177)
(1.21882 -2.36668e-20 2.88106)
(0.942469 -3.12238e-20 2.25111)
(0.670286 -1.39638e-19 1.58206)
(0.430635 -1.74799e-20 0.888806)
(0.0819937 3.41285e-20 0.157656)
(-0.243413 -1.28473e-19 -0.518138)
(-0.51783 9.73405e-20 -1.04541)
(-0.814044 -1.87115e-19 -1.48181)
(-1.13674 2.02458e-21 -1.84742)
(-1.50586 -1.62978e-19 -2.16547)
(-1.93652 6.576e-20 -2.43953)
(-2.43035 -8.89291e-23 -2.59023)
(5.19736 3.71762e-19 5.0523)
(4.46926 0 5.09532)
(4.20254 0 5.51365)
(4.23425 0 5.90131)
(4.35235 0 6.19563)
(4.46004 0 6.39434)
(4.52356 -2.85719e-19 6.50623)
(4.54005 2.6903e-20 6.54112)
(4.51466 2.21341e-19 6.50685)
(4.45336 -2.16125e-19 6.40901)
(4.36185 2.8278e-20 6.25191)
(4.24495 3.47443e-21 6.03829)
(4.10597 3.41884e-20 5.76951)
(3.94793 6.7603e-21 5.44756)
(3.77378 0 5.07452)
(3.5861 0 4.65175)
(3.3871 7.91356e-20 4.17952)
(3.17721 0 3.65578)
(2.95583 -1.44183e-19 3.07951)
(2.72168 -2.59801e-21 2.45304)
(2.47614 1.32412e-19 1.78821)
(2.22847 3.36869e-20 1.11121)
(1.95529 0 0.431443)
(1.54801 1.23072e-19 -0.233824)
(1.1989 -1.09087e-19 -0.793326)
(0.854309 9.22567e-20 -1.23525)
(0.497638 7.3524e-20 -1.58575)
(0.112121 1.07268e-19 -1.86855)
(-0.323278 -2.73115e-22 -2.11518)
(-0.941986 -2.35491e-20 -2.28157)
(8.38536 -7.07318e-21 7.01878)
(7.23762 -2.5622e-19 6.24715)
(6.3079 -3.83124e-20 5.94136)
(5.79946 0 5.95814)
(5.61701 0 6.12562)
(5.59572 -1.0487e-19 6.31311)
(5.62966 1.28756e-20 6.45486)
(5.66825 1.2882e-19 6.52854)
(5.68936 -1.33559e-19 6.53051)
(5.68448 -4.52665e-20 6.46339)
(5.65242 4.44301e-20 6.33137)
(5.59502 4.06448e-20 6.13822)
(5.51464 -1.3252e-20 5.88651)
(5.4136 -3.22708e-21 5.57866)
(5.2943 -2.16073e-20 5.217)
(5.159 2.13389e-20 4.80333)
(5.00959 0 4.33849)
(4.84657 6.64824e-20 3.82194)
(4.66869 1.34445e-19 3.25395)
(4.47256 0 2.63792)
(4.25378 1.5992e-20 1.98625)
(4.00839 -3.18274e-20 1.326)
(3.74281 1.58494e-20 0.684325)
(3.36293 0 0.0571998)
(2.96564 0 -0.506218)
(2.57403 8.7536e-20 -0.958186)
(2.17395 -1.40516e-19 -1.30622)
(1.76007 -1.02221e-19 -1.57118)
(1.34053 -6.44964e-20 -1.77435)
(0.739753 2.28793e-20 -1.92981)
(10.1759 0 8.41718)
(9.35507 2.26612e-19 7.54941)
(8.45116 -2.52286e-19 6.90605)
(7.71326 1.70064e-19 6.53141)
(7.23286 -2.7931e-20 6.38636)
(6.97575 -5.07424e-21 6.38748)
(6.87079 -7.1197e-20 6.4472)
(6.85187 -3.59693e-20 6.50131)
(6.86985 9.98648e-20 6.51355)
(6.89365 5.70359e-20 6.46783)
(6.90684 3.03287e-20 6.35931)
(6.90224 -6.83399e-21 6.18818)
(6.8774 -1.10063e-20 5.95618)
(6.83208 0 5.6656)
(6.76705 -1.3027e-20 5.31884)
(6.68349 0 4.91803)
(6.58233 1.95998e-20 4.46475)
(6.46341 -1.31159e-19 3.96009)
(6.3246 1.08037e-19 3.40602)
(6.16135 -1.16204e-21 2.80791)
(5.96714 1.42659e-20 2.17878)
(5.73528 0 1.54288)
(5.46651 0 0.930452)
(5.15527 8.16122e-22 0.352233)
(4.73487 2.05078e-21 -0.188603)
(4.31453 -8.72638e-20 -0.640971)
(3.88726 6.75852e-20 -0.990647)
(3.45282 9.88921e-20 -1.25164)
(3.02387 0 -1.44399)
(2.46403 0 -1.59091)
(11.3407 3.94079e-19 9.00274)
(10.9129 -2.49319e-20 8.37439)
(10.2924 -1.89093e-19 7.76704)
(9.63576 -1.31553e-19 7.27008)
(9.06126 0 6.91604)
(8.6268 2.54362e-20 6.70213)
(8.34418 4.44437e-20 6.59571)
(8.19217 -3.78578e-20 6.5479)
(8.13278 1.41522e-20 6.51164)
(8.12747 1.39016e-20 6.45244)
(8.14624 -3.71621e-20 6.34968)
(8.16924 0 6.19321)
(8.18457 1.06068e-20 5.97912)
(8.18567 -3.02927e-21 5.70694)
(8.16919 9.56262e-21 5.37785)
(8.13347 0 4.99371)
(8.07744 0 4.55661)
(7.99943 0 4.06892)
(7.89628 -9.42659e-20 3.53435)
(7.76276 9.80621e-20 2.96001)
(7.59211 0 2.35935)
(7.37798 1.0632e-19 1.75383)
(7.118 0 1.16996)
(6.82145 0 0.630037)
(6.4422 8.86382e-20 0.131277)
(6.02052 8.0239e-20 -0.306753)
(5.59003 -1.26734e-19 -0.655647)
(5.15304 0 -0.917655)
(4.72524 5.70084e-20 -1.11052)
(4.19602 -2.1851e-20 -1.2605)
(12.1234 -7.93004e-20 9.11198)
(12.0162 -7.38574e-20 8.76528)
(11.7181 -2.56188e-19 8.3306)
(11.2939 2.69319e-19 7.88929)
(10.8234 0 7.48957)
(10.3769 0 7.16107)
(10.0048 2.15887e-20 6.91331)
(9.73259 0 6.73495)
(9.56052 -2.40001e-20 6.60037)
(9.47138 3.15951e-20 6.47961)
(9.4409 3.3856e-20 6.34621)
(9.44551 1.8909e-21 6.18084)
(9.46597 9.24571e-22 5.97138)
(9.48817 -4.06512e-21 5.71141)
(9.5024 -8.85877e-21 5.39846)
(9.50208 -1.5007e-20 5.03248)
(9.4824 0 4.615)
(9.43907 0 4.14887)
(9.36721 0 3.6389)
(9.26092 -1.50947e-21 3.09331)
(9.11368 8.70235e-20 2.52543)
(8.9201 -1.08315e-19 1.95443)
(8.67832 6.10886e-21 1.40317)
(8.39265 0 0.894453)
(8.07121 -8.51452e-20 0.438385)
(7.66571 -1.42604e-19 0.0263153)
(7.24952 1.1185e-19 -0.316561)
(6.82957 -7.95178e-20 -0.581444)
(6.41971 -5.28624e-20 -0.780667)
(5.92748 2.10815e-20 -0.938386)
(12.6577 0 8.94046)
(12.7697 -2.78542e-19 8.82382)
(12.7433 3.06271e-19 8.5826)
(12.5782 -1.4665e-20 8.27146)
(12.3098 0 7.93192)
(11.9876 0 7.59772)
(11.6596 -2.06046e-20 7.29267)
(11.365 0 7.02744)
(11.1287 5.68887e-20 6.79966)
(10.9603 -1.61839e-22 6.59721)
(10.8562 -5.93757e-20 6.40289)
(10.8045 0 6.19897)
(10.7895 1.63122e-20 5.97039)
(10.7959 3.04154e-21 5.70613)
(10.8099 6.90497e-21 5.39935)
(10.8206 1.60909e-20 5.04672)
(10.8187 0 4.64781)
(10.7966 5.5161e-20 4.20465)
(10.747 9.46915e-21 3.72203)
(10.6628 -7.25114e-21 3.20817)
(10.5374 -1.80974e-19 2.67558)
(10.3658 8.37958e-20 2.14119)
(10.1467 8.29927e-20 1.62452)
(9.88331 -9.84486e-21 1.14491)
(9.58454 9.78791e-21 0.717268)
(9.24992 4.14739e-21 0.341791)
(8.85968 -5.79084e-21 0.0116711)
(8.47475 8.64232e-20 -0.256291)
(8.10125 0 -0.464707)
(7.65932 0 -0.631654)
(13.0406 -3.21617e-19 8.5974)
(13.2808 1.06862e-19 8.6373)
(13.447 2.48787e-19 8.56037)
(13.5018 -2.45307e-19 8.39228)
(13.4473 -1.99523e-19 8.15943)
(13.3084 1.97172e-19 7.88815)
(13.116 -5.59026e-20 7.60178)
(12.9015 7.58907e-20 7.31739)
(12.6926 5.45232e-20 7.0442)
(12.5105 2.37628e-20 6.78374)
(12.3673 6.95512e-20 6.53126)
(12.2663 -3.24348e-20 6.2779)
(12.2038 -2.18975e-20 6.01316)
(12.1712 6.11259e-21 5.72704)
(12.1579 0 5.41151)
(12.1528 -1.52065e-20 5.0612)
(12.1452 2.26694e-20 4.67367)
(12.1251 -5.31983e-20 4.24941)
(12.0834 -6.43259e-20 3.79211)
(12.0117 -1.54615e-19 3.30896)
(11.9031 9.60523e-20 2.8109)
(11.7528 -8.06793e-20 2.31232)
(11.5595 -1.52158e-19 1.8296)
(11.326 0 1.37886)
(11.0594 0 0.973436)
(10.771 4.69143e-20 0.619971)
(10.4535 1.31724e-20 0.311681)
(10.1135 -6.90603e-20 0.0445612)
(9.79045 0 -0.173065)
(9.41054 -1.74351e-20 -0.348271)
(13.3307 -6.53402e-19 8.16609)
(13.6335 2.21633e-19 8.2933)
(13.9168 -2.48042e-19 8.3311)
(14.1294 2.0654e-20 8.2836)
(14.2538 2.1803e-19 8.16167)
(14.296 0 7.98045)
(14.27 -2.00992e-20 7.7566)
(14.1934 0 7.50533)
(14.0856 0 7.23841)
(13.966 1.61865e-20 6.96326)
(13.8505 -7.92992e-20 6.68284)
(13.7502 6.61055e-20 6.39623)
(13.6708 0 6.09969)
(13.6128 0 5.78798)
(13.5724 -4.50469e-21 5.45568)
(13.5434 7.84073e-21 5.09836)
(13.5176 1.04599e-21 4.71339)
(13.4862 -4.95227e-20 4.30052)
(13.4405 -4.39959e-20 3.86233)
(13.3722 -1.28839e-19 3.40455)
(13.2746 3.09904e-20 2.93616)
(13.1432 3.24383e-20 2.4689)
(12.9768 3.70527e-20 2.0161)
(12.7776 1.60682e-20 1.59083)
(12.5518 1.375e-20 1.20407)
(12.3082 -1.90901e-21 0.862899)
(12.0571 -1.16711e-20 0.567355)
(11.7874 6.65097e-20 0.308342)
(11.5176 0 0.0862209)
(11.2033 3.24515e-20 -0.0938646)
(13.5601 -7.57655e-20 7.70091)
(13.8844 3.49162e-20 7.86439)
(14.2266 1.62311e-20 7.9676)
(14.536 0 8.00367)
(14.7874 2.02311e-19 7.97238)
(14.9758 -1.91346e-19 7.87867)
(15.103 -1.06168e-20 7.73097)
(15.1747 -1.3528e-19 7.5392)
(15.1999 5.07649e-20 7.31295)
(15.1907 -2.05526e-19 7.06019)
(15.1593 9.32947e-20 6.78664)
(15.1169 -3.05165e-20 6.49559)
(15.0721 0 6.18808)
(15.0302 1.07572e-20 5.86344)
(14.9933 -6.28369e-21 5.52008)
(14.9602 -1.66741e-21 5.15626)
(14.9277 -1.07942e-20 4.77097)
(14.8905 2.66698e-20 4.36461)
(14.8425 4.71585e-20 3.93957)
(14.7777 4.56846e-20 3.50064)
(14.6908 -2.47257e-21 3.0551)
(14.5783 2.6281e-20 2.61236)
(14.4393 -5.09797e-20 2.18304)
(14.2759 0 1.77764)
(14.093 4.67643e-20 1.40512)
(13.8974 0 1.07169)
(13.6971 0 0.780041)
(13.4971 -5.91508e-20 0.527465)
(13.2838 5.77378e-21 0.308274)
(13.0292 -1.50703e-20 0.128994)
(13.7454 6.20824e-19 7.23)
(14.069 -5.36022e-19 7.39899)
(14.4314 1.58807e-20 7.53)
(14.7888 0 7.61325)
(15.1163 -2.01018e-19 7.64323)
(15.4048 1.93117e-19 7.61818)
(15.6498 1.03218e-20 7.53973)
(15.8486 1.39683e-19 7.41203)
(16.0024 -2.01778e-19 7.24061)
(16.1154 -2.61708e-20 7.0313)
(16.194 8.18411e-20 6.78943)
(16.2454 -1.67572e-20 6.51936)
(16.2765 -1.62147e-20 6.22427)
(16.2932 -2.43853e-20 5.90625)
(16.2995 7.83532e-21 5.56654)
(16.2974 -6.13089e-21 5.20603)
(16.2869 -5.23768e-22 4.82578)
(16.2667 5.21249e-21 4.42756)
(16.2338 3.10735e-20 4.01438)
(16.1852 -2.04351e-20 3.59084)
(16.1179 -1.82206e-20 3.16322)
(16.0301 0 2.73929)
(15.9218 -4.90723e-20 2.32768)
(15.7949 -4.80501e-20 1.93697)
(15.6534 -4.49743e-20 1.57471)
(15.5026 1.72667e-20 1.24661)
(15.3478 -7.53051e-20 0.956316)
(15.1935 5.62178e-20 0.705509)
(15.0379 -3.41793e-20 0.493017)
(14.8301 0 0.320474)
(13.8952 5.63988e-19 6.76585)
(14.2079 -3.42735e-20 6.92507)
(14.5683 -1.60313e-20 7.0603)
(14.9405 7.37109e-21 7.16292)
(15.3034 1.63965e-21 7.22641)
(15.6485 1.84305e-19 7.24615)
(15.9694 -1.65304e-20 7.21964)
(16.2599 -1.80943e-19 7.14663)
(16.5159 3.23599e-20 7.0287)
(16.7361 -3.00086e-20 6.86864)
(16.9213 0 6.66985)
(17.0744 0 6.43591)
(17.1987 0 6.17017)
(17.2979 -2.11271e-20 5.87564)
(17.3753 -2.61564e-20 5.55498)
(17.4333 3.82931e-20 5.21069)
(17.4735 7.87796e-21 4.84536)
(17.4963 -6.13377e-21 4.46204)
(17.5012 0 4.06451)
(17.4875 1.2481e-20 3.65756)
(17.4543 -3.47778e-20 3.2471)
(17.4013 0 2.83997)
(17.3295 0 2.44356)
(17.2409 -3.03516e-20 2.06526)
(17.1389 2.94749e-20 1.7118)
(17.0274 0 1.3888)
(16.9103 1.02229e-19 1.10071)
(16.7903 4.12992e-21 0.851392)
(16.6686 2.28417e-20 0.6443)
(16.5045 1.13544e-21 0.482067)
(14.0144 6.036e-19 6.31336)
(14.3124 -5.55303e-19 6.45685)
(14.6599 -4.75742e-19 6.58414)
(15.0274 4.6658e-19 6.68865)
(15.3981 -4.12783e-19 6.76491)
(15.7658 3.98274e-19 6.80805)
(16.1253 0 6.81404)
(16.47 -1.91812e-20 6.78022)
(16.7937 -1.47043e-19 6.70541)
(17.092 2.92597e-20 6.58973)
(17.3622 0 6.43436)
(17.6032 0 6.24126)
(17.815 0 6.01287)
(17.9985 -3.13966e-20 5.7519)
(18.155 -2.44055e-20 5.46121)
(18.2858 -1.2091e-20 5.14387)
(18.392 -1.79809e-20 4.8032)
(18.4743 0 4.44292)
(18.5333 1.8318e-21 4.06734)
(18.5691 1.32039e-20 3.68149)
(18.5821 8.60563e-21 3.2911)
(18.573 -1.57025e-20 2.90256)
(18.5433 0 2.5226)
(18.4949 4.17879e-20 2.15795)
(18.4308 -4.97466e-20 1.81498)
(18.3541 -1.18624e-20 1.49944)
(18.2678 3.57304e-20 1.21654)
(18.1739 -8.7968e-21 0.971427)
(18.0742 0 0.769799)
(17.9395 7.42672e-21 0.616749)
(14.1062 0 5.87406)
(14.3886 -5.24662e-19 6.0006)
(14.719 5.13597e-19 6.11502)
(15.0722 4.51264e-19 6.21243)
(15.4345 -4.4202e-19 6.28876)
(15.8025 6.0509e-21 6.34)
(16.173 1.13584e-20 6.36222)
(16.5404 0 6.35204)
(16.899 2.74801e-19 6.30696)
(17.2434 1.15949e-19 6.22544)
(17.5691 2.23366e-19 6.10691)
(17.8729 -7.77482e-20 5.95174)
(18.1522 -7.44341e-20 5.76108)
(18.4056 1.39786e-19 5.53676)
(18.6321 2.37553e-20 5.28111)
(18.8314 3.50536e-20 4.99698)
(19.0033 -4.03048e-20 4.68769)
(19.1478 0 4.35709)
(19.265 -7.21275e-21 4.00959)
(19.3554 5.37098e-21 3.6502)
(19.4193 2.61237e-22 3.28453)
(19.4576 1.01727e-20 2.91863)
(19.4718 5.80077e-21 2.55887)
(19.4638 -1.45915e-20 2.21164)
(19.4359 2.47483e-20 1.88315)
(19.3907 8.01196e-21 1.57935)
(19.3308 0 1.30595)
(19.2582 0 1.06884)
(19.1754 1.25015e-20 0.874468)
(19.0597 -7.16936e-21 0.72924)
(14.1733 0 5.44807)
(14.4403 0 5.55848)
(14.7527 -7.78173e-21 5.65898)
(15.0878 7.16986e-21 5.74576)
(15.4341 0 5.81584)
(15.7899 3.88684e-19 5.86623)
(16.1538 -3.85869e-19 5.89369)
(16.5222 0 5.89511)
(16.8902 0 5.86771)
(17.253 3.20001e-19 5.8093)
(17.606 -2.4885e-19 5.71836)
(17.9451 -2.46268e-20 5.59416)
(18.2666 -2.33798e-20 5.43675)
(18.5673 -3.51122e-20 5.24697)
(18.8448 5.69932e-20 5.02637)
(19.0971 -5.61277e-20 4.77716)
(19.3226 3.91619e-20 4.50222)
(19.5203 0 4.20508)
(19.6894 1.26769e-20 3.88987)
(19.8297 0 3.56135)
(19.941 2.59875e-21 3.22482)
(20.024 2.07092e-21 2.88601)
(20.0796 8.26797e-21 2.55094)
(20.1092 0 2.22576)
(20.1148 -1.71718e-20 1.91658)
(20.0985 -1.03061e-20 1.62939)
(20.0627 4.3368e-21 1.37015)
(20.0097 1.48511e-21 1.14493)
(19.9429 1.7934e-20 0.960245)
(19.8447 0 0.822441)
(14.218 -5.40411e-19 5.03493)
(14.4706 5.12803e-19 5.13075)
(14.7654 7.62911e-21 5.218)
(15.0817 0 5.29356)
(15.4092 0 5.35514)
(15.7472 -1.23607e-20 5.40052)
(16.0955 0 5.42719)
(16.4518 0 5.43259)
(16.8127 -3.12371e-19 5.41424)
(17.1744 -3.38492e-19 5.36996)
(17.5327 0 5.29793)
(17.8838 0 5.19691)
(18.2237 2.28957e-20 5.06629)
(18.5486 -1.33679e-19 4.90617)
(18.8553 1.1528e-19 4.71735)
(19.1407 0 4.50136)
(19.4023 4.93383e-21 4.26045)
(19.6379 0 3.9976)
(19.8459 -1.23695e-20 3.71642)
(20.0251 0 3.42121)
(20.1748 -1.23937e-20 3.1168)
(20.2948 5.08374e-21 2.80848)
(20.3855 7.47438e-21 2.50189)
(20.4478 0 2.20285)
(20.4831 6.76783e-21 1.91723)
(20.4932 3.80109e-21 1.65091)
(20.4804 1.04486e-21 1.40975)
(20.4475 0 1.19968)
(20.398 -9.23388e-21 1.02675)
(20.3194 -1.9949e-21 0.896548)
(14.2427 0 4.634)
(14.4818 1.59829e-20 4.71688)
(14.76 0 4.79219)
(15.0581 -3.56142e-21 4.85723)
(15.3667 1.66795e-21 4.91017)
(15.6853 6.12197e-21 4.94927)
(16.0145 3.56023e-19 4.9726)
(16.3528 -3.70383e-19 4.97809)
(16.6978 -6.58499e-22 4.96374)
(17.0467 -7.3373e-22 4.92762)
(17.3962 -2.44944e-19 4.86805)
(17.7429 4.29827e-19 4.78369)
(18.0833 -4.76131e-20 4.67368)
(18.4137 -3.81501e-19 4.5377)
(18.7305 2.03767e-19 4.37606)
(19.0305 8.95878e-20 4.18973)
(19.3104 -1.18887e-19 3.98037)
(19.5675 4.33055e-20 3.75034)
(19.7995 -7.75886e-20 3.5027)
(20.0045 2.44191e-20 3.24113)
(20.1811 2.70479e-20 2.9699)
(20.3284 -2.14936e-20 2.69377)
(20.4463 0 2.41787)
(20.535 0 2.14756)
(20.5956 -4.08245e-21 1.88836)
(20.6295 6.11163e-21 1.64578)
(20.639 -1.83481e-22 1.42537)
(20.6268 3.81349e-22 1.2326)
(20.5969 9.10173e-22 1.07287)
(20.5414 1.65885e-21 0.950776)
(14.2501 -5.21333e-19 4.2447)
(14.4765 1.00591e-18 4.31617)
(14.7391 -4.85145e-19 4.38092)
(15.0202 3.49163e-21 4.43657)
(15.3107 -4.13346e-19 4.48158)
(15.6103 7.8773e-19 4.51454)
(15.9198 -3.7664e-19 4.53391)
(16.2384 4.24967e-20 4.53803)
(16.5642 1.93176e-20 4.52527)
(16.8949 1.76641e-20 4.49407)
(17.2283 0 4.44296)
(17.5613 5.93916e-20 4.37076)
(17.8912 5.33941e-20 4.2766)
(18.2145 1.56783e-19 4.16003)
(18.5281 -1.78348e-19 4.02108)
(18.8285 1.73808e-19 3.86037)
(19.1127 -1.66566e-19 3.67912)
(19.3775 -1.01367e-19 3.47916)
(19.6204 9.98688e-20 3.26299)
(19.8391 -1.70229e-20 3.03371)
(20.0316 0 2.79498)
(20.1969 2.10057e-20 2.55095)
(20.334 -1.71482e-20 2.30618)
(20.443 1.69436e-20 2.06548)
(20.5244 -1.33689e-20 1.83383)
(20.5794 -9.86196e-21 1.61628)
(20.61 -3.18642e-21 1.41784)
(20.6189 0 1.2434)
(20.6101 6.59566e-21 1.09761)
(20.5806 -8.41757e-23 0.984187)
(14.2425 -5.11631e-19 3.86643)
(14.4572 1.41536e-20 3.92784)
(14.7054 8.87286e-21 3.98331)
(14.9707 4.52473e-19 4.03073)
(15.2444 0 4.06876)
(15.5262 -3.7642e-19 4.09624)
(15.817 3.74991e-19 4.11191)
(16.1162 -2.10823e-20 4.11441)
(16.4223 3.06909e-19 4.1024)
(16.7336 2.82549e-19 4.07461)
(17.0482 2.58568e-19 4.02985)
(17.3637 -2.83658e-19 3.96711)
(17.6777 -2.69764e-20 3.88564)
(17.9874 2.15089e-19 3.78498)
(18.2899 -3.80665e-19 3.6651)
(18.5822 1.67161e-19 3.5264)
(18.8614 0 3.36979)
(19.1245 0 3.19673)
(19.3689 0 3.00923)
(19.5922 0 2.80986)
(19.7923 0 2.60171)
(19.9678 -2.81068e-20 2.38833)
(20.1176 5.04028e-20 2.17366)
(20.2415 -4.48642e-21 1.96192)
(20.3395 -2.23514e-20 1.75748)
(20.4128 9.62607e-21 1.56482)
(20.463 0 1.38834)
(20.4926 0 1.23229)
(20.5052 -4.96017e-21 1.10061)
(20.5029 0 0.996302)
(14.2228 7.93561e-21 3.49851)
(14.4264 -4.71013e-19 3.55107)
(14.6614 4.72525e-19 3.5984)
(14.9121 -8.50823e-22 3.63864)
(15.1703 0 3.67063)
(15.4358 3.73871e-19 3.6934)
(15.7093 -3.83861e-19 3.7059)
(15.9904 0 3.707)
(16.278 -3.08418e-19 3.69561)
(16.5705 -5.69694e-19 3.67068)
(16.8664 2.79929e-19 3.63124)
(17.1636 2.40539e-19 3.57645)
(17.4603 -2.3618e-19 3.50569)
(17.754 -2.24638e-19 3.4186)
(18.0422 2.17399e-19 3.3151)
(18.3224 0 3.1955)
(18.5919 0 3.06051)
(18.848 -3.40099e-20 2.91131)
(19.0883 0 2.74954)
(19.3106 -2.5996e-20 2.57732)
(19.5127 0 2.39722)
(19.6933 3.29418e-20 2.21224)
(19.8511 -3.25007e-20 2.02572)
(19.9856 -4.32393e-21 1.84127)
(20.097 -4.44473e-21 1.66268)
(20.1858 3.40713e-21 1.49379)
(20.2536 5.9201e-22 1.33841)
(20.3025 0 1.20015)
(20.3356 7.90198e-22 1.08234)
(20.3599 -7.7964e-22 0.987415)
(14.1933 -7.77344e-21 3.14019)
(14.3869 4.55078e-19 3.18494)
(14.6097 -1.0427e-20 3.22513)
(14.8471 -4.37593e-19 3.25911)
(15.0912 -3.995e-19 3.28589)
(15.3417 3.91599e-19 3.30466)
(15.5995 -1.27064e-22 3.31455)
(15.8642 -1.06575e-20 3.31462)
(16.1348 0 3.30396)
(16.4101 -1.85951e-20 3.2817)
(16.6884 0 3.24705)
(16.9684 0 3.19933)
(17.2483 2.5299e-19 3.13805)
(17.526 -1.93735e-19 3.06289)
(17.7995 1.84435e-19 2.9738)
(18.0665 -1.5909e-19 2.87104)
(18.3246 0 2.75519)
(18.5717 -9.80768e-20 2.6272)
(18.8055 1.2934e-19 2.48843)
(19.0239 2.54571e-20 2.34061)
(19.225 0 2.18589)
(19.4075 0 2.02676)
(19.5702 3.53657e-20 1.86602)
(19.7125 2.57816e-20 1.70672)
(19.8344 0 1.55207)
(19.9363 -3.21359e-20 1.40533)
(20.0195 2.78787e-20 1.26973)
(20.0858 0 1.14832)
(20.1376 0 1.04387)
(20.1866 -2.29695e-21 0.958414)
(14.1568 5.00417e-19 2.79062)
(14.3411 1.4606e-20 2.82849)
(14.5528 0 2.86239)
(14.7782 4.16383e-19 2.89091)
(15.0095 -1.08439e-20 2.91321)
(15.2466 -7.52677e-19 2.92861)
(15.4903 7.26555e-19 2.93638)
(15.7402 -4.26222e-21 2.93575)
(15.9956 -3.22668e-19 2.92597)
(16.2552 -3.18139e-22 2.90631)
(16.5178 0 2.87614)
(16.7821 0 2.8349)
(17.0466 1.97741e-19 2.78218)
(17.3095 -4.57219e-19 2.71775)
(17.5691 2.28768e-19 2.64157)
(17.8234 -4.4478e-20 2.55386)
(18.0704 0 2.45509)
(18.3082 -1.00418e-19 2.34605)
(18.5347 2.56906e-19 2.22786)
(18.7482 -1.19834e-19 2.10194)
(18.947 2.55986e-20 1.97006)
(19.1298 0 1.83428)
(19.2955 -1.98318e-20 1.69693)
(19.4436 -3.33077e-20 1.56055)
(19.5739 0 1.42783)
(19.6868 1.77962e-20 1.30149)
(19.7832 -3.07246e-20 1.18423)
(19.8645 2.44791e-20 1.07861)
(19.933 -5.85829e-21 0.986934)
(20.004 1.11826e-21 0.910909)
(14.1156 -7.45715e-21 2.44874)
(14.2916 4.41554e-19 2.48051)
(14.4933 -8.72609e-19 2.50887)
(14.7078 4.22483e-19 2.53262)
(14.9278 1.4026e-23 2.55105)
(15.1528 3.57283e-23 2.5636)
(15.3839 0 2.56967)
(15.6207 1.04564e-20 2.56862)
(15.8625 -1.96646e-20 2.55983)
(16.1083 -2.6308e-22 2.54272)
(16.3569 0 2.51676)
(16.6073 0 2.48151)
(16.8581 0 2.43663)
(17.1078 2.67117e-20 2.38195)
(17.3549 -2.44473e-20 2.31744)
(17.5977 -1.52282e-19 2.24328)
(17.8344 1.71594e-19 2.15986)
(18.0634 -3.61918e-20 2.06785)
(18.283 -3.39367e-20 1.96813)
(18.4915 0 1.86189)
(18.6876 -2.5052e-20 1.75057)
(18.8699 0 1.63586)
(19.0377 1.85924e-20 1.51967)
(19.1902 3.0115e-20 1.40409)
(19.3273 -1.58773e-21 1.29134)
(19.4492 -4.19621e-20 1.18369)
(19.5567 1.68145e-21 1.08336)
(19.6509 -1.8811e-20 0.992478)
(19.7336 2.07486e-21 0.912949)
(19.8238 0 0.846208)
(14.072 -9.34549e-19 2.11362)
(14.2406 4.53462e-19 2.13995)
(14.4334 -1.67433e-21 2.16342)
(14.6382 4.03226e-19 2.18299)
(14.8481 -3.97539e-19 2.19808)
(15.0626 -5.74057e-21 2.20821)
(15.2826 -3.42258e-19 2.21292)
(15.5078 6.48039e-19 2.21167)
(15.7378 -6.00381e-19 2.20397)
(15.9715 1.80543e-20 2.18935)
(16.2079 -2.82289e-19 2.16737)
(16.4461 2.60288e-19 2.13768)
(16.685 0 2.10002)
(16.9231 -2.10785e-19 2.05426)
(17.1593 2.0707e-19 2.00037)
(17.3919 2.32101e-20 1.9385)
(17.6196 0 1.86899)
(17.8408 -1.91922e-20 1.79235)
(18.054 3.3219e-20 1.70932)
(18.2579 1.45906e-19 1.62086)
(18.4512 -1.1324e-19 1.52813)
(18.6328 6.39282e-20 1.4325)
(18.8018 -1.07318e-19 1.33552)
(18.9577 0 1.23889)
(19.1003 -5.34109e-20 1.14442)
(19.2297 4.76811e-20 1.05397)
(19.3464 3.52949e-20 0.96935)
(19.4515 1.72466e-20 0.892303)
(19.5462 -5.06845e-21 0.824389)
(19.6527 0 0.766798)
(14.0281 -4.61723e-19 1.78354)
(14.1901 3.43271e-21 1.80496)
(14.3752 0 1.82404)
(14.5717 -7.82014e-22 1.83991)
(14.7728 0 1.85206)
(14.9781 5.67165e-21 1.86014)
(15.1884 0 1.86374)
(15.4038 3.28599e-19 1.86245)
(15.6235 -6.21705e-19 1.85588)
(15.8468 -2.76024e-19 1.84366)
(16.0727 1.67476e-20 1.82543)
(16.3005 0 1.80092)
(16.5291 0 1.76993)
(16.7573 0 1.73235)
(16.984 -2.52803e-20 1.68816)
(17.2079 -2.27211e-20 1.6375)
(17.4277 -2.12557e-20 1.58061)
(17.6421 1.87836e-20 1.51794)
(17.8498 1.74532e-20 1.45005)
(18.0496 -3.02162e-20 1.37771)
(18.2403 0 1.30184)
(18.421 -2.16757e-20 1.22355)
(18.5909 1.03472e-19 1.14406)
(18.7494 -3.82081e-20 1.06474)
(18.8964 0 0.987034)
(19.0318 2.13212e-20 0.912425)
(19.1562 -3.88967e-20 0.84239)
(19.2702 0 0.778321)
(19.3749 0 0.721481)
(19.4949 -3.19523e-21 0.672851)
(13.9859 -4.51572e-19 1.45823)
(14.1423 0 1.47522)
(14.3207 0 1.49035)
(14.51 0 1.5029)
(14.7036 0 1.51247)
(14.9012 -3.55725e-19 1.51877)
(15.1034 3.43405e-19 1.5215)
(15.3103 5.28526e-23 1.52033)
(15.5214 9.39546e-21 1.51494)
(15.7359 2.60286e-19 1.50506)
(15.9531 -2.72764e-19 1.49041)
(16.172 0 1.47078)
(16.392 0 1.44602)
(16.6118 1.35799e-20 1.41604)
(16.8306 2.47404e-20 1.38083)
(17.0472 0 1.3405)
(17.2604 -4.19575e-22 1.29524)
(17.4691 1.93325e-20 1.2454)
(17.672 1.15419e-19 1.19142)
(17.8683 -1.30348e-19 1.13389)
(18.0567 0 1.07354)
(18.2365 0 1.01121)
(18.4069 2.14485e-20 0.947867)
(18.5675 0 0.884574)
(18.7179 -1.21798e-20 0.822458)
(18.8582 4.89998e-20 0.762682)
(18.9886 -3.12073e-20 0.706403)
(19.1099 0 0.654719)
(19.2228 -1.45785e-21 0.608613)
(19.354 4.55206e-21 0.568854)
(13.9473 0 1.13362)
(14.099 -4.14405e-19 1.1465)
(14.272 4.07871e-19 1.15796)
(14.4553 0 1.16743)
(14.6427 -2.869e-21 1.17462)
(14.8338 -2.73087e-21 1.17931)
(15.0294 0 1.18126)
(15.2294 -9.79398e-21 1.18024)
(15.4334 9.29792e-21 1.176)
(15.6408 2.7393e-19 1.16833)
(15.8507 -2.77051e-19 1.15704)
(16.0625 0 1.14196)
(16.2754 0 1.12299)
(16.4885 1.43801e-22 1.10005)
(16.7008 2.04475e-19 1.07315)
(16.9114 -2.7696e-19 1.04236)
(17.1191 1.98806e-19 1.00784)
(17.3231 -9.82875e-20 0.969827)
(17.5222 6.62476e-20 0.928669)
(17.7155 -1.40169e-19 0.884804)
(17.902 1.10953e-19 0.838772)
(18.0809 -5.17652e-20 0.791207)
(18.2516 -1.02046e-20 0.742829)
(18.4137 -3.37229e-20 0.694432)
(18.5667 1.82265e-20 0.646863)
(18.7108 0 0.600999)
(18.846 9.42352e-21 0.557716)
(18.973 6.99171e-21 0.517847)
(19.0922 0 0.482136)
(19.2319 0 0.451175)
(13.9134 0 0.813225)
(14.0614 -2.41119e-21 0.822351)
(14.2299 0 0.830475)
(14.4086 0 0.837185)
(14.5912 2.80507e-21 0.842272)
(14.7773 2.67012e-21 0.845588)
(14.9676 0 0.846972)
(15.1622 0 0.846251)
(15.3607 -4.52924e-21 0.843261)
(15.5624 1.34705e-19 0.837851)
(15.7667 2.37437e-21 0.829883)
(15.973 -5.74929e-21 0.819245)
(16.1804 -1.16257e-19 0.80586)
(16.3882 -1.31317e-20 0.789683)
(16.5956 -1.21692e-20 0.770715)
(16.8015 0 0.749007)
(17.0051 -1.03029e-20 0.724666)
(17.2054 8.23847e-20 0.697862)
(17.4015 -1.28884e-19 0.668831)
(17.5924 2.107e-20 0.637878)
(17.7774 5.81063e-20 0.605377)
(17.9556 0 0.571769)
(18.1265 1.94144e-22 0.537555)
(18.2896 2.45863e-20 0.503288)
(18.4447 -3.32629e-20 0.469562)
(18.5915 -6.26377e-21 0.436994)
(18.7304 8.34649e-21 0.406209)
(18.8617 -1.57262e-20 0.377808)
(18.9859 -3.52442e-21 0.352326)
(19.1324 2.39039e-21 0.330162)
(13.886 2.06979e-19 0.484511)
(14.0314 -3.3116e-21 0.489887)
(14.1967 -1.94994e-19 0.49466)
(14.3718 -1.8179e-19 0.498543)
(14.5508 3.5087e-19 0.501433)
(14.7332 -6.34427e-21 0.503259)
(14.9197 -3.20839e-19 0.503925)
(15.1103 1.55977e-19 0.503329)
(15.3048 -4.45934e-21 0.501374)
(15.5024 -4.22022e-21 0.497975)
(15.7027 0 0.493051)
(15.9049 0 0.486537)
(16.1083 -1.05084e-19 0.47839)
(16.3123 2.07568e-19 0.468584)
(16.516 -5.68825e-21 0.457123)
(16.7185 -1.77961e-19 0.444037)
(16.919 7.95171e-20 0.429389)
(17.1166 -9.3002e-21 0.413281)
(17.3104 -4.18524e-21 0.395852)
(17.4995 2.53616e-20 0.377282)
(17.6832 -2.87272e-20 0.357792)
(17.8607 0 0.33764)
(18.0316 -3.01942e-20 0.317122)
(18.1952 2.84008e-20 0.296566)
(18.3514 -1.38607e-20 0.276325)
(18.5 2.2873e-20 0.256774)
(18.6412 0 0.238304)
(18.7753 3.41165e-21 0.221324)
(18.9028 1.38966e-21 0.206279)
(19.0529 -8.89371e-22 0.193751)
(13.6543 5.16703e-20 0.16561)
(13.796 4.87542e-20 0.167678)
(13.9573 -4.77997e-20 0.169519)
(14.1283 0 0.171024)
(14.3031 6.73232e-22 0.172167)
(14.4811 1.28273e-21 0.172928)
(14.663 2.43933e-21 0.173271)
(14.849 -2.31426e-21 0.173157)
(15.0386 0 0.17255)
(15.2313 3.65922e-20 0.171418)
(15.4263 -3.18515e-20 0.16973)
(15.6231 2.85899e-20 0.167462)
(15.821 -4.78812e-21 0.164597)
(16.0193 -2.62154e-20 0.161124)
(16.217 -2.3002e-20 0.157043)
(16.4134 2.25983e-20 0.152363)
(16.6076 -1.44236e-20 0.147106)
(16.7987 1.9114e-20 0.141306)
(16.9858 -2.02125e-20 0.135011)
(17.168 1.95376e-20 0.128284)
(17.3446 -1.2809e-20 0.121203)
(17.5147 1.34818e-21 0.113858)
(17.6779 1.10809e-20 0.106353)
(17.8336 0 0.0988041)
(17.9814 0 0.0913376)
(18.1214 -3.04756e-22 0.0840893)
(18.2536 -2.69119e-21 0.0772082)
(18.3783 -6.93106e-22 0.0708688)
(18.4963 -1.40238e-21 0.0653123)
(18.6357 0 0.0610563)
)
;

boundaryField
{
    inlet
    {
        type            fixedValue;
        value           uniform (10 0 0);
    }
    outlet
    {
        type            zeroGradient;
    }
    flap
    {
        type            movingWallVelocity;
        value           nonuniform List<vector> 
33
(
(-5.97395e-16 -1.7741e-32 -5.31055e-15)
(0 0 0)
(-8.22112e-15 0 -2.50584e-14)
(-9.02171e-15 0 -2.36528e-14)
(0 2.77556e-14 0)
(-1.97925e-14 0 -5.04705e-14)
(-1.79235e-14 -5.26701e-32 -4.8948e-14)
(1.79302e-14 2.77556e-14 5.41698e-14)
(-1.10504e-15 -3.68848e-32 -3.75692e-15)
(-1.75191e-15 7.4336e-32 -6.74953e-15)
(3.7346e-32 -2.77556e-14 -8.5117e-33)
(-1.09947e-15 3.7347e-32 -5.41364e-15)
(-9.47923e-16 -2.77556e-14 -5.04099e-15)
(-3.95296e-14 0 -2.19928e-13)
(-3.70467e-32 2.77556e-14 6.61137e-33)
(3.39974e-33 -2.77556e-14 1.84931e-32)
(0 0 0)
(0 0 0)
(8.9234e-17 0 7.81807e-16)
(0 0 0)
(8.30073e-15 2.77556e-14 2.49994e-14)
(0 0 0)
(0 -2.77556e-14 0)
(-6.92717e-32 -2.77556e-14 2.71688e-32)
(0 -2.77556e-14 0)
(-8.202e-15 -2.77556e-14 -2.48129e-14)
(-6.23423e-14 0 -2.11867e-13)
(-1.75512e-15 -2.77556e-14 -6.7553e-15)
(-2.75396e-15 0 -1.20537e-14)
(-2.38914e-14 2.77556e-14 -1.17454e-13)
(0 -2.77556e-14 0)
(-1.93591e-14 0 -1.07537e-13)
(1.92731e-14 0 1.07569e-13)
)
;
    }
    upperWall
    {
        type            noSlip;
    }
    lowerWall
    {
        type            noSlip;
    }
    frontAndBack
    {
        type            empty;
    }
}


// ************************************************************************* //
