/*--------------------------------*- C++ -*----------------------------------*\
| =========                 |                                                 |
| \\      /  F ield         | OpenFOAM: The Open Source CFD Toolbox           |
|  \\    /   O peration     | Version:  dev                                   |
|   \\  /    A nd           | Web:      www.OpenFOAM.org                      |
|    \\/     M anipulation  |                                                 |
\*---------------------------------------------------------------------------*/
FoamFile
{
    version     2.0;
    format      ascii;
    class       surfaceScalarField;
    location    "4.05";
    object      phi;
}
// * * * * * * * * * * * * * * * * * * * * * * * * * * * * * * * * * * * * * //

dimensions      [0 3 -1 0 0 0 0];

internalField   nonuniform List<scalar> 
5457
(
0.198401
0.00159747
0.196499
0.00190219
0.194256
0.00224245
0.191633
0.00262314
0.188627
0.00300742
0.185237
0.00339162
0.181456
0.00378333
0.177269
0.00418949
0.172656
0.00461493
0.167595
0.00506346
0.162058
0.0055384
0.156017
0.00604259
0.14944
0.00657817
0.142294
0.00714627
0.134548
0.00774643
0.126172
0.00837601
0.117142
0.00902926
0.107444
0.00969629
0.097081
0.0103619
0.0860753
0.0110044
0.0744797
0.0115942
0.0623848
0.0120935
0.0499285
0.0124551
0.0373036
0.0126239
0.0247597
0.0125431
0.0125569
0.0122023
0.00067907
0.0118775
-0.00549949
0.00617839
-0.00627771
0.000778155
-0.00627772
0.199971
0.00162551
0.199259
0.00261313
0.198108
0.00339355
0.196546
0.00418585
0.194568
0.00498669
0.19217
0.00579122
0.189344
0.00661097
0.186077
0.00745867
0.18235
0.00834405
0.178141
0.00927499
0.173423
0.0102584
0.168167
0.0113004
0.16234
0.0124058
0.15591
0.0135773
0.148841
0.014815
0.141102
0.0161145
0.132665
0.0174657
0.12351
0.01885
0.113632
0.0202386
0.103046
0.021589
0.0917964
0.0228429
0.079965
0.0239235
0.0676858
0.0247332
0.0551578
0.0251509
0.0426745
0.0250258
0.0307401
0.0241362
0.0206807
0.0219366
0.0103135
0.0165455
0.00188944
0.00920214
-0.0043883
0.199821
0.00180317
0.199168
0.0032653
0.198084
0.00447722
0.196617
0.00565349
0.194771
0.00683399
0.192542
0.00802227
0.189923
0.00923195
0.186904
0.0104798
0.18347
0.0117799
0.179603
0.0131442
0.175281
0.0145832
0.170476
0.0161061
0.165162
0.017721
0.159307
0.0194329
0.152879
0.0212437
0.145843
0.0231495
0.13817
0.0251382
0.129832
0.0271871
0.120811
0.0292581
0.111104
0.0312943
0.100731
0.0332147
0.0897433
0.03491
0.0782385
0.0362367
0.0663783
0.03701
0.0544162
0.0369872
0.042724
0.0358278
0.0316701
0.0329902
0.0206484
0.0275671
0.0104273
0.0194231
0.00603897
0.199738
0.00206417
0.199085
0.00391741
0.198019
0.00554249
0.196576
0.0070978
0.194765
0.00864613
0.192585
0.0102039
0.190031
0.0117877
0.187096
0.0134168
0.18377
0.0151087
0.180038
0.0168784
0.175884
0.0187393
0.171288
0.0207033
0.16623
0.0227806
0.160685
0.0249786
0.154628
0.0273008
0.148032
0.0297447
0.140871
0.0322989
0.133117
0.0349392
0.12475
0.0376244
0.115753
0.0402901
0.106124
0.0428426
0.0958802
0.0451519
0.0850712
0.0470445
0.0737863
0.048294
0.0621624
0.0486103
0.050364
0.0476257
0.0384949
0.044859
0.0264013
0.0396605
0.014026
0.0317983
0.020065
0.199698
0.00236445
0.199037
0.00457792
0.197989
0.00659084
0.196571
0.00851628
0.194795
0.0104229
0.192661
0.012339
0.190166
0.0142852
0.187302
0.016283
0.184061
0.0183523
0.180431
0.0205108
0.176398
0.0227738
0.171948
0.025155
0.167063
0.0276663
0.161726
0.0303165
0.155917
0.0331104
0.149614
0.0360468
0.142797
0.0391155
0.135442
0.0422933
0.127525
0.0455394
0.119025
0.0487886
0.109923
0.0519438
0.100205
0.0548682
0.0898725
0.0573759
0.078941
0.0592245
0.0674419
0.0601087
0.0554084
0.0596586
0.0428335
0.0574336
0.0295787
0.0529152
0.015433
0.0459439
0.035498
0.199681
0.00268214
0.199017
0.00524139
0.197988
0.00761873
0.196604
0.00990129
0.194872
0.0121558
0.192794
0.0144187
0.190366
0.0167152
0.187582
0.0190691
0.184434
0.0215025
0.180912
0.024035
0.177004
0.0266839
0.172697
0.0294642
0.167975
0.0323891
0.162824
0.0354685
0.157226
0.0387086
0.151163
0.0421093
0.144616
0.045662
0.137562
0.0493461
0.129976
0.0531239
0.121829
0.056934
0.113088
0.0606839
0.103714
0.0642407
0.0936665
0.067422
0.0829028
0.0699871
0.0713784
0.0716323
0.059044
0.0719925
0.0458286
0.0706487
0.0316133
0.0671303
0.0163095
0.0612476
0.0518075
0.199676
0.00300508
0.199016
0.00589973
0.198013
0.00862181
0.196668
0.0112464
0.194989
0.0138364
0.192975
0.0164333
0.190626
0.0190667
0.187935
0.0217628
0.184894
0.0245457
0.181494
0.0274366
0.177726
0.0304547
0.173575
0.0336167
0.169028
0.0369368
0.164071
0.0404265
0.158687
0.0440932
0.152857
0.0479387
0.146561
0.0519571
0.139775
0.0561314
0.132468
0.0604295
0.124603
0.0647977
0.116132
0.0691536
0.106994
0.0733771
0.0971154
0.0772994
0.086408
0.0806935
0.0747732
0.0832664
0.0621078
0.0846573
0.0483102
0.084446
0.033299
0.0821414
0.0171033
0.0774432
0.0689108
0.199678
0.00332589
0.199031
0.00654557
0.198057
0.0095951
0.196758
0.0125456
0.195139
0.015457
0.1932
0.0183737
0.190939
0.0213291
0.188353
0.0243518
0.185433
0.0274677
0.182172
0.0307001
0.178559
0.0340695
0.174583
0.0375945
0.17023
0.0412908
0.165486
0.0451716
0.160333
0.0492465
0.154751
0.05352
0.148718
0.0579899
0.142204
0.0626448
0.135172
0.0674603
0.127574
0.0723939
0.119348
0.0773781
0.110412
0.0823115
0.100663
0.0870474
0.0899745
0.0913808
0.0782043
0.0950358
0.0652062
0.0976548
0.0508546
0.0987973
0.035087
0.0979088
0.0180016
0.0945286
0.0869124
0.199685
0.00363965
0.199056
0.00717276
0.198118
0.0105334
0.19687
0.0137931
0.195318
0.0170103
0.193462
0.0202311
0.191301
0.0234922
0.188831
0.0268244
0.186045
0.0302554
0.182937
0.0338103
0.179497
0.0375114
0.175715
0.0413789
0.171577
0.0454304
0.167067
0.0496815
0.16217
0.0541444
0.156862
0.0588273
0.151118
0.0637335
0.144903
0.0688586
0.138174
0.0741886
0.130871
0.0796952
0.122918
0.0853299
0.114212
0.091016
0.104622
0.0966362
0.0939852
0.102017
0.0821133
0.106907
0.06881
0.110957
0.0539064
0.113701
0.0373206
0.114494
0.0191796
0.11267
0.106092
0.199695
0.00394288
0.19909
0.0077762
0.198192
0.0114316
0.197001
0.0149833
0.195523
0.0184894
0.193758
0.0219975
0.191706
0.0255466
0.189363
0.0291697
0.186724
0.0328964
0.183784
0.0367533
0.180533
0.0407644
0.176962
0.0449516
0.173059
0.049335
0.168808
0.0539325
0.164193
0.0587597
0.159191
0.0638297
0.153772
0.0691518
0.147899
0.0747309
0.141521
0.080565
0.134572
0.0866432
0.12696
0.0929404
0.118565
0.09941
0.109227
0.105973
0.0987444
0.112498
0.0868728
0.118778
0.0733418
0.124488
0.0578954
0.129147
0.0403697
0.13202
0.0208635
0.132176
0.126955
0.199708
0.00423297
0.199131
0.00835173
0.198277
0.0122852
0.197149
0.0161111
0.195751
0.0198882
0.194085
0.0236654
0.19215
0.0274836
0.189944
0.0313778
0.187463
0.0353792
0.184703
0.0395157
0.181656
0.0438132
0.178314
0.0482954
0.174667
0.0529844
0.170699
0.057901
0.166395
0.0630646
0.161731
0.0684933
0.156679
0.0742037
0.151198
0.0802105
0.145236
0.0865259
0.13872
0.0931581
0.13155
0.100109
0.123591
0.107368
0.114659
0.114904
0.10451
0.122646
0.092832
0.130455
0.0792456
0.138074
0.0633374
0.145054
0.0447472
0.15061
0.0234119
0.153511
0.150367
0.199723
0.00450788
0.199177
0.00889587
0.198372
0.0130899
0.197311
0.0171716
0.195999
0.0212011
0.194438
0.0252282
0.192628
0.0292955
0.190568
0.0334397
0.188256
0.0376933
0.185688
0.0420858
0.18286
0.0466442
0.179763
0.0513941
0.176389
0.0563596
0.172727
0.0615643
0.16876
0.0670313
0.16447
0.072784
0.159827
0.0788459
0.154795
0.0852422
0.14932
0.0919992
0.143332
0.0991456
0.136728
0.106712
0.129367
0.114727
0.121051
0.123219
0.111502
0.132194
0.100336
0.14162
0.0870345
0.151374
0.0709349
0.161154
0.0512804
0.170264
0.0275132
0.177278
0.17788
0.19974
0.00476599
0.199228
0.00940575
0.198475
0.0138421
0.197486
0.0181608
0.196264
0.022423
0.194814
0.02668
0.193136
0.0309755
0.19123
0.0353475
0.189096
0.0398298
0.186731
0.0444529
0.184132
0.0492451
0.181295
0.0542333
0.178213
0.0594435
0.174877
0.0649016
0.171274
0.0706341
0.16739
0.076669
0.163199
0.0830364
0.15867
0.0897706
0.153757
0.0969112
0.148395
0.104506
0.142493
0.112612
0.135918
0.121301
0.128476
0.13066
0.11988
0.140788
0.109703
0.151796
0.0972946
0.163782
0.0816765
0.176771
0.0614104
0.19053
0.0346764
0.204012
0.212557
0.199758
0.00500602
0.199283
0.009879
0.198585
0.0145388
0.197671
0.0190748
0.196544
0.0235498
0.19521
0.0280157
0.193669
0.0325176
0.191924
0.0370945
0.189976
0.0417808
0.187823
0.046608
0.185465
0.0516053
0.182899
0.0568005
0.180123
0.0622211
0.177131
0.0678947
0.173916
0.0738502
0.170466
0.0801192
0.166765
0.086737
0.16279
0.0937449
0.158508
0.101193
0.153869
0.109144
0.148803
0.117677
0.143205
0.126898
0.136918
0.136946
0.129695
0.14801
0.12114
0.160351
0.110584
0.174337
0.0968438
0.190511
0.0776798
0.209694
0.0486436
0.233048
0.2612
0.199776
0.00522694
0.19934
0.0103136
0.1987
0.0151774
0.197864
0.0199107
0.196836
0.0245778
0.195622
0.0292314
0.194224
0.0339174
0.192645
0.0386753
0.190888
0.0435403
0.188954
0.0485442
0.186844
0.0537168
0.18456
0.0590864
0.182102
0.0646811
0.179468
0.0705295
0.176657
0.0766621
0.173665
0.0831122
0.170484
0.0899181
0.167103
0.0971252
0.163506
0.10479
0.159667
0.112982
0.155549
0.121794
0.151094
0.131352
0.146215
0.141824
0.140771
0.153452
0.134525
0.166596
0.127044
0.181817
0.117457
0.200098
0.103687
0.223464
0.0790613
0.257673
0.340262
0.00487115
-0.00487118
0.00961093
-0.0047399
0.013638
-0.00402744
0.0168869
-0.00324954
0.019407
-0.00252112
0.0212574
-0.00185193
0.0224932
-0.00123778
0.0231724
-0.000681692
0.023368
-0.000198433
0.0231792
0.000185755
0.0227236
0.000452641
0.022114
0.000606859
0.0214448
0.00066661
0.0207876
0.000654991
0.0201928
0.000592976
0.0196932
0.000498317
0.0193062
0.000386316
0.0190355
0.00027063
0.0188735
0.000162611
0.0188084
6.6308e-05
0.0188352
-2.48874e-05
0.0189551
-0.000117415
0.0191691
-0.00021092
0.0194709
-0.000298354
0.0198439
-0.000369102
0.0202712
-0.000422991
0.0207532
-0.000477282
0.0213149
-0.00055667
0.0219745
-0.000654223
-0.00065588
0.00434694
-0.00921815
0.00867289
-0.00906597
0.012451
-0.00780589
0.0156175
-0.00641669
0.0182259
-0.00513053
0.0203322
-0.0039598
0.0219824
-0.00289002
0.0232168
-0.00191854
0.0240664
-0.001051
0.0245494
-0.000300319
0.0247188
0.000280332
0.0246782
0.000644696
0.0245235
0.000818753
0.0243277
0.00084854
0.0241428
0.000776027
0.0240005
0.000639267
0.0239137
0.000472444
0.0238787
0.000305593
0.0238802
0.000161774
0.023898
4.9769e-05
0.0239148
-3.98017e-05
0.0239282
-0.00012837
0.0239491
-0.000228739
0.0239856
-0.000331437
0.024038
-0.000417518
0.0240965
-0.000477177
0.0241522
-0.000528328
0.024223
-0.000622456
0.024372
-0.000797774
-0.000954171
0.00359827
-0.0128165
0.00708109
-0.0125489
0.0100912
-0.0108163
0.0126502
-0.00897638
0.0148147
-0.00729606
0.0166237
-0.00577043
0.0181071
-0.0043754
0.0192909
-0.00310487
0.0202013
-0.00196432
0.0208716
-0.000973806
0.0213144
-0.000165412
0.0215562
0.00040009
0.0216633
0.000709028
0.0216894
0.000820213
0.0216695
0.000794047
0.02162
0.000687468
0.0215421
0.000549561
0.0214256
0.000422068
0.0212514
0.00033659
0.0209999
0.000302478
0.0206634
0.00029866
0.0202508
0.000286663
0.019789
0.000236139
0.0193181
0.000142927
0.0188755
2.89715e-05
0.0184866
-8.39138e-05
0.0181613
-0.000198437
0.0179185
-0.000374578
0.0178154
-0.000689249
-0.00113013
0.00281794
-0.0156344
0.0053334
-0.0150645
0.0074259
-0.0129091
0.0092182
-0.0107693
0.0107707
-0.00884961
0.0121093
-0.00711062
0.0132522
-0.00552039
0.0142137
-0.00406892
0.0150022
-0.00275581
0.015627
-0.00160171
0.0160986
-0.000640018
0.0163933
0.000102565
0.0165108
0.000588825
0.016491
0.0008377
0.0163469
0.000936248
0.0160676
0.000965388
0.0156409
0.000975566
0.0150758
0.000987068
0.0144128
0.00100016
0.0137116
0.00100491
0.0130292
0.000982877
0.0124084
0.000909967
0.0118778
0.00076972
0.0114554
0.000568861
0.0111488
0.000339433
0.0109404
0.000128742
0.010769
-2.23556e-05
0.0106006
-0.000201113
0.010461
-0.000544228
-0.0012053
0.00194781
-0.0175823
0.00342297
-0.0165398
0.00453753
-0.014024
0.00547745
-0.0117099
0.00629721
-0.00967046
0.00702002
-0.007835
0.00765921
-0.00616166
0.00822761
-0.00463991
0.00872262
-0.00325385
0.00909244
-0.00197471
0.0092723
-0.000822936
0.00927265
9.93166e-05
0.00913583
0.000722929
0.00887291
0.00109823
0.00849113
0.00131607
0.0080147
0.00144041
0.00748123
0.00150824
0.00693283
0.00153533
0.00640784
0.00152569
0.00593531
0.00147864
0.00553008
0.00138995
0.00518954
0.00125294
0.00489627
0.00106596
0.00462792
0.000840678
0.00436854
0.00060271
0.00411771
0.000383857
0.00389047
0.000209546
0.0036197
7.46942e-05
0.00331298
-0.000232076
-0.000971749
0.00098954
-0.0185718
0.00139505
-0.0169454
0.00153965
-0.014169
0.00159593
-0.0117669
0.00160543
-0.00968107
0.00159102
-0.00782219
0.00155851
-0.00613126
0.00148697
-0.00457099
0.00138062
-0.00315056
0.00128678
-0.00188411
0.00122989
-0.000769155
0.00118186
0.000144387
0.00108556
0.000816456
0.000913256
0.00126808
0.000674738
0.00155258
0.000393357
0.00172032
9.40715e-05
0.00180667
-0.000203603
0.00183281
-0.000488085
0.00181066
-0.00075556
0.00174728
-0.00100988
0.00164608
-0.00126206
0.00150753
-0.00152604
0.0013329
-0.0018118
0.00112987
-0.00212149
0.000916281
-0.00245306
0.000719701
-0.00280283
0.000563978
-0.00313649
0.000413389
-0.00345435
9.12093e-05
-0.000548729
-5.19497e-05
-0.0185199
-0.000692881
-0.0163046
-0.00147572
-0.0133865
-0.00227718
-0.0109661
-0.00305927
-0.00890009
-0.00378185
-0.00710122
-0.00441117
-0.00550407
-0.00491548
-0.00406932
-0.00528833
-0.00278082
-0.00554294
-0.00163279
-0.0056856
-0.000629666
-0.00574934
0.000205106
-0.00578887
0.000853148
-0.00584556
0.00132225
-0.00593588
0.00164083
-0.00606188
0.00184479
-0.00621994
0.00196382
-0.00640573
0.00201836
-0.00661626
0.00202163
-0.00684981
0.00198194
-0.00710544
0.00190347
-0.00738271
0.00178717
-0.00768118
0.00163428
-0.00799978
0.00145188
-0.00833817
0.00125853
-0.00869937
0.00108517
-0.00908539
0.000954644
-0.00948068
0.000813712
-0.00986605
0.000482023
-5.14733e-05
-0.00114844
-0.0173715
-0.00275531
-0.0146979
-0.00438115
-0.011761
-0.00591894
-0.00942903
-0.00730688
-0.00751328
-0.00850426
-0.00590547
-0.00948775
-0.00452274
-0.01025
-0.0033097
-0.0108048
-0.00222923
-0.0111782
-0.0012627
-0.0114007
-0.00041035
-0.0115139
0.000315125
-0.0115694
0.00090579
-0.0116153
0.00136561
-0.0116847
0.00170801
-0.0117951
0.00195362
-0.0119526
0.00212038
-0.0121556
0.002221
-0.0123979
0.00226433
-0.0126715
0.00225668
-0.0129683
0.002202
-0.0132817
0.00210288
-0.0136084
0.00196384
-0.0139497
0.00179653
-0.0143119
0.00162458
-0.0147039
0.0014814
-0.0151275
0.00138288
-0.0155726
0.00126392
-0.0160571
0.000971961
0.000546613
-0.00223845
-0.0151331
-0.00474613
-0.0121904
-0.00714042
-0.00936712
-0.00930428
-0.00726588
-0.0111713
-0.0056474
-0.0127166
-0.00436185
-0.0139446
-0.00329689
-0.0148837
-0.00237327
-0.0155743
-0.00154185
-0.0160597
-0.000780665
-0.0163822
-9.10959e-05
-0.0165883
0.000518045
-0.0167297
0.00104426
-0.0168532
0.00148642
-0.0169949
0.00184751
-0.0171761
0.00213322
-0.0174036
0.00234682
-0.0176731
0.00249016
-0.0179749
0.00256643
-0.018298
0.00258084
-0.0186337
0.00253931
-0.0189769
0.00244841
-0.0193284
0.00231818
-0.0196952
0.00216667
-0.0200899
0.00202308
-0.0205255
0.00192131
-0.021007
0.00186896
-0.0215322
0.00179419
-0.0221193
0.00156445
0.00123436
-0.00335853
-0.0117746
-0.0067994
-0.00874964
-0.00996022
-0.00620668
-0.0126924
-0.00453445
-0.0149465
-0.00339448
-0.016745
-0.00256498
-0.018146
-0.00189814
-0.0192142
-0.00130775
-0.0200136
-0.00074563
-0.0206029
-0.000194773
-0.0210334
0.000336013
-0.0213552
0.000836712
-0.0216149
0.00130094
-0.021852
0.00172082
-0.0220996
0.00209288
-0.0223776
0.00240953
-0.0226909
0.00265901
-0.0230333
0.00283213
-0.0233943
0.00292772
-0.0237647
0.00295222
-0.0241393
0.00291555
-0.0245176
0.00282898
-0.024904
0.00270734
-0.0253072
0.00257324
-0.0257388
0.00245847
-0.0262078
0.00239452
-0.0267161
0.0023818
-0.0272658
0.00234897
-0.0278807
0.00218484
0.00194982
-0.00455498
-0.00721967
-0.00923675
-0.00406802
-0.0132315
-0.00221238
-0.0164529
-0.00131377
-0.0189638
-0.000884697
-0.0208962
-0.000634335
-0.0223778
-0.000418764
-0.0235113
-0.000177042
-0.0243775
0.000117417
-0.025046
0.000470201
-0.0255785
0.00086524
-0.0260197
0.00127465
-0.0263999
0.00167805
-0.026752
0.0020702
-0.0271069
0.00244552
-0.027484
0.00278483
-0.0278867
0.00306066
-0.0283075
0.00325248
-0.0287359
0.00335632
-0.0291649
0.00338218
-0.0295928
0.0033451
-0.0300216
0.00325996
-0.0304553
0.00314384
-0.0309001
0.00302132
-0.0313633
0.0029254
-0.0318512
0.00288659
-0.0323681
0.00290328
-0.0329238
0.00290976
-0.033546
0.00281249
0.00266926
-0.00657502
-0.000644693
-0.0126955
0.00205225
-0.0173314
0.00242313
-0.0207626
0.00211664
-0.0233107
0.00166219
-0.0252252
0.00127842
-0.0266909
0.00104471
-0.0278289
0.000958141
-0.0287265
0.0010118
-0.0294604
0.00120066
-0.0300855
0.0014869
-0.0306292
0.00181515
-0.0311103
0.00215608
-0.0315559
0.00251307
-0.0319984
0.00288563
-0.0324586
0.00324333
-0.0329382
0.00353912
-0.0334252
0.003739
-0.0339066
0.00383794
-0.0343769
0.00385333
-0.0348377
0.00380744
-0.0352934
0.00371784
-0.0357483
0.00360142
-0.0362065
0.00348279
-0.0366735
0.00339612
-0.0371559
0.0033732
-0.0376628
0.00341475
-0.0382104
0.00346242
-0.0388251
0.00343261
0.00336523
-0.00923546
0.00859072
-0.0165666
0.00938317
-0.0216384
0.00749454
-0.0251688
0.00564622
-0.0276943
0.00418637
-0.02954
0.00312235
-0.0309535
0.002456
-0.0320729
0.00207463
-0.0329717
0.00190737
-0.0337277
0.00195318
-0.0344024
0.00215829
-0.0350119
0.00242133
-0.0355544
0.00269551
-0.0360507
0.0030067
-0.0365413
0.00337391
-0.0370533
0.00375354
-0.0375843
0.00406895
-0.0381134
0.00426763
-0.0386222
0.00434686
-0.0391065
0.00433852
-0.0395738
0.00427633
-0.0400331
0.00417924
-0.0404892
0.00406018
-0.0409445
0.0039413
-0.0414024
0.00385777
-0.0418702
0.00384508
-0.0423612
0.00391034
-0.0428972
0.00400347
-0.0435014
0.00404229
0.00403755
-0.012725
0.0213157
-0.0216726
0.0183305
-0.0269239
0.0127454
-0.0300757
0.00879708
-0.0322789
0.00638832
-0.0338292
0.0046708
-0.0350337
0.00365813
-0.0360438
0.00308189
-0.0368621
0.0027224
-0.037563
0.00265056
-0.0382353
0.00282728
-0.0388756
0.00305844
-0.039441
0.00325781
-0.039942
0.00350502
-0.0404405
0.00387014
-0.0409784
0.00428964
-0.0415455
0.00463493
-0.042104
0.00482561
-0.0426249
0.00486799
-0.0431071
0.00482147
-0.0435676
0.00473832
-0.0440219
0.00463572
-0.0444751
0.00451599
-0.0449256
0.00439501
-0.0453735
0.00430932
-0.0458256
0.00430127
-0.0462997
0.00438906
-0.0468241
0.00453286
-0.0474201
0.00464376
0.00470418
-0.0189832
0.0402988
-0.0296217
0.0289687
-0.0340479
0.017171
-0.0353027
0.010051
-0.0367961
0.00788034
-0.0378152
0.00568795
-0.0385871
0.0044277
-0.0394237
0.00391562
-0.0400866
0.00338193
-0.0406345
0.00319499
-0.0412557
0.00344528
-0.0419183
0.00371782
-0.0424857
0.00382222
-0.0429471
0.00396376
-0.0434156
0.00433642
-0.0439661
0.0048384
-0.0445713
0.00523903
-0.0451609
0.00541467
-0.0456878
0.00539506
-0.0461564
0.00529092
-0.0466015
0.00518492
-0.047049
0.00508523
-0.0475017
0.00497134
-0.0479512
0.00484765
-0.0483918
0.00475358
-0.0488292
0.00474277
-0.0492857
0.00485007
-0.0497984
0.00505051
-0.0503917
0.00524259
0.00537225
0.207448
0.0054353
0.207037
0.0107226
0.206437
0.0157766
0.205654
0.020693
0.204695
0.025537
0.203565
0.030362
0.20227
0.0352142
0.200813
0.0401339
0.1992
0.0451562
0.197433
0.0503131
0.195518
0.0556343
0.193458
0.0611482
0.191258
0.0668827
0.188923
0.0728665
0.186456
0.07913
0.183862
0.0857067
0.181145
0.0926353
0.178308
0.0999613
0.175356
0.107741
0.172292
0.116045
0.16912
0.124966
0.165846
0.134625
0.16248
0.145189
0.159043
0.156888
0.155585
0.170053
0.152222
0.185179
0.149312
0.203009
0.148317
0.224458
0.158838
0.247152
0.26122
0.23788
0.212489
0.0056257
0.212114
0.0110954
0.211567
0.0163215
0.210857
0.0214022
0.209991
0.0264036
0.208974
0.0313796
0.207814
0.0363764
0.206515
0.0414341
0.205086
0.0465879
0.203532
0.0518695
0.20186
0.0573078
0.20008
0.0629306
0.1982
0.068765
0.196229
0.0748384
0.19418
0.0811799
0.192067
0.087821
0.189905
0.0947976
0.187714
0.102152
0.185521
0.109933
0.183361
0.118205
0.181281
0.127044
0.179354
0.13655
0.177693
0.146849
0.176485
0.158095
0.176065
0.170472
0.177095
0.184149
0.180989
0.199115
0.190424
0.215023
0.206599
0.230977
0.246797
0.221022
0.217654
0.00579599
0.217319
0.011428
0.216832
0.0168062
0.216203
0.0220305
0.215438
0.0271682
0.214545
0.0322729
0.213533
0.0373907
0.212407
0.0425611
0.211178
0.047819
0.209855
0.0531949
0.208449
0.0587168
0.20697
0.064411
0.205435
0.0703028
0.203857
0.0764175
0.202257
0.082781
0.200658
0.089421
0.199088
0.0963682
0.197583
0.103657
0.196189
0.111327
0.194969
0.119424
0.19401
0.128003
0.193433
0.137126
0.193419
0.146861
0.194245
0.157268
0.196334
0.168383
0.200307
0.180175
0.206943
0.192479
0.216887
0.205079
0.229777
0.218086
0.229187
0.247388
0.222945
0.00594412
0.222654
0.0117164
0.222233
0.0172248
0.221691
0.0225707
0.221038
0.0278216
0.22028
0.0330312
0.219427
0.0382448
0.218489
0.0435011
0.217476
0.0488338
0.216401
0.0542723
0.215277
0.0598428
0.214121
0.0655695
0.212951
0.071475
0.211789
0.0775813
0.210661
0.0839102
0.209599
0.0904838
0.208642
0.0973252
0.207841
0.104459
0.207256
0.111911
0.206972
0.119708
0.207097
0.127877
0.20778
0.136443
0.209222
0.145417
0.211699
0.15479
0.215563
0.164518
0.221233
0.174505
0.229134
0.184577
0.239785
0.194428
0.254078
0.203793
0.210487
0.272778
0.228365
0.00606813
0.228122
0.0119567
0.227773
0.0175718
0.227326
0.0230157
0.226791
0.0283556
0.226178
0.0336446
0.225496
0.0389274
0.224758
0.0442414
0.223975
0.0496187
0.223163
0.0550869
0.222337
0.0606701
0.221519
0.0663897
0.220731
0.0722651
0.220001
0.078314
0.219359
0.084553
0.218847
0.0909976
0.21851
0.0976624
0.218409
0.10456
0.218617
0.111703
0.219227
0.119099
0.220356
0.126748
0.222159
0.13464
0.224825
0.14275
0.22859
0.151025
0.233727
0.15938
0.240555
0.167676
0.249426
0.175706
0.260744
0.183109
0.274965
0.189572
0.194005
0.291446
0.233918
0.0061662
0.233726
0.0121454
0.233453
0.0178422
0.233108
0.023359
0.2327
0.0287624
0.23224
0.0341044
0.23174
0.0394286
0.231211
0.0447711
0.23067
0.0501619
0.230132
0.0556266
0.229618
0.0611865
0.22915
0.0668598
0.228755
0.0726621
0.228465
0.0786065
0.228316
0.0847037
0.228352
0.0909623
0.228628
0.0973878
0.229207
0.103982
0.230167
0.110743
0.231604
0.117662
0.233635
0.124717
0.236399
0.131875
0.240063
0.139086
0.244816
0.146272
0.25087
0.153325
0.258454
0.160091
0.267791
0.166368
0.279032
0.171869
0.292257
0.176347
0.179246
0.307015
0.239606
0.00623667
0.239469
0.0122794
0.239276
0.0180316
0.239038
0.0235948
0.238764
0.0290351
0.238466
0.034403
0.238154
0.0397403
0.237845
0.0450814
0.237554
0.0504543
0.237301
0.0558821
0.237106
0.0613835
0.236995
0.0669727
0.236998
0.072661
0.23715
0.0784571
0.237489
0.0843658
0.238064
0.0903886
0.238931
0.0965226
0.240154
0.10276
0.241812
0.109086
0.243995
0.115479
0.24681
0.121903
0.250376
0.128309
0.254828
0.134633
0.260311
0.140789
0.266974
0.146662
0.274956
0.152109
0.284362
0.156962
0.295221
0.16101
0.307513
0.164054
0.165773
0.320986
0.245433
0.00627808
0.245352
0.012356
0.245245
0.0181359
0.245119
0.0237184
0.244984
0.0291681
0.244853
0.0345339
0.244738
0.0398557
0.244654
0.0451657
0.24462
0.0504897
0.244655
0.0558481
0.244784
0.0612566
0.245033
0.0667256
0.245434
0.0722625
0.246022
0.0778711
0.246839
0.0835508
0.247932
0.0892965
0.249358
0.0950982
0.251179
0.10094
0.253468
0.106798
0.256307
0.112641
0.259786
0.118424
0.264001
0.124093
0.269057
0.129578
0.275054
0.134792
0.282086
0.139629
0.290226
0.14397
0.29951
0.147677
0.309919
0.150601
0.32138
0.152593
0.153464
0.333688
0.251401
0.0062892
0.25138
0.0123727
0.25136
0.018152
0.25135
0.0237258
0.251359
0.0291569
0.2514
0.0344924
0.251486
0.03977
0.251632
0.0450196
0.251858
0.0502646
0.252185
0.0555225
0.252638
0.0608055
0.253244
0.0661212
0.254036
0.0714731
0.255048
0.0768604
0.256323
0.0822776
0.257907
0.0877142
0.259853
0.0931544
0.262217
0.0985764
0.265066
0.103951
0.268467
0.10924
0.272495
0.114397
0.277223
0.119366
0.282725
0.124076
0.289066
0.128451
0.296297
0.132398
0.304446
0.135821
0.313508
0.138615
0.323433
0.140676
0.334119
0.141905
0.142191
0.345392
0.257513
0.00626904
0.257553
0.0123278
0.257624
0.0180774
0.257733
0.023614
0.257889
0.0289984
0.258105
0.0342754
0.258394
0.0394805
0.258773
0.0446412
0.25926
0.0497781
0.259878
0.054906
0.26065
0.0600343
0.261606
0.0651672
0.262776
0.0703049
0.264196
0.0754426
0.265904
0.0805711
0.267944
0.0856759
0.270363
0.0907368
0.273213
0.0957281
0.276547
0.100618
0.280423
0.105366
0.284895
0.109926
0.290017
0.114244
0.295837
0.118257
0.302391
0.121897
0.3097
0.12509
0.31776
0.127761
0.326541
0.129834
0.335976
0.131241
0.345961
0.13192
0.131803
0.356349
0.263774
0.00621689
0.263876
0.01222
0.264039
0.0179103
0.264268
0.0233812
0.264574
0.0286908
0.264966
0.0338816
0.265459
0.0389865
0.266069
0.0440308
0.266815
0.0490324
0.267719
0.0540035
0.268804
0.0589505
0.270097
0.0638752
0.271629
0.0687745
0.273433
0.0736407
0.275544
0.0784616
0.278001
0.08322
0.280846
0.0878934
0.284122
0.0924543
0.287871
0.0968694
0.292138
0.1011
0.296962
0.105103
0.302378
0.108829
0.308413
0.112223
0.31508
0.11523
0.32238
0.117792
0.330289
0.119852
0.338763
0.12136
0.34773
0.122273
0.357094
0.122556
0.122166
0.36673
0.270185
0.00613232
0.270351
0.0120486
0.270606
0.0176501
0.270957
0.0230266
0.271411
0.0282337
0.27198
0.0333112
0.272676
0.0382896
0.273514
0.0431915
0.274514
0.0480326
0.275696
0.0528225
0.277082
0.0575653
0.278698
0.0622603
0.280572
0.0669021
0.282733
0.0714809
0.285214
0.0759823
0.288048
0.0803877
0.291269
0.0846737
0.294912
0.0888128
0.299009
0.092773
0.303593
0.0965183
0.308688
0.100009
0.314314
0.103203
0.320481
0.106056
0.327189
0.108523
0.33442
0.110561
0.342143
0.11213
0.350305
0.113198
0.358838
0.11374
0.367654
0.113741
0.113172
0.376648
0.276751
0.00601516
0.27698
0.0118134
0.277328
0.0172966
0.2778
0.0225506
0.278402
0.0276282
0.279145
0.0325664
0.28004
0.0373931
0.281102
0.0421287
0.282348
0.0467864
0.283797
0.0513736
0.28547
0.0558926
0.287391
0.0603407
0.289583
0.0647108
0.292073
0.0689917
0.294889
0.073168
0.298057
0.0772206
0.301606
0.0811265
0.305561
0.0848593
0.309945
0.0883898
0.314779
0.0916856
0.320077
0.094713
0.325845
0.0974363
0.332082
0.0998198
0.338776
0.10183
0.3459
0.103437
0.353418
0.104613
0.361276
0.10534
0.369411
0.105606
0.377744
0.105407
0.104728
0.386189
0.283475
0.00586557
0.283767
0.0115147
0.284207
0.0168506
0.284798
0.0219547
0.285546
0.0268766
0.286459
0.0316507
0.287548
0.0363023
0.288825
0.0408494
0.290308
0.0453034
0.292012
0.0496697
0.293956
0.0539488
0.29616
0.0581369
0.298646
0.0622256
0.301436
0.0662032
0.304551
0.0700541
0.308013
0.0737596
0.311843
0.077298
0.316058
0.0806452
0.320674
0.083775
0.325701
0.0866597
0.331143
0.0892715
0.336999
0.0915816
0.343258
0.0935623
0.349899
0.0951898
0.356893
0.0964435
0.364199
0.0973075
0.371768
0.0977719
0.379539
0.0978344
0.387448
0.0974991
0.096756
0.395419
0.29036
0.00568394
0.290714
0.0111537
0.291244
0.0163139
0.291952
0.0212414
0.292842
0.0259827
0.29392
0.0305692
0.295196
0.035024
0.296681
0.0393629
0.298388
0.0435952
0.300332
0.0477252
0.302529
0.0517519
0.304995
0.0556706
0.307749
0.0594725
0.310807
0.0631458
0.314186
0.0666754
0.317903
0.0700438
0.321971
0.0732314
0.3264
0.0762166
0.331199
0.0789769
0.33637
0.0814896
0.341911
0.0837323
0.347811
0.0856823
0.354055
0.0873196
0.360617
0.088628
0.367467
0.0895948
0.374563
0.0902118
0.381859
0.0904761
0.389303
0.0903912
0.396836
0.0899657
0.0891941
0.404398
0.29741
0.00547096
0.297824
0.0107315
0.298443
0.0156886
0.299265
0.020414
0.300292
0.024951
0.301529
0.0293282
0.302983
0.0335664
0.304665
0.0376794
0.306583
0.041675
0.308751
0.045556
0.311182
0.049321
0.313888
0.0529644
0.316883
0.0564777
0.32018
0.0598494
0.32379
0.0630654
0.327724
0.0661101
0.331991
0.0689659
0.336593
0.0716145
0.341534
0.0740372
0.346808
0.0762159
0.352408
0.078133
0.35832
0.0797714
0.364523
0.0811177
0.37099
0.0821618
0.377689
0.0828967
0.384581
0.08332
0.391624
0.0834337
0.398771
0.0832446
0.405972
0.082764
0.081989
0.413178
0.304629
0.0052275
0.305102
0.0102502
0.305806
0.0149776
0.306737
0.0194767
0.307895
0.0237871
0.309284
0.027935
0.310908
0.0319387
0.312775
0.0358104
0.314891
0.0395565
0.317267
0.0431789
0.319911
0.0466755
0.322834
0.0500409
0.326045
0.0532667
0.329551
0.0563424
0.333362
0.0592554
0.33748
0.0619918
0.34191
0.0645366
0.34665
0.0668747
0.351697
0.068991
0.357041
0.0708716
0.362672
0.0725032
0.36857
0.0738738
0.374714
0.0749749
0.381075
0.075801
0.387623
0.07635
0.39432
0.0766229
0.401129
0.0766251
0.408008
0.0763654
0.414916
0.0758563
0.0750965
0.421808
0.312021
0.00495464
0.312551
0.00971187
0.313336
0.0141845
0.314371
0.0184342
0.315655
0.0224974
0.317188
0.0263975
0.318971
0.0301509
0.32101
0.0337679
0.32331
0.0372541
0.325876
0.0406105
0.328716
0.0438349
0.331833
0.0469219
0.335235
0.049864
0.338926
0.0526516
0.342907
0.0552738
0.34718
0.0577186
0.351742
0.0599739
0.35659
0.0620272
0.361714
0.0638669
0.367103
0.0654829
0.372741
0.0668657
0.378608
0.068007
0.384681
0.0689024
0.390933
0.0695501
0.397332
0.069951
0.403846
0.0701089
0.41044
0.0700308
0.417079
0.0697269
0.423726
0.0692095
0.0684786
0.430343
0.31959
0.0046536
0.320173
0.00911898
0.321036
0.0133129
0.322171
0.0172917
0.323574
0.0210885
0.325241
0.0247243
0.327174
0.0282132
0.329374
0.0315644
0.331842
0.0347822
0.334583
0.0378675
0.337598
0.0408178
0.34089
0.0436283
0.34446
0.0462921
0.34831
0.0488011
0.352437
0.0511458
0.356838
0.0533166
0.361508
0.0553034
0.366438
0.0570969
0.371617
0.058688
0.377029
0.0600701
0.382659
0.0612366
0.388483
0.0621826
0.39448
0.0629064
0.400621
0.0634089
0.406879
0.0636931
0.413223
0.0637647
0.419622
0.0636314
0.426045
0.0633037
0.432461
0.0627937
0.0621018
0.438837
0.32734
0.00432565
0.327975
0.00847413
0.328911
0.0123667
0.33014
0.0160546
0.331654
0.0195675
0.333448
0.0229239
0.33552
0.0261361
0.337868
0.0292119
0.340491
0.0321549
0.34339
0.0349657
0.346563
0.0376418
0.35001
0.040179
0.353729
0.0425714
0.357716
0.0448121
0.361967
0.0468933
0.366475
0.0488073
0.371232
0.0505463
0.376224
0.0521032
0.38144
0.0534717
0.386862
0.0546474
0.392472
0.0556267
0.398247
0.0564067
0.404166
0.056988
0.410201
0.0573733
0.416327
0.057567
0.422516
0.0575755
0.42874
0.0574072
0.434971
0.057072
0.441183
0.0565815
0.0559363
0.447348
0.335276
0.00397211
0.335959
0.00777994
0.336965
0.01135
0.338283
0.0147284
0.339901
0.0179414
0.341813
0.021005
0.344014
0.0239297
0.346498
0.0267222
0.349263
0.0293855
0.352305
0.0319197
0.355621
0.0343228
0.359206
0.0365911
0.363055
0.0387197
0.367162
0.0407029
0.371518
0.0425345
0.376115
0.0442084
0.380941
0.0457189
0.385982
0.0470609
0.391222
0.0482301
0.396644
0.0492242
0.402229
0.0500415
0.407954
0.0506809
0.413797
0.0511445
0.419734
0.0514361
0.42574
0.0515608
0.431789
0.0515254
0.437858
0.0513381
0.44392
0.0510084
0.449954
0.0505468
0.0499542
0.455936
0.343401
0.00359421
0.34413
0.00703887
0.345203
0.0102666
0.346604
0.0133183
0.34832
0.0162168
0.350342
0.0189757
0.352661
0.0216037
0.355271
0.0241063
0.358165
0.026486
0.361337
0.0287428
0.364781
0.030875
0.368489
0.0328795
0.372454
0.0347522
0.376665
0.0364885
0.381113
0.0380838
0.385786
0.0395335
0.390669
0.0408333
0.395748
0.0419799
0.401005
0.0429707
0.406423
0.0438049
0.411981
0.0444822
0.417659
0.0450028
0.423433
0.0453696
0.429281
0.045587
0.43518
0.0456605
0.441108
0.0455968
0.447041
0.0454037
0.452959
0.0450898
0.45884
0.0446645
0.0441289
0.464664
0.351722
0.00319301
0.352495
0.00625306
0.353631
0.0091199
0.355109
0.0118292
0.356917
0.0144001
0.359041
0.0168436
0.36147
0.0191668
0.364196
0.0213741
0.367208
0.0234674
0.370499
0.0254467
0.374059
0.0273105
0.377878
0.0290563
0.381945
0.0306808
0.38625
0.0321805
0.390778
0.033552
0.395517
0.0347917
0.40045
0.035897
0.405561
0.0368657
0.410833
0.0376965
0.416246
0.0383897
0.421781
0.0389459
0.427416
0.039366
0.433131
0.0396536
0.438903
0.0398131
0.444713
0.0398501
0.450537
0.0397708
0.456357
0.0395823
0.462153
0.0392924
0.467907
0.0389094
0.038434
0.4736
0.360242
0.00276916
0.361058
0.005424
0.362253
0.00791271
0.363806
0.0102655
0.365699
0.0124971
0.367918
0.0146158
0.37045
0.0166271
0.373282
0.0185344
0.376404
0.0203391
0.379804
0.0220411
0.383469
0.0236392
0.387389
0.0251312
0.391551
0.0265148
0.39594
0.0277873
0.400542
0.0289461
0.405341
0.0299888
0.41032
0.0309138
0.415463
0.0317198
0.42075
0.0324064
0.426162
0.0329746
0.43168
0.0334256
0.437284
0.0337608
0.442952
0.0339837
0.448664
0.0340989
0.454401
0.0341114
0.460143
0.0340268
0.465872
0.0338515
0.471571
0.0335922
0.477222
0.0332562
0.0328442
0.48281
0.368968
0.00232258
0.369827
0.00455199
0.37108
0.00664691
0.372703
0.0086307
0.374677
0.0105127
0.376985
0.0122981
0.379612
0.0139911
0.382544
0.0155943
0.385767
0.0171086
0.389268
0.0185337
0.393033
0.0198684
0.397047
0.0211113
0.401296
0.0222604
0.405764
0.0233138
0.410436
0.0242697
0.415294
0.0251265
0.42032
0.0258833
0.425496
0.0265395
0.430803
0.0270952
0.436223
0.0275519
0.441734
0.027911
0.447319
0.028174
0.452956
0.0283443
0.458626
0.0284261
0.464312
0.0284238
0.469994
0.0283422
0.475656
0.028187
0.481283
0.0279636
0.486858
0.0276782
0.0273311
0.49237
0.377907
0.00185152
0.37881
0.00363503
0.38012
0.00532345
0.38181
0.00692839
0.38386
0.00845162
0.386251
0.00989615
0.388968
0.0112652
0.391993
0.0125605
0.395311
0.0137824
0.398907
0.0149304
0.402765
0.0160036
0.406869
0.0170009
0.411202
0.0179207
0.415749
0.0187617
0.42049
0.0195227
0.425409
0.0202028
0.430486
0.0208014
0.435702
0.0213183
0.441039
0.0217542
0.446476
0.0221103
0.451996
0.0223882
0.457577
0.0225894
0.463202
0.0227168
0.468851
0.022774
0.474507
0.0227647
0.480154
0.022693
0.485775
0.0225634
0.491355
0.0223805
0.496882
0.0221491
0.0218699
0.502341
0.387067
0.00135004
0.38802
0.0026669
0.389389
0.00394087
0.391145
0.00515929
0.393269
0.00631588
0.395741
0.00741305
0.398543
0.00845331
0.401657
0.00943736
0.405066
0.0103649
0.408752
0.0112355
0.4127
0.0120482
0.416891
0.0128023
0.421309
0.0134966
0.425934
0.0141303
0.430748
0.0147026
0.435732
0.0152128
0.440867
0.0156608
0.446133
0.0160467
0.451511
0.016371
0.456982
0.016635
0.462526
0.01684
0.468125
0.0169873
0.473759
0.0170792
0.479411
0.0171186
0.485064
0.0171084
0.490702
0.0170518
0.49631
0.016952
0.501875
0.0168126
0.507384
0.016637
0.0164256
0.512826
0.396468
0.00079836
0.397475
0.00164462
0.398897
0.00250476
0.400714
0.00332834
0.402908
0.00410964
0.405457
0.00485282
0.40834
0.00555911
0.411539
0.00622788
0.415037
0.00685839
0.418813
0.00745002
0.422851
0.00800216
0.427132
0.00851413
0.431636
0.00898521
0.436344
0.0094148
0.441237
0.00980238
0.446296
0.0101477
0.4515
0.0104505
0.456829
0.0107112
0.462264
0.01093
0.467786
0.0111081
0.473375
0.0112463
0.479013
0.0113456
0.48468
0.0114077
0.490361
0.0114345
0.496037
0.011428
0.501695
0.0113906
0.507319
0.0113245
0.512896
0.0112321
0.518413
0.011116
0.0109767
0.523859
0.406193
9.87355e-05
0.407259
0.00056287
0.408732
0.00101618
0.410608
0.00143847
0.412865
0.00183994
0.415481
0.00222467
0.418437
0.00259207
0.421713
0.00294089
0.425291
0.00327037
0.429152
0.00358002
0.433276
0.00386939
0.437644
0.00413803
0.442235
0.00438551
0.447031
0.00461146
0.45201
0.00481559
0.457153
0.00499776
0.462439
0.0051579
0.467847
0.00529614
0.473358
0.00541272
0.478952
0.00550818
0.48461
0.00558303
0.490314
0.00563778
0.496044
0.00567332
0.501783
0.00569071
0.507516
0.005691
0.513227
0.00567534
0.518902
0.00564494
0.524529
0.00560105
0.530097
0.00554487
0.00547699
0.535593
0.415401
0.415947
0.416948
0.418372
0.420199
0.422411
0.424991
0.427921
0.431181
0.434751
0.438611
0.44274
0.447118
0.451721
0.456529
0.461519
0.46667
0.471959
0.477364
0.482866
0.488444
0.494077
0.499745
0.505431
0.511118
0.516789
0.522429
0.528026
0.533567
0.53904
0.129056
0.108823
0.0402165
0.0888396
0.0546431
-0.0144266
0.212719
0.117127
0.196339
0.10522
0.0882877
0.162694
0.253568
0.110947
0.252575
0.106212
0.0988572
0.242006
0.279882
0.103843
0.283577
0.102517
0.0996578
0.282776
0.298876
0.0964128
0.304928
0.0964644
0.0957097
0.308876
0.314327
0.0890998
0.321176
0.0896155
0.0897713
0.327114
0.32779
0.0822956
0.334511
0.0828941
0.0833565
0.340926
0.339901
0.0760822
0.346166
0.0766289
0.0771345
0.352388
0.351068
0.0704056
0.356824
0.0708728
0.0713358
0.362622
0.361562
0.0651926
0.366847
0.0655877
0.0659931
0.37219
0.371548
0.0603746
0.376424
0.0607114
0.0610645
0.381352
0.381131
0.0558915
0.38566
0.0561818
0.0564912
0.390234
0.390387
0.0516927
0.394623
0.0519456
0.0522187
0.398896
0.399375
0.0477366
0.403362
0.0479589
0.0482014
0.407379
0.408145
0.0439897
0.411918
0.0441862
0.0444024
0.415717
0.416743
0.0404239
0.420331
0.0405984
0.0407917
0.423942
0.425216
0.0370162
0.428643
0.0371714
0.0373443
0.432091
0.433613
0.0337469
0.436899
0.033885
0.0340396
0.440204
0.441985
0.0305989
0.445149
0.0307216
0.0308595
0.448329
0.45039
0.0275568
0.453446
0.0276655
0.027788
0.456517
0.458886
0.0246067
0.461849
0.0247023
0.0248106
0.464826
0.467536
0.0217349
0.470419
0.0218184
0.0219132
0.473317
0.476406
0.0189286
0.479224
0.0190006
0.0190827
0.482054
0.485564
0.0161744
0.488329
0.0162354
0.0163052
0.491106
0.495084
0.0134594
0.497809
0.0135099
0.013568
0.500546
0.505031
0.0107686
0.507731
0.0108087
0.010855
0.510444
0.515503
0.00808983
0.518191
0.00811996
0.00815514
0.520891
0.526544
0.00540305
0.529241
0.00542282
0.00544552
0.53195
0.538294
0.00270021
0.541007
0.002709
0.00272009
0.543732
0.541738
0.544446
0.547166
-0.0352966
0.0611686
-0.0465693
0.0402412
-0.0459215
0.0165226
-0.0406647
0.00479315
-0.0424517
0.00966577
-0.0431467
0.00638099
-0.0428305
0.00410901
-0.0435377
0.00461973
-0.0440564
0.00389723
-0.0443238
0.00345889
-0.044878
0.00399611
-0.0456478
0.00448437
-0.0462515
0.00442292
-0.0466314
0.00434092
-0.0470347
0.00473753
-0.0476199
0.00542182
-0.0483138
0.0059318
-0.0489775
0.00607789
-0.0495306
0.0059484
-0.0499914
0.0057526
-0.050431
0.00562602
-0.0508937
0.00555
-0.0513756
0.00545593
-0.0518538
0.005329
-0.0523128
0.00521638
-0.0527564
0.00519056
-0.0532119
0.00531026
-0.0537314
0.00557528
-0.0543557
0.0058726
0.00608327
0.0972444
0.126618
0.045367
0.0921181
-0.00310377
0.0649926
-0.036925
0.0386132
-0.0491843
0.0219234
-0.0483401
0.0055347
-0.0437904
-0.00044321
-0.0455504
0.0063766
-0.0465776
0.0049209
-0.0461943
0.003072
-0.0465302
0.00432863
-0.0475778
0.00552873
-0.0482712
0.00511333
-0.0484489
0.00451603
-0.0486707
0.00495711
-0.0493114
0.00606084
-0.0501601
0.00677945
-0.050938
0.00685533
-0.0515117
0.00652237
-0.0519332
0.00617501
-0.0523478
0.00604217
-0.0528322
0.00603653
-0.0533625
0.00598895
-0.0538873
0.00585701
-0.0543752
0.0057081
-0.0548269
0.00564657
-0.0552745
0.00576265
-0.0557894
0.0060955
-0.0564467
0.00653585
0.00684418
0.203741
0.164883
0.162305
0.133553
0.12112
0.106177
0.0781724
0.0815597
0.0378027
0.0622914
-0.00337366
0.0467089
-0.034314
0.0304945
-0.0471983
0.0192578
-0.0493864
0.00710546
-0.0457243
-0.000593586
-0.0453691
0.00396993
-0.0475582
0.00771449
-0.048787
0.00633917
-0.0486093
0.00433579
-0.0483576
0.00470341
-0.0491492
0.00685086
-0.0503078
0.00793704
-0.0512723
0.00781944
-0.0518453
0.00709567
-0.0521562
0.00648686
-0.0525053
0.00639286
-0.0530301
0.00656355
-0.0536508
0.00661237
-0.0542604
0.00646991
-0.0548029
0.00625451
-0.0552767
0.00612477
-0.055718
0.0062089
-0.0562178
0.00660071
-0.0569168
0.0072409
0.0077089
0.266746
0.180912
0.241587
0.158711
0.211367
0.136396
0.177635
0.115291
0.143582
0.0963422
0.11063
0.0796587
0.0770185
0.0641036
0.0454775
0.0507956
0.0121413
0.0404383
-0.0183991
0.0299434
-0.03712
0.0226873
-0.0453578
0.015949
-0.0480017
0.00898004
-0.0463091
0.00264067
-0.0445182
0.00291058
-0.0459314
0.00826255
-0.0478474
0.00985216
-0.0491797
0.00915154
-0.0497323
0.00764864
-0.0497865
0.00654206
-0.0499847
0.00659269
-0.0506
0.007181
-0.0513916
0.00740679
-0.0521512
0.0072329
-0.0527933
0.00690057
-0.0533205
0.00665643
-0.0537754
0.0066689
-0.0542529
0.00708372
-0.0550009
0.00799512
0.00876228
0.306382
0.183405
0.294884
0.170208
0.276794
0.154485
0.254058
0.138025
0.228552
0.121847
0.201592
0.106616
0.173347
0.0923467
0.14489
0.0792488
0.117473
0.0678522
0.0898982
0.0575151
0.0642209
0.0483613
0.0402779
0.0398887
0.0166262
0.0326287
-0.00742023
0.0266845
-0.026057
0.0215453
-0.035758
0.0179623
-0.0406145
0.0147079
-0.0428943
0.0114311
-0.0434338
0.00818868
-0.0429381
0.00604745
-0.0429236
0.00657982
-0.0439111
0.0081708
-0.0451339
0.00863243
-0.046228
0.00833055
-0.0471097
0.00778627
-0.0478087
0.00735995
-0.0483841
0.00724952
-0.0488854
0.00759072
-0.0496579
0.00877399
0.0101803
0.332552
0.177966
0.330913
0.171847
0.323065
0.162332
0.310184
0.150905
0.293466
0.138563
0.274029
0.126051
0.252632
0.11374
0.229964
0.101914
0.206845
0.0909682
0.183446
0.0809107
0.160229
0.0715754
0.137278
0.0628367
0.114933
0.054971
0.0933897
0.0482251
0.072661
0.0422719
0.0537513
0.0368706
0.0366537
0.0318046
0.0209276
0.0271572
0.00595002
0.0231669
-0.00781175
0.0198104
-0.0183219
0.0170917
-0.0250093
0.0148606
-0.0293009
0.012927
-0.0322152
0.0112484
-0.0343295
0.00990471
-0.0359642
0.00899928
-0.0372857
0.00857636
-0.0382541
0.00856494
-0.0389604
0.00948687
0.0125683
0.350411
0.168481
0.355135
0.167122
0.354907
0.162558
0.350115
0.155695
0.341398
0.147278
0.329504
0.137942
0.315093
0.128149
0.298739
0.118266
0.281064
0.10864
0.262545
0.0994272
0.243493
0.0906244
0.224087
0.0822397
0.20462
0.0744356
0.185453
0.0673894
0.166736
0.0609868
0.148625
0.0549809
0.131143
0.0492854
0.114306
0.0439939
0.0982074
0.0392662
0.0828703
0.0351489
0.0684374
0.0315264
0.0550606
0.0282399
0.0427279
0.0252627
0.0313455
0.0226345
0.020866
0.0203883
0.0113238
0.0185463
0.00278904
0.0171166
-0.00478408
0.0161441
-0.0105381
0.0152476
0.0198687
0.363411
0.157458
0.371684
0.158848
0.376526
0.157715
0.377777
0.154442
0.375593
0.14946
0.370323
0.14321
0.362381
0.136089
0.352201
0.128444
0.340258
0.12058
0.32698
0.112703
0.312676
0.104925
0.297584
0.0973295
0.281972
0.0900451
0.266161
0.0831983
0.25037
0.0767762
0.234681
0.0706688
0.21913
0.064836
0.203781
0.0593429
0.188747
0.0543006
0.174132
0.0497652
0.159981
0.0456793
0.146275
0.0419478
0.132987
0.0385543
0.120091
0.0355345
0.107564
0.0329194
0.0953892
0.0307258
0.0835485
0.0289628
0.0720329
0.0276659
0.0600946
0.0271928
0.029921
0.373807
0.146273
0.38365
0.149004
0.391418
0.149946
0.396692
0.149167
0.399308
0.146843
0.399301
0.143216
0.396836
0.138552
0.392164
0.133114
0.385591
0.12715
0.377428
0.120864
0.367947
0.114404
0.357384
0.107891
0.345981
0.101446
0.334
0.0951774
0.321647
0.0891275
0.309035
0.0832798
0.296235
0.0776351
0.283329
0.072249
0.270424
0.0672064
0.257626
0.0625641
0.244991
0.0583162
0.232513
0.0544281
0.220174
0.0508972
0.207958
0.0477539
0.19585
0.0450321
0.183824
0.0427571
0.171833
0.0409592
0.159784
0.0397216
0.147603
0.0393804
0.0405394
0.382912
0.13555
0.393127
0.138788
0.402255
0.140817
0.409847
0.141574
0.415603
0.141085
0.419371
0.139447
0.421126
0.136795
0.420942
0.133296
0.418966
0.129124
0.415382
0.124446
0.410385
0.1194
0.404162
0.114111
0.396911
0.108695
0.388832
0.103254
0.380103
0.0978554
0.370849
0.0925328
0.361163
0.087321
0.351134
0.082278
0.340864
0.0774775
0.330449
0.0729803
0.319954
0.0688129
0.309403
0.0649812
0.298802
0.0615013
0.288153
0.0584069
0.277453
0.0557368
0.266689
0.0535265
0.255837
0.0518175
0.244882
0.0506826
0.234003
0.0502668
0.0505634
0.391411
0.125491
0.401387
0.128811
0.410892
0.131312
0.41956
0.132904
0.427091
0.133553
0.433264
0.133272
0.437948
0.13211
0.441093
0.130149
0.44272
0.127495
0.442902
0.124262
0.441741
0.120559
0.439358
0.116493
0.435888
0.112164
0.431476
0.107666
0.426256
0.103074
0.420344
0.0984445
0.413833
0.0938321
0.40681
0.0893008
0.399367
0.084921
0.391592
0.0807566
0.383553
0.0768537
0.375293
0.0732439
0.366838
0.06996
0.358205
0.067043
0.34941
0.0645371
0.340458
0.0624839
0.331358
0.0609236
0.322149
0.0598982
0.312993
0.0594297
0.059345
0.399623
0.116101
0.409119
0.119316
0.418476
0.121954
0.427442
0.123938
0.435773
0.125221
0.443262
0.125782
0.449744
0.125626
0.455112
0.12478
0.459307
0.123299
0.462321
0.121247
0.464179
0.1187
0.464933
0.115737
0.464658
0.112438
0.46344
0.108882
0.461372
0.105141
0.45854
0.101276
0.455023
0.0973488
0.450898
0.0934267
0.446241
0.0895788
0.441129
0.08587
0.435628
0.0823569
0.429788
0.0790868
0.423647
0.0761047
0.417235
0.0734586
0.41058
0.0711969
0.403705
0.0693641
0.396639
0.0679963
0.38943
0.0671132
0.382181
0.0666868
0.0665312
0.407683
0.107315
0.416646
0.110352
0.425635
0.112964
0.434482
0.115091
0.443014
0.116688
0.451064
0.11773
0.458487
0.118201
0.465162
0.118104
0.471001
0.117459
0.475948
0.116299
0.479978
0.114669
0.483091
0.112622
0.485311
0.110218
0.486675
0.107517
0.487236
0.10458
0.487045
0.101467
0.486159
0.0982354
0.484635
0.0949509
0.482535
0.0916799
0.47992
0.088487
0.476847
0.0854323
0.473365
0.0825708
0.469518
0.0799552
0.465342
0.0776385
0.460872
0.0756718
0.456141
0.0741012
0.451182
0.072961
0.446039
0.0722633
0.440761
0.0719735
0.0719469
0.415643
0.0990515
0.424104
0.101891
0.432665
0.104403
0.441214
0.106541
0.449631
0.108271
0.457796
0.109565
0.465592
0.110404
0.472915
0.11078
0.479677
0.110697
0.485806
0.110169
0.491254
0.109221
0.49599
0.107885
0.500003
0.106204
0.503298
0.104222
0.505891
0.101987
0.507807
0.0995516
0.509075
0.0969674
0.509735
0.0942922
0.509828
0.0915876
0.509401
0.0889159
0.508499
0.0863367
0.507166
0.0839071
0.505442
0.0816831
0.503364
0.0797201
0.50097
0.078071
0.498294
0.0767831
0.495369
0.0758922
0.492226
0.0754137
0.48888
0.0753281
0.0755479
0.42353
0.0912391
0.431543
0.0938774
0.439689
0.0962569
0.447888
0.0983419
0.456057
0.100102
0.464108
0.101513
0.471954
0.102557
0.479512
0.103221
0.486706
0.103502
0.493469
0.103405
0.499748
0.102942
0.5055
0.102133
0.510698
0.101007
0.515324
0.0995957
0.519373
0.0979379
0.52285
0.0960751
0.525765
0.0940529
0.528137
0.0919212
0.529993
0.0897335
0.531364
0.0875471
0.532283
0.0854201
0.532785
0.0834084
0.532904
0.0815673
0.532676
0.0799527
0.532134
0.078618
0.531312
0.0776118
0.530236
0.0769741
0.528929
0.0767292
0.527385
0.0768803
0.0773975
0.431366
0.0838157
0.438988
0.0862559
0.446756
0.0884889
0.454612
0.0904858
0.462494
0.0922198
0.470336
0.0936706
0.478073
0.0948198
0.48564
0.0956536
0.492975
0.0961663
0.500022
0.0963575
0.506732
0.0962324
0.51306
0.095804
0.518975
0.0950916
0.524452
0.0941196
0.529473
0.0929171
0.53403
0.0915181
0.538123
0.0899613
0.541756
0.0882896
0.544942
0.0865488
0.547703
0.0847891
0.55006
0.083066
0.552039
0.0814327
0.553668
0.0799422
0.554977
0.0786485
0.555995
0.0776047
0.556752
0.0768612
0.557271
0.0764622
0.557565
0.0764433
0.557623
0.0768302
0.0776438
0.439177
0.0767299
0.446457
0.0789765
0.45389
0.0810563
0.46143
0.0829453
0.46903
0.0846201
0.476638
0.0860623
0.484203
0.0872547
0.491673
0.0881834
0.498998
0.0888411
0.506131
0.0892245
0.513029
0.0893347
0.519653
0.0891799
0.525972
0.0887737
0.531957
0.0881344
0.53759
0.087285
0.542856
0.0862534
0.547746
0.0850718
0.55226
0.0837772
0.556402
0.0824091
0.560182
0.0810117
0.563616
0.0796343
0.566725
0.078328
0.569528
0.0771431
0.572051
0.0761305
0.574319
0.0753423
0.576357
0.0748297
0.578185
0.0746414
0.579814
0.074823
0.581234
0.0754187
0.0764898
0.446996
0.0699382
0.453977
0.0719961
0.461115
0.0739193
0.468372
0.0756878
0.475711
0.0772813
0.48309
0.0786832
0.490467
0.0798776
0.4978
0.0808509
0.505046
0.0815949
0.512166
0.0821046
0.519123
0.0823782
0.525883
0.0824208
0.532415
0.0822419
0.538695
0.0818554
0.544701
0.0812796
0.550418
0.0805374
0.555836
0.0796559
0.560948
0.0786666
0.565755
0.0776047
0.570261
0.0765083
0.574478
0.0754205
0.57842
0.0743895
0.582105
0.0734628
0.585553
0.0726882
0.588785
0.072116
0.591824
0.0717975
0.594688
0.0717846
0.597389
0.0721302
0.599925
0.072892
0.074159
0.454864
0.0634034
0.461584
0.0652771
0.468462
0.067042
0.475469
0.0686815
0.482572
0.0701781
0.489739
0.0715169
0.496933
0.0726834
0.504119
0.0736648
0.511262
0.0744526
0.518326
0.0750407
0.52528
0.0754255
0.532092
0.0756095
0.538735
0.0755994
0.545186
0.0754056
0.551424
0.0750427
0.557434
0.0745293
0.563203
0.0738883
0.568725
0.0731465
0.573998
0.0723349
0.579022
0.0714869
0.583805
0.0706407
0.58836
0.0698391
0.5927
0.0691271
0.596843
0.0685504
0.600809
0.0681565
0.604618
0.0679959
0.608288
0.0681218
0.611836
0.0685916
0.615268
0.0694703
0.0708633
0.462829
0.0570923
0.469321
0.058786
0.475972
0.0603919
0.482757
0.0618964
0.489652
0.0632842
0.496626
0.0645426
0.503652
0.0656585
0.510697
0.0666199
0.517731
0.0674186
0.524725
0.068048
0.531648
0.0685034
0.538473
0.0687855
0.545174
0.0688987
0.551731
0.0688507
0.558122
0.0686528
0.564333
0.0683202
0.570351
0.0678722
0.576168
0.0673315
0.581781
0.0667248
0.587189
0.0660824
0.592397
0.0654369
0.597414
0.064826
0.602254
0.0642922
0.606932
0.0638787
0.611465
0.0636299
0.615874
0.0635944
0.620179
0.0638251
0.624399
0.0643806
0.628551
0.0653285
0.0667801
0.470945
0.0509747
0.477239
0.052492
0.483693
0.0539389
0.490286
0.0553038
0.496997
0.056574
0.503802
0.0577384
0.510675
0.0587854
0.517591
0.0597044
0.524523
0.0604876
0.531443
0.0611283
0.538327
0.0616212
0.545148
0.0619659
0.551883
0.062165
0.558511
0.0622241
0.565014
0.0621518
0.571375
0.0619606
0.577583
0.0616663
0.583629
0.0612881
0.589508
0.060849
0.595219
0.0603753
0.600764
0.0598961
0.60615
0.0594443
0.61139
0.0590576
0.616497
0.0587772
0.621489
0.0586449
0.626385
0.0587058
0.631208
0.059011
0.635981
0.0596177
0.640728
0.0605922
0.062044
0.47927
0.045022
0.485397
0.0463662
0.491682
0.0476541
0.498111
0.0488762
0.504664
0.0500217
0.511321
0.0510813
0.518062
0.0520449
0.524864
0.0529031
0.531703
0.0536489
0.538557
0.0542759
0.545401
0.0547787
0.552212
0.055156
0.55897
0.0554094
0.565653
0.0555426
0.572244
0.0555624
0.578729
0.0554785
0.585094
0.055304
0.59133
0.0550549
0.597431
0.0547509
0.603396
0.0544145
0.609225
0.0540716
0.614923
0.0537504
0.620503
0.0534839
0.625976
0.0533106
0.631359
0.0532692
0.636672
0.0534008
0.641938
0.0537532
0.647185
0.0543806
0.652444
0.055345
0.056749
0.487871
0.0392065
0.493857
0.0403804
0.500002
0.0415093
0.506293
0.042586
0.512714
0.0436012
0.519249
0.0445472
0.525879
0.0454155
0.532585
0.0461979
0.539346
0.0468882
0.546143
0.0474807
0.552953
0.0479699
0.559757
0.0483544
0.566533
0.0486348
0.573265
0.0488136
0.579933
0.048896
0.586525
0.0488896
0.593027
0.0488049
0.599429
0.0486555
0.605726
0.0484575
0.611914
0.0482304
0.617994
0.0479964
0.62397
0.0477801
0.62985
0.0476101
0.635647
0.0475196
0.641379
0.0475449
0.647065
0.0477238
0.652728
0.048099
0.658399
0.0487198
0.664113
0.0496425
0.0509608
0.496813
0.0335005
0.502688
0.034506
0.508721
0.0354763
0.514903
0.0364053
0.521219
0.0372857
0.527656
0.038111
0.534198
0.0388741
0.540828
0.0395682
0.547529
0.0401879
0.554283
0.0407282
0.561071
0.0411841
0.567873
0.041554
0.574672
0.041838
0.581451
0.0420377
0.588192
0.042157
0.594882
0.0422019
0.60151
0.0421807
0.608064
0.0421044
0.614539
0.0419866
0.620931
0.0418432
0.627239
0.0416934
0.633466
0.0415585
0.63962
0.041462
0.645715
0.0414318
0.651766
0.0415018
0.657792
0.0417061
0.66382
0.0420811
0.66988
0.0426704
0.676011
0.0435236
0.0447233
0.506171
0.027876
0.511963
0.0287148
0.517913
0.0295261
0.524014
0.0303055
0.530253
0.0310471
0.536619
0.0317456
0.543098
0.0323954
0.549676
0.0329908
0.556338
0.0335273
0.563067
0.0340007
0.569847
0.0344066
0.57666
0.0347435
0.583489
0.0350111
0.590318
0.0352106
0.597134
0.0353447
0.603921
0.0354179
0.610668
0.035437
0.617365
0.0354106
0.624007
0.0353496
0.630587
0.0352673
0.637106
0.0351794
0.643567
0.0351036
0.649977
0.035059
0.656346
0.0350695
0.662692
0.0351643
0.669034
0.0353727
0.6754
0.0357259
0.68182
0.036261
0.688335
0.0370209
0.0380778
0.516017
0.0223037
0.521756
0.0229762
0.527654
0.0236282
0.533704
0.0242562
0.539896
0.0248555
0.54622
0.0254221
0.552664
0.0259517
0.559216
0.0264396
0.565862
0.0268824
0.572588
0.0272766
0.579378
0.0276187
0.586216
0.0279071
0.593088
0.0281416
0.599979
0.0283229
0.606874
0.0284529
0.61376
0.0285351
0.620626
0.0285745
0.627462
0.0285778
0.634263
0.0285536
0.641023
0.0285123
0.647741
0.0284663
0.654421
0.0284299
0.661068
0.0284187
0.667693
0.0284519
0.674314
0.0285525
0.68095
0.0287454
0.68763
0.029057
0.694385
0.0295174
0.701257
0.0301614
0.0310476
0.526441
0.0167534
0.532158
0.0172598
0.538035
0.0177513
0.544066
0.0182256
0.550242
0.0186794
0.556555
0.0191096
0.562995
0.019513
0.569549
0.0198861
0.576206
0.0202265
0.582953
0.0205314
0.589776
0.0207981
0.59666
0.0210254
0.603591
0.0212131
0.610555
0.0213614
0.617539
0.0214719
0.624531
0.0215468
0.631519
0.0215899
0.638495
0.0216061
0.645452
0.0216017
0.652385
0.0215845
0.659293
0.0215637
0.666179
0.0215502
0.673048
0.0215563
0.679912
0.0215957
0.686788
0.0216853
0.693698
0.0218457
0.700668
0.0220982
0.707731
0.0224662
0.714928
0.0229774
0.0236821
0.537512
0.0111911
0.543242
0.0115298
0.549133
0.0118603
0.55518
0.0121791
0.561375
0.0124842
0.567712
0.0127738
0.574179
0.0130459
0.580767
0.0132982
0.587466
0.0135289
0.594263
0.0137363
0.601145
0.0139184
0.608098
0.0140745
0.61511
0.0142044
0.622166
0.0143083
0.629254
0.0143869
0.636362
0.0144419
0.64348
0.0144757
0.650599
0.0144914
0.657712
0.0144934
0.664815
0.0144868
0.671907
0.0144778
0.67899
0.0144739
0.68607
0.0144835
0.693158
0.0145155
0.700272
0.0145809
0.707433
0.0146948
0.71467
0.0148728
0.722016
0.0151317
0.729516
0.0154913
0.0159863
0.549342
0.00558036
0.555117
0.00575488
0.561056
0.00592157
0.567154
0.00608125
0.573404
0.00623416
0.579798
0.00637949
0.586328
0.00651595
0.592985
0.0066423
0.599757
0.00675771
0.606633
0.00686129
0.613602
0.00695208
0.620649
0.00702963
0.627763
0.00709386
0.634929
0.00714484
0.642136
0.00718298
0.649373
0.00720908
0.656628
0.00722435
0.663893
0.00723042
0.671162
0.00722942
0.67843
0.00722401
0.685697
0.00721738
0.692964
0.00721333
0.700239
0.00721625
0.707532
0.00723066
0.71486
0.00726229
0.722246
0.00731907
0.72972
0.00741009
0.737318
0.00754634
0.745079
0.00774493
0.00805359
0.552746
0.5585
0.564421
0.570502
0.576737
0.583116
0.589632
0.596275
0.603033
0.609896
0.61685
0.623882
0.630979
0.638127
0.645313
0.652526
0.659754
0.666989
0.674223
0.681453
0.688676
0.695896
0.70312
0.710359
0.717631
0.724961
0.732383
0.739942
0.747701
)
;

boundaryField
{
    inlet
    {
        type            calculated;
        value           nonuniform List<scalar> 
45
(
-0.2
-0.2
-0.2
-0.2
-0.2
-0.2
-0.2
-0.2
-0.2
-0.2
-0.2
-0.2
-0.2
-0.2
-0.2
-0.20766
-0.212683
-0.217828
-0.223097
-0.228493
-0.23402
-0.239681
-0.245479
-0.251417
-0.257499
-0.263728
-0.270107
-0.276641
-0.283333
-0.290186
-0.297206
-0.304395
-0.311758
-0.3193
-0.327023
-0.334934
-0.343036
-0.351334
-0.359832
-0.368536
-0.377451
-0.386582
-0.395933
-0.40551
-0.415319
)
;
    }
    outlet
    {
        type            calculated;
        value           nonuniform List<scalar> 
45
(
0.0226361
0.024676
0.017997
0.0105419
0.00308513
-0.00387165
-0.0103576
-0.0166495
-0.0228013
-0.0285904
-0.0342597
-0.0395152
-0.0441679
-0.0480808
-0.0510539
-0.0550606
-0.0572014
-0.0577751
-0.0560476
-0.0510691
-0.0413413
-0.0178313
0.0500497
0.136992
0.223987
0.30422
0.375004
0.435354
0.485288
0.525545
0.557387
0.582398
0.602266
0.618574
0.632645
0.645475
0.657751
0.669914
0.682262
0.694994
0.708301
0.722308
0.737227
0.753026
0.755771
)
;
    }
    flap
    {
        type            calculated;
        value           nonuniform List<scalar> 
33
(
0
-1.84889e-32
-1.62621e-32
0
0
-1.58889e-32
-6.16298e-33
1.2326e-32
-2.36889e-32
0
2.11852e-33
0
1.92593e-34
2.46519e-32
0
-2.87349e-31
-5.70075e-32
5.35409e-31
-1.97047e-32
0
-6.57224e-33
-3.08149e-33
8.62817e-32
0
-6.16298e-33
6.16298e-33
-8.95557e-32
0
2.7926e-32
2.60964e-32
0
0
-1.2326e-32
)
;
    }
    upperWall
    {
        type            calculated;
        value           nonuniform List<scalar> 
63
(
0
0
0
0
0
0
0
1.03485e-14
0
0
0
0
0
0
0
0
0
0
0
0
-7.52547e-15
0
0
0
0
0
0
0
0
0
0
0
0
0
0
0
0
0
0
0
0
0
0
0
0
0
0
0
0
0
-9.0017e-15
9.21339e-15
0
9.65091e-15
0
0
0
0
0
0
-5.67035e-15
0
0
)
;
    }
    lowerWall
    {
        type            calculated;
        value           uniform 0;
    }
    frontAndBack
    {
        type            empty;
        value           nonuniform 0();
    }
}


// ************************************************************************* //
