/*--------------------------------*- C++ -*----------------------------------*\
| =========                 |                                                 |
| \\      /  F ield         | OpenFOAM: The Open Source CFD Toolbox           |
|  \\    /   O peration     | Version:  dev                                   |
|   \\  /    A nd           | Web:      www.OpenFOAM.org                      |
|    \\/     M anipulation  |                                                 |
\*---------------------------------------------------------------------------*/
FoamFile
{
    version     2.0;
    format      ascii;
    class       vectorField;
    location    "0.21/polyMesh";
    object      points;
}
// * * * * * * * * * * * * * * * * * * * * * * * * * * * * * * * * * * * * * //


1030
(
(0.736836 0.3 1.15188)
(0.821398 0.3 1.15135)
(0.907931 0.3 1.15087)
(0.736538 0.3 1.22565)
(0.821117 0.3 1.22498)
(0.907669 0.3 1.22438)
(0.99625 0.3 1.22383)
(1.08691 0.3 1.2233)
(0.736317 0.3 1.30107)
(0.820891 0.3 1.30029)
(0.907447 0.3 1.29959)
(0.996036 0.3 1.29895)
(1.08671 0.3 1.29835)
(1.17952 0.3 1.29778)
(0.736167 0.3 1.37813)
(0.82072 0.3 1.37728)
(0.907266 0.3 1.37652)
(0.995852 0.3 1.37581)
(1.08653 0.3 1.37515)
(1.17935 0.3 1.37452)
(1.27435 0.3 1.37392)
(1.37161 0.3 1.37333)
(0.736074 0.3 1.45687)
(0.820597 0.3 1.45599)
(0.907123 0.3 1.45519)
(0.995698 0.3 1.45444)
(1.08637 0.3 1.45373)
(1.17918 0.3 1.45306)
(1.27419 0.3 1.45241)
(1.37145 0.3 1.45178)
(1.47101 0.3 1.45116)
(1.57292 0.3 1.45055)
(0.736025 0.3 1.53734)
(0.820512 0.3 1.53646)
(0.907013 0.3 1.53563)
(0.995571 0.3 1.53486)
(1.08623 0.3 1.53412)
(1.17904 0.3 1.53342)
(1.27405 0.3 1.53274)
(1.3713 0.3 1.53207)
(1.47086 0.3 1.53142)
(1.57278 0.3 1.53078)
(1.6771 0.3 1.53013)
(0.736005 0.3 1.6196)
(0.820457 0.3 1.61873)
(0.90693 0.3 1.6179)
(0.995467 0.3 1.61711)
(1.08611 0.3 1.61636)
(1.17891 0.3 1.61564)
(1.27391 0.3 1.61493)
(1.37117 0.3 1.61425)
(1.47072 0.3 1.61357)
(1.57264 0.3 1.6129)
(1.67697 0.3 1.61223)
(1.78376 0.3 1.61156)
(1.89307 0.3 1.61087)
(0.736003 0.3 1.70369)
(0.820421 0.3 1.70285)
(0.906866 0.3 1.70204)
(0.99538 0.3 1.70125)
(1.08601 0.3 1.70049)
(1.17879 0.3 1.69976)
(1.27379 0.3 1.69905)
(1.37103 0.3 1.69834)
(1.47059 0.3 1.69765)
(1.5725 0.3 1.69696)
(1.67683 0.3 1.69627)
(1.78363 0.3 1.69558)
(1.89295 0.3 1.69487)
(2.00484 0.3 1.69415)
(0.736009 0.3 1.78968)
(0.820396 0.3 1.78888)
(0.906815 0.3 1.78809)
(0.995307 0.3 1.78732)
(1.08592 0.3 1.78657)
(1.17869 0.3 1.78584)
(1.27367 0.3 1.78512)
(1.37091 0.3 1.7844)
(1.47046 0.3 1.7837)
(1.57237 0.3 1.783)
(1.6767 0.3 1.7823)
(1.7835 0.3 1.78158)
(1.89282 0.3 1.78086)
(2.00472 0.3 1.78013)
(2.11927 0.3 1.77936)
(2.23651 0.3 1.77857)
(0.736017 0.3 1.87763)
(0.820377 0.3 1.87687)
(0.906771 0.3 1.87612)
(0.995242 0.3 1.87537)
(1.08583 0.3 1.87464)
(1.17859 0.3 1.87391)
(1.27356 0.3 1.87319)
(1.37079 0.3 1.87248)
(1.47034 0.3 1.87177)
(1.57225 0.3 1.87106)
(1.67657 0.3 1.87035)
(1.78337 0.3 1.86963)
(1.8927 0.3 1.86889)
(2.0046 0.3 1.86814)
(2.11915 0.3 1.86737)
(2.2364 0.3 1.86657)
(2.35641 0.3 1.86572)
(0.73602 0.3 1.96761)
(0.820358 0.3 1.96689)
(0.906731 0.3 1.96618)
(0.995181 0.3 1.96546)
(1.08575 0.3 1.96474)
(1.1785 0.3 1.96403)
(1.27345 0.3 1.96332)
(1.37068 0.3 1.96261)
(1.47022 0.3 1.9619)
(1.57212 0.3 1.96119)
(1.67645 0.3 1.96048)
(1.78324 0.3 1.95975)
(1.89257 0.3 1.95901)
(2.00448 0.3 1.95825)
(2.11904 0.3 1.95747)
(2.23629 0.3 1.95666)
(2.35631 0.3 1.9558)
(2.47915 0.3 1.9549)
(2.60487 0.3 1.95394)
(0.736016 0.3 2.05966)
(0.820335 0.3 2.059)
(0.906689 0.3 2.05832)
(0.995122 0.3 2.05763)
(1.08568 0.3 2.05694)
(1.17841 0.3 2.05625)
(1.27335 0.3 2.05555)
(1.37057 0.3 2.05485)
(1.4701 0.3 2.05415)
(1.572 0.3 2.05344)
(1.67632 0.3 2.05273)
(1.78312 0.3 2.052)
(1.89245 0.3 2.05126)
(2.00436 0.3 2.0505)
(2.11892 0.3 2.04971)
(2.23619 0.3 2.04889)
(2.35622 0.3 2.04804)
(2.47907 0.3 2.04713)
(2.6048 0.3 2.04616)
(2.73349 0.3 2.04512)
(0.736001 0.3 2.15386)
(0.820304 0.3 2.15324)
(0.906643 0.3 2.1526)
(0.995061 0.3 2.15195)
(1.0856 0.3 2.15129)
(1.17832 0.3 2.15062)
(1.27325 0.3 2.14994)
(1.37046 0.3 2.14926)
(1.46998 0.3 2.14857)
(1.57188 0.3 2.14787)
(1.67619 0.3 2.14716)
(1.78299 0.3 2.14643)
(1.89232 0.3 2.14569)
(2.00424 0.3 2.14494)
(2.11881 0.3 2.14415)
(2.23608 0.3 2.14333)
(2.35612 0.3 2.14247)
(2.47898 0.3 2.14157)
(2.60474 0.3 2.1406)
(2.73344 0.3 2.13956)
(2.86516 0.3 2.13843)
(0.735975 0.3 2.25026)
(0.820266 0.3 2.24968)
(0.906591 0.3 2.24909)
(0.994996 0.3 2.24847)
(1.08553 0.3 2.24784)
(1.17823 0.3 2.24719)
(1.27315 0.3 2.24654)
(1.37035 0.3 2.24587)
(1.46987 0.3 2.2452)
(1.57176 0.3 2.24451)
(1.67607 0.3 2.24381)
(1.78287 0.3 2.2431)
(1.8922 0.3 2.24236)
(2.00412 0.3 2.24161)
(2.11869 0.3 2.24083)
(2.23597 0.3 2.24002)
(2.35602 0.3 2.23916)
(2.4789 0.3 2.23826)
(2.60467 0.3 2.2373)
(2.73339 0.3 2.23627)
(2.86514 0.3 2.23515)
(3 0.3 2.23395)
(0.735936 0.3 2.34891)
(0.820218 0.3 2.34838)
(0.906532 0.3 2.34782)
(0.994926 0.3 2.34724)
(1.08545 0.3 2.34665)
(1.17814 0.3 2.34603)
(1.27305 0.3 2.3454)
(1.37024 0.3 2.34476)
(1.46975 0.3 2.3441)
(1.57164 0.3 2.34343)
(1.67595 0.3 2.34274)
(1.78274 0.3 2.34204)
(1.89207 0.3 2.34132)
(2.004 0.3 2.34058)
(2.11857 0.3 2.33981)
(2.23586 0.3 2.33901)
(2.35592 0.3 2.33817)
(2.47881 0.3 2.33727)
(2.6046 0.3 2.33633)
(2.73334 0.3 2.33531)
(2.86511 0.3 2.3342)
(3 0.3 2.33302)
(0.735886 0.3 2.44989)
(0.82016 0.3 2.4494)
(0.906466 0.3 2.44888)
(0.994851 0.3 2.44834)
(1.08536 0.3 2.44777)
(1.17805 0.3 2.44718)
(1.27295 0.3 2.44658)
(1.37013 0.3 2.44596)
(1.46964 0.3 2.44533)
(1.57152 0.3 2.44468)
(1.67582 0.3 2.44401)
(1.78262 0.3 2.44333)
(1.89195 0.3 2.44262)
(2.00388 0.3 2.4419)
(2.11846 0.3 2.44114)
(2.23575 0.3 2.44035)
(2.35582 0.3 2.43953)
(2.47873 0.3 2.43865)
(2.60453 0.3 2.43772)
(2.73329 0.3 2.43672)
(2.86508 0.3 2.43564)
(3 0.3 2.43448)
(0.735825 0.3 2.55324)
(0.820093 0.3 2.55279)
(0.906393 0.3 2.55231)
(0.99477 0.3 2.5518)
(1.08527 0.3 2.55127)
(1.17795 0.3 2.55071)
(1.27285 0.3 2.55014)
(1.37002 0.3 2.54955)
(1.46952 0.3 2.54894)
(1.5714 0.3 2.54831)
(1.6757 0.3 2.54767)
(1.78249 0.3 2.54701)
(1.89182 0.3 2.54632)
(2.00375 0.3 2.54562)
(2.11834 0.3 2.54488)
(2.23564 0.3 2.54411)
(2.35572 0.3 2.54331)
(2.47864 0.3 2.54246)
(2.60446 0.3 2.54155)
(2.73324 0.3 2.54058)
(2.86506 0.3 2.53953)
(3 0.3 2.5384)
(0.735753 0.3 2.65903)
(0.820018 0.3 2.65861)
(0.906312 0.3 2.65817)
(0.994683 0.3 2.65769)
(1.08518 0.3 2.6572)
(1.17785 0.3 2.65668)
(1.27274 0.3 2.65613)
(1.36991 0.3 2.65557)
(1.4694 0.3 2.65499)
(1.57128 0.3 2.65439)
(1.67558 0.3 2.65378)
(1.78237 0.3 2.65314)
(1.8917 0.3 2.65248)
(2.00364 0.3 2.6518)
(2.11823 0.3 2.65109)
(2.23554 0.3 2.65035)
(2.35562 0.3 2.64957)
(2.47855 0.3 2.64875)
(2.60439 0.3 2.64787)
(2.73319 0.3 2.64693)
(2.86503 0.3 2.64592)
(3 0.3 2.64484)
(0.735674 0.3 2.76731)
(0.819935 0.3 2.76693)
(0.906225 0.3 2.76652)
(0.994592 0.3 2.76608)
(1.08508 0.3 2.76562)
(1.17775 0.3 2.76513)
(1.27264 0.3 2.76462)
(1.3698 0.3 2.76409)
(1.46929 0.3 2.76354)
(1.57116 0.3 2.76298)
(1.67546 0.3 2.76239)
(1.78225 0.3 2.76178)
(1.89158 0.3 2.76115)
(2.00352 0.3 2.7605)
(2.11811 0.3 2.75982)
(2.23543 0.3 2.75911)
(2.35553 0.3 2.75837)
(2.47847 0.3 2.75758)
(2.60432 0.3 2.75674)
(2.73314 0.3 2.75585)
(2.865 0.3 2.75488)
(3 0.3 2.75384)
(0.735587 0.3 2.87814)
(0.819846 0.3 2.87779)
(0.906134 0.3 2.87742)
(0.994497 0.3 2.87701)
(1.08498 0.3 2.87658)
(1.17765 0.3 2.87613)
(1.27253 0.3 2.87566)
(1.36969 0.3 2.87517)
(1.46918 0.3 2.87465)
(1.57104 0.3 2.87412)
(1.67534 0.3 2.87357)
(1.78213 0.3 2.87299)
(1.89146 0.3 2.8724)
(2.0034 0.3 2.87178)
(2.118 0.3 2.87114)
(2.23533 0.3 2.87046)
(2.35543 0.3 2.86976)
(2.47839 0.3 2.86902)
(2.60425 0.3 2.86822)
(2.73309 0.3 2.86738)
(2.86498 0.3 2.86646)
(3 0.3 2.86549)
(0.735496 0.3 2.99158)
(0.819754 0.3 2.99127)
(0.90604 0.3 2.99092)
(0.994401 0.3 2.99056)
(1.08488 0.3 2.99016)
(1.17754 0.3 2.98975)
(1.27242 0.3 2.98931)
(1.36958 0.3 2.98886)
(1.46906 0.3 2.98838)
(1.57093 0.3 2.98789)
(1.67523 0.3 2.98737)
(1.78201 0.3 2.98684)
(1.89135 0.3 2.98628)
(2.00329 0.3 2.9857)
(2.1179 0.3 2.9851)
(2.23523 0.3 2.98447)
(2.35534 0.3 2.98381)
(2.47831 0.3 2.98312)
(2.60418 0.3 2.98238)
(2.73304 0.3 2.98159)
(2.86495 0.3 2.98074)
(3 0.3 2.97983)
(0.735403 0.3 3.10769)
(0.81966 0.3 3.10741)
(0.905945 0.3 3.1071)
(0.994304 0.3 3.10677)
(1.08479 0.3 3.10641)
(1.17744 0.3 3.10604)
(1.27232 0.3 3.10564)
(1.36947 0.3 3.10522)
(1.46895 0.3 3.10479)
(1.57082 0.3 3.10433)
(1.67511 0.3 3.10386)
(1.7819 0.3 3.10337)
(1.89124 0.3 3.10286)
(2.00318 0.3 3.10233)
(2.11779 0.3 3.10178)
(2.23513 0.3 3.1012)
(2.35525 0.3 3.10059)
(2.47823 0.3 3.09995)
(2.60412 0.3 3.09927)
(2.733 0.3 3.09855)
(2.86493 0.3 3.09777)
(3 0.3 3.09695)
(0.735311 0.3 3.22652)
(0.819568 0.3 3.22627)
(0.905851 0.3 3.226)
(0.994209 0.3 3.22571)
(1.08469 0.3 3.22539)
(1.17734 0.3 3.22506)
(1.27222 0.3 3.2247)
(1.36937 0.3 3.22433)
(1.46885 0.3 3.22394)
(1.57071 0.3 3.22353)
(1.67501 0.3 3.22311)
(1.7818 0.3 3.22266)
(1.89114 0.3 3.2222)
(2.00308 0.3 3.22173)
(2.1177 0.3 3.22123)
(2.23504 0.3 3.22071)
(2.35517 0.3 3.22016)
(2.47816 0.3 3.21959)
(2.60406 0.3 3.21898)
(2.73295 0.3 3.21833)
(2.8649 0.3 3.21763)
(3 0.3 3.21689)
(0.735223 0.3 3.34814)
(0.819479 0.3 3.34793)
(0.905762 0.3 3.34769)
(0.994119 0.3 3.34743)
(1.0846 0.3 3.34716)
(1.17725 0.3 3.34687)
(1.27213 0.3 3.34656)
(1.36928 0.3 3.34623)
(1.46876 0.3 3.34589)
(1.57062 0.3 3.34554)
(1.67491 0.3 3.34516)
(1.7817 0.3 3.34478)
(1.89104 0.3 3.34437)
(2.00299 0.3 3.34395)
(2.11761 0.3 3.34352)
(2.23496 0.3 3.34306)
(2.35509 0.3 3.34258)
(2.47809 0.3 3.34208)
(2.60401 0.3 3.34155)
(2.73291 0.3 3.34098)
(2.86488 0.3 3.34038)
(3 0.3 3.33974)
(0.735142 0.3 3.4726)
(0.819398 0.3 3.47242)
(0.905681 0.3 3.47222)
(0.994037 0.3 3.47201)
(1.08452 0.3 3.47178)
(1.17717 0.3 3.47153)
(1.27204 0.3 3.47127)
(1.36919 0.3 3.471)
(1.46867 0.3 3.47071)
(1.57053 0.3 3.47041)
(1.67483 0.3 3.4701)
(1.78162 0.3 3.46977)
(1.89096 0.3 3.46944)
(2.00291 0.3 3.46908)
(2.11753 0.3 3.46872)
(2.23488 0.3 3.46833)
(2.35503 0.3 3.46793)
(2.47803 0.3 3.46751)
(2.60396 0.3 3.46707)
(2.73288 0.3 3.46659)
(2.86486 0.3 3.46609)
(3 0.3 3.46555)
(0.735071 0.3 3.59996)
(0.819328 0.3 3.59981)
(0.905611 0.3 3.59966)
(0.993966 0.3 3.59949)
(1.08444 0.3 3.59931)
(1.17709 0.3 3.59911)
(1.27197 0.3 3.59891)
(1.36912 0.3 3.59869)
(1.46859 0.3 3.59847)
(1.57045 0.3 3.59823)
(1.67475 0.3 3.59798)
(1.78154 0.3 3.59773)
(1.89089 0.3 3.59746)
(2.00284 0.3 3.59718)
(2.11746 0.3 3.59689)
(2.23482 0.3 3.59659)
(2.35497 0.3 3.59627)
(2.47798 0.3 3.59594)
(2.60392 0.3 3.59559)
(2.73285 0.3 3.59522)
(2.86485 0.3 3.59483)
(3 0.3 3.59441)
(0.735016 0.3 3.73026)
(0.819273 0.3 3.73016)
(0.905555 0.3 3.73006)
(0.993911 0.3 3.72994)
(1.08439 0.3 3.72981)
(1.17704 0.3 3.72967)
(1.27191 0.3 3.72953)
(1.36906 0.3 3.72938)
(1.46854 0.3 3.72922)
(1.5704 0.3 3.72905)
(1.67469 0.3 3.72888)
(1.78149 0.3 3.7287)
(1.89083 0.3 3.72851)
(2.00278 0.3 3.72831)
(2.11741 0.3 3.72811)
(2.23477 0.3 3.7279)
(2.35492 0.3 3.72768)
(2.47794 0.3 3.72745)
(2.60388 0.3 3.72721)
(2.73283 0.3 3.72695)
(2.86483 0.3 3.72668)
(3 0.3 3.72639)
(0.734979 0.3 3.86358)
(0.819236 0.3 3.86352)
(0.905519 0.3 3.86347)
(0.993874 0.3 3.8634)
(1.08435 0.3 3.86334)
(1.177 0.3 3.86327)
(1.27187 0.3 3.86319)
(1.36902 0.3 3.86311)
(1.4685 0.3 3.86303)
(1.57036 0.3 3.86294)
(1.67466 0.3 3.86285)
(1.78145 0.3 3.86276)
(1.89079 0.3 3.86266)
(2.00275 0.3 3.86256)
(2.11738 0.3 3.86245)
(2.23474 0.3 3.86234)
(2.3549 0.3 3.86223)
(2.47791 0.3 3.86211)
(2.60386 0.3 3.86198)
(2.73281 0.3 3.86185)
(2.86482 0.3 3.86171)
(3 0.3 3.86156)
(0.734967 0.3 4)
(0.819224 0.3 4)
(0.905506 0.3 4)
(0.993861 0.3 4)
(1.08434 0.3 4)
(1.17699 0.3 4)
(1.27186 0.3 4)
(1.36901 0.3 4)
(1.46849 0.3 4)
(1.57035 0.3 4)
(1.67464 0.3 4)
(1.78144 0.3 4)
(1.89078 0.3 4)
(2.00274 0.3 4)
(2.11736 0.3 4)
(2.23473 0.3 4)
(2.35488 0.3 4)
(2.47791 0.3 4)
(2.60386 0.3 4)
(2.7328 0.3 4)
(2.86482 0.3 4)
(3 0.3 4)
(0.736836 0 1.15188)
(0.821398 0 1.15135)
(0.907931 0 1.15087)
(0.736538 0 1.22565)
(0.821117 0 1.22498)
(0.907669 0 1.22438)
(0.99625 0 1.22383)
(1.08691 0 1.2233)
(0.736317 0 1.30107)
(0.820891 0 1.30029)
(0.907447 0 1.29959)
(0.996036 0 1.29895)
(1.08671 0 1.29835)
(1.17952 0 1.29778)
(0.736167 0 1.37813)
(0.82072 0 1.37728)
(0.907266 0 1.37652)
(0.995852 0 1.37581)
(1.08653 0 1.37515)
(1.17935 0 1.37452)
(1.27435 0 1.37392)
(1.37161 0 1.37333)
(0.736074 0 1.45687)
(0.820597 0 1.45599)
(0.907123 0 1.45519)
(0.995698 0 1.45444)
(1.08637 0 1.45373)
(1.17918 0 1.45306)
(1.27419 0 1.45241)
(1.37145 0 1.45178)
(1.47101 0 1.45116)
(1.57292 0 1.45055)
(0.736025 0 1.53734)
(0.820512 0 1.53646)
(0.907013 0 1.53563)
(0.995571 0 1.53486)
(1.08623 0 1.53412)
(1.17904 0 1.53342)
(1.27405 0 1.53274)
(1.3713 0 1.53207)
(1.47086 0 1.53142)
(1.57278 0 1.53078)
(1.6771 0 1.53013)
(0.736005 0 1.6196)
(0.820457 0 1.61873)
(0.90693 0 1.6179)
(0.995467 0 1.61711)
(1.08611 0 1.61636)
(1.17891 0 1.61564)
(1.27391 0 1.61493)
(1.37117 0 1.61425)
(1.47072 0 1.61357)
(1.57264 0 1.6129)
(1.67697 0 1.61223)
(1.78376 0 1.61156)
(1.89307 0 1.61087)
(0.736003 0 1.70369)
(0.820421 0 1.70285)
(0.906866 0 1.70204)
(0.99538 0 1.70125)
(1.08601 0 1.70049)
(1.17879 0 1.69976)
(1.27379 0 1.69905)
(1.37103 0 1.69834)
(1.47059 0 1.69765)
(1.5725 0 1.69696)
(1.67683 0 1.69627)
(1.78363 0 1.69558)
(1.89295 0 1.69487)
(2.00484 0 1.69415)
(0.736009 0 1.78968)
(0.820396 0 1.78888)
(0.906815 0 1.78809)
(0.995307 0 1.78732)
(1.08592 0 1.78657)
(1.17869 0 1.78584)
(1.27367 0 1.78512)
(1.37091 0 1.7844)
(1.47046 0 1.7837)
(1.57237 0 1.783)
(1.6767 0 1.7823)
(1.7835 0 1.78158)
(1.89282 0 1.78086)
(2.00472 0 1.78013)
(2.11927 0 1.77936)
(2.23651 0 1.77857)
(0.736017 0 1.87763)
(0.820377 0 1.87687)
(0.906771 0 1.87612)
(0.995242 0 1.87537)
(1.08583 0 1.87464)
(1.17859 0 1.87391)
(1.27356 0 1.87319)
(1.37079 0 1.87248)
(1.47034 0 1.87177)
(1.57225 0 1.87106)
(1.67657 0 1.87035)
(1.78337 0 1.86963)
(1.8927 0 1.86889)
(2.0046 0 1.86814)
(2.11915 0 1.86737)
(2.2364 0 1.86657)
(2.35641 0 1.86572)
(0.73602 0 1.96761)
(0.820358 0 1.96689)
(0.906731 0 1.96618)
(0.995181 0 1.96546)
(1.08575 0 1.96474)
(1.1785 0 1.96403)
(1.27345 0 1.96332)
(1.37068 0 1.96261)
(1.47022 0 1.9619)
(1.57212 0 1.96119)
(1.67645 0 1.96048)
(1.78324 0 1.95975)
(1.89257 0 1.95901)
(2.00448 0 1.95825)
(2.11904 0 1.95747)
(2.23629 0 1.95666)
(2.35631 0 1.9558)
(2.47915 0 1.9549)
(2.60487 0 1.95394)
(0.736016 0 2.05966)
(0.820335 0 2.059)
(0.906689 0 2.05832)
(0.995122 0 2.05763)
(1.08568 0 2.05694)
(1.17841 0 2.05625)
(1.27335 0 2.05555)
(1.37057 0 2.05485)
(1.4701 0 2.05415)
(1.572 0 2.05344)
(1.67632 0 2.05273)
(1.78312 0 2.052)
(1.89245 0 2.05126)
(2.00436 0 2.0505)
(2.11892 0 2.04971)
(2.23619 0 2.04889)
(2.35622 0 2.04804)
(2.47907 0 2.04713)
(2.6048 0 2.04616)
(2.73349 0 2.04512)
(0.736001 0 2.15386)
(0.820304 0 2.15324)
(0.906643 0 2.1526)
(0.995061 0 2.15195)
(1.0856 0 2.15129)
(1.17832 0 2.15062)
(1.27325 0 2.14994)
(1.37046 0 2.14926)
(1.46998 0 2.14857)
(1.57188 0 2.14787)
(1.67619 0 2.14716)
(1.78299 0 2.14643)
(1.89232 0 2.14569)
(2.00424 0 2.14494)
(2.11881 0 2.14415)
(2.23608 0 2.14333)
(2.35612 0 2.14247)
(2.47898 0 2.14157)
(2.60474 0 2.1406)
(2.73344 0 2.13956)
(2.86516 0 2.13843)
(0.735975 0 2.25026)
(0.820266 0 2.24968)
(0.906591 0 2.24909)
(0.994996 0 2.24847)
(1.08553 0 2.24784)
(1.17823 0 2.24719)
(1.27315 0 2.24654)
(1.37035 0 2.24587)
(1.46987 0 2.2452)
(1.57176 0 2.24451)
(1.67607 0 2.24381)
(1.78287 0 2.2431)
(1.8922 0 2.24236)
(2.00412 0 2.24161)
(2.11869 0 2.24083)
(2.23597 0 2.24002)
(2.35602 0 2.23916)
(2.4789 0 2.23826)
(2.60467 0 2.2373)
(2.73339 0 2.23627)
(2.86514 0 2.23515)
(3 0 2.23395)
(0.735936 0 2.34891)
(0.820218 0 2.34838)
(0.906532 0 2.34782)
(0.994926 0 2.34724)
(1.08545 0 2.34665)
(1.17814 0 2.34603)
(1.27305 0 2.3454)
(1.37024 0 2.34476)
(1.46975 0 2.3441)
(1.57164 0 2.34343)
(1.67595 0 2.34274)
(1.78274 0 2.34204)
(1.89207 0 2.34132)
(2.004 0 2.34058)
(2.11857 0 2.33981)
(2.23586 0 2.33901)
(2.35592 0 2.33817)
(2.47881 0 2.33727)
(2.6046 0 2.33633)
(2.73334 0 2.33531)
(2.86511 0 2.3342)
(3 0 2.33302)
(0.735886 0 2.44989)
(0.82016 0 2.4494)
(0.906466 0 2.44888)
(0.994851 0 2.44834)
(1.08536 0 2.44777)
(1.17805 0 2.44718)
(1.27295 0 2.44658)
(1.37013 0 2.44596)
(1.46964 0 2.44533)
(1.57152 0 2.44468)
(1.67582 0 2.44401)
(1.78262 0 2.44333)
(1.89195 0 2.44262)
(2.00388 0 2.4419)
(2.11846 0 2.44114)
(2.23575 0 2.44035)
(2.35582 0 2.43953)
(2.47873 0 2.43865)
(2.60453 0 2.43772)
(2.73329 0 2.43672)
(2.86508 0 2.43564)
(3 0 2.43448)
(0.735825 0 2.55324)
(0.820093 0 2.55279)
(0.906393 0 2.55231)
(0.99477 0 2.5518)
(1.08527 0 2.55127)
(1.17795 0 2.55071)
(1.27285 0 2.55014)
(1.37002 0 2.54955)
(1.46952 0 2.54894)
(1.5714 0 2.54831)
(1.6757 0 2.54767)
(1.78249 0 2.54701)
(1.89182 0 2.54632)
(2.00375 0 2.54562)
(2.11834 0 2.54488)
(2.23564 0 2.54411)
(2.35572 0 2.54331)
(2.47864 0 2.54246)
(2.60446 0 2.54155)
(2.73324 0 2.54058)
(2.86506 0 2.53953)
(3 0 2.5384)
(0.735753 0 2.65903)
(0.820018 0 2.65861)
(0.906312 0 2.65817)
(0.994683 0 2.65769)
(1.08518 0 2.6572)
(1.17785 0 2.65668)
(1.27274 0 2.65613)
(1.36991 0 2.65557)
(1.4694 0 2.65499)
(1.57128 0 2.65439)
(1.67558 0 2.65378)
(1.78237 0 2.65314)
(1.8917 0 2.65248)
(2.00364 0 2.6518)
(2.11823 0 2.65109)
(2.23554 0 2.65035)
(2.35562 0 2.64957)
(2.47855 0 2.64875)
(2.60439 0 2.64787)
(2.73319 0 2.64693)
(2.86503 0 2.64592)
(3 0 2.64484)
(0.735674 0 2.76731)
(0.819935 0 2.76693)
(0.906225 0 2.76652)
(0.994592 0 2.76608)
(1.08508 0 2.76562)
(1.17775 0 2.76513)
(1.27264 0 2.76462)
(1.3698 0 2.76409)
(1.46929 0 2.76354)
(1.57116 0 2.76298)
(1.67546 0 2.76239)
(1.78225 0 2.76178)
(1.89158 0 2.76115)
(2.00352 0 2.7605)
(2.11811 0 2.75982)
(2.23543 0 2.75911)
(2.35553 0 2.75837)
(2.47847 0 2.75758)
(2.60432 0 2.75674)
(2.73314 0 2.75585)
(2.865 0 2.75488)
(3 0 2.75384)
(0.735587 0 2.87814)
(0.819846 0 2.87779)
(0.906134 0 2.87742)
(0.994497 0 2.87701)
(1.08498 0 2.87658)
(1.17765 0 2.87613)
(1.27253 0 2.87566)
(1.36969 0 2.87517)
(1.46918 0 2.87465)
(1.57104 0 2.87412)
(1.67534 0 2.87357)
(1.78213 0 2.87299)
(1.89146 0 2.8724)
(2.0034 0 2.87178)
(2.118 0 2.87114)
(2.23533 0 2.87046)
(2.35543 0 2.86976)
(2.47839 0 2.86902)
(2.60425 0 2.86822)
(2.73309 0 2.86738)
(2.86498 0 2.86646)
(3 0 2.86549)
(0.735496 0 2.99158)
(0.819754 0 2.99127)
(0.90604 0 2.99092)
(0.994401 0 2.99056)
(1.08488 0 2.99016)
(1.17754 0 2.98975)
(1.27242 0 2.98931)
(1.36958 0 2.98886)
(1.46906 0 2.98838)
(1.57093 0 2.98789)
(1.67523 0 2.98737)
(1.78201 0 2.98684)
(1.89135 0 2.98628)
(2.00329 0 2.9857)
(2.1179 0 2.9851)
(2.23523 0 2.98447)
(2.35534 0 2.98381)
(2.47831 0 2.98312)
(2.60418 0 2.98238)
(2.73304 0 2.98159)
(2.86495 0 2.98074)
(3 0 2.97983)
(0.735403 0 3.10769)
(0.81966 0 3.10741)
(0.905945 0 3.1071)
(0.994304 0 3.10677)
(1.08479 0 3.10641)
(1.17744 0 3.10604)
(1.27232 0 3.10564)
(1.36947 0 3.10522)
(1.46895 0 3.10479)
(1.57082 0 3.10433)
(1.67511 0 3.10386)
(1.7819 0 3.10337)
(1.89124 0 3.10286)
(2.00318 0 3.10233)
(2.11779 0 3.10178)
(2.23513 0 3.1012)
(2.35525 0 3.10059)
(2.47823 0 3.09995)
(2.60412 0 3.09927)
(2.733 0 3.09855)
(2.86493 0 3.09777)
(3 0 3.09695)
(0.735311 0 3.22652)
(0.819568 0 3.22627)
(0.905851 0 3.226)
(0.994209 0 3.22571)
(1.08469 0 3.22539)
(1.17734 0 3.22506)
(1.27222 0 3.2247)
(1.36937 0 3.22433)
(1.46885 0 3.22394)
(1.57071 0 3.22353)
(1.67501 0 3.22311)
(1.7818 0 3.22266)
(1.89114 0 3.2222)
(2.00308 0 3.22173)
(2.1177 0 3.22123)
(2.23504 0 3.22071)
(2.35517 0 3.22016)
(2.47816 0 3.21959)
(2.60406 0 3.21898)
(2.73295 0 3.21833)
(2.8649 0 3.21763)
(3 0 3.21689)
(0.735223 0 3.34814)
(0.819479 0 3.34793)
(0.905762 0 3.34769)
(0.994119 0 3.34743)
(1.0846 0 3.34716)
(1.17725 0 3.34687)
(1.27213 0 3.34656)
(1.36928 0 3.34623)
(1.46876 0 3.34589)
(1.57062 0 3.34554)
(1.67491 0 3.34516)
(1.7817 0 3.34478)
(1.89104 0 3.34437)
(2.00299 0 3.34395)
(2.11761 0 3.34352)
(2.23496 0 3.34306)
(2.35509 0 3.34258)
(2.47809 0 3.34208)
(2.60401 0 3.34155)
(2.73291 0 3.34098)
(2.86488 0 3.34038)
(3 0 3.33974)
(0.735142 0 3.4726)
(0.819398 0 3.47242)
(0.905681 0 3.47222)
(0.994037 0 3.47201)
(1.08452 0 3.47178)
(1.17717 0 3.47153)
(1.27204 0 3.47127)
(1.36919 0 3.471)
(1.46867 0 3.47071)
(1.57053 0 3.47041)
(1.67483 0 3.4701)
(1.78162 0 3.46977)
(1.89096 0 3.46944)
(2.00291 0 3.46908)
(2.11753 0 3.46872)
(2.23488 0 3.46833)
(2.35503 0 3.46793)
(2.47803 0 3.46751)
(2.60396 0 3.46707)
(2.73288 0 3.46659)
(2.86486 0 3.46609)
(3 0 3.46555)
(0.735071 0 3.59996)
(0.819328 0 3.59981)
(0.905611 0 3.59966)
(0.993966 0 3.59949)
(1.08444 0 3.59931)
(1.17709 0 3.59911)
(1.27197 0 3.59891)
(1.36912 0 3.59869)
(1.46859 0 3.59847)
(1.57045 0 3.59823)
(1.67475 0 3.59798)
(1.78154 0 3.59773)
(1.89089 0 3.59746)
(2.00284 0 3.59718)
(2.11746 0 3.59689)
(2.23482 0 3.59659)
(2.35497 0 3.59627)
(2.47798 0 3.59594)
(2.60392 0 3.59559)
(2.73285 0 3.59522)
(2.86485 0 3.59483)
(3 0 3.59441)
(0.735016 0 3.73026)
(0.819273 0 3.73016)
(0.905555 0 3.73006)
(0.993911 0 3.72994)
(1.08439 0 3.72981)
(1.17704 0 3.72967)
(1.27191 0 3.72953)
(1.36906 0 3.72938)
(1.46854 0 3.72922)
(1.5704 0 3.72905)
(1.67469 0 3.72888)
(1.78149 0 3.7287)
(1.89083 0 3.72851)
(2.00278 0 3.72831)
(2.11741 0 3.72811)
(2.23477 0 3.7279)
(2.35492 0 3.72768)
(2.47794 0 3.72745)
(2.60388 0 3.72721)
(2.73283 0 3.72695)
(2.86483 0 3.72668)
(3 0 3.72639)
(0.734979 0 3.86358)
(0.819236 0 3.86352)
(0.905519 0 3.86347)
(0.993874 0 3.8634)
(1.08435 0 3.86334)
(1.177 0 3.86327)
(1.27187 0 3.86319)
(1.36902 0 3.86311)
(1.4685 0 3.86303)
(1.57036 0 3.86294)
(1.67466 0 3.86285)
(1.78145 0 3.86276)
(1.89079 0 3.86266)
(2.00275 0 3.86256)
(2.11738 0 3.86245)
(2.23474 0 3.86234)
(2.3549 0 3.86223)
(2.47791 0 3.86211)
(2.60386 0 3.86198)
(2.73281 0 3.86185)
(2.86482 0 3.86171)
(3 0 3.86156)
(0.734967 0 4)
(0.819224 0 4)
(0.905506 0 4)
(0.993861 0 4)
(1.08434 0 4)
(1.17699 0 4)
(1.27186 0 4)
(1.36901 0 4)
(1.46849 0 4)
(1.57035 0 4)
(1.67464 0 4)
(1.78144 0 4)
(1.89078 0 4)
(2.00274 0 4)
(2.11736 0 4)
(2.23473 0 4)
(2.35488 0 4)
(2.47791 0 4)
(2.60386 0 4)
(2.7328 0 4)
(2.86482 0 4)
(3 0 4)
)


// ************************************************************************* //
