/*--------------------------------*- C++ -*----------------------------------*\
| =========                 |                                                 |
| \\      /  F ield         | OpenFOAM: The Open Source CFD Toolbox           |
|  \\    /   O peration     | Version:  dev                                   |
|   \\  /    A nd           | Web:      www.OpenFOAM.org                      |
|    \\/     M anipulation  |                                                 |
\*---------------------------------------------------------------------------*/
FoamFile
{
    version     2.0;
    format      ascii;
    class       labelList;
    note        "nPoints: 1030 nCells: 465 nFaces: 1909 nInternalFaces: 881";
    location    "constant/polyMesh";
    object      owner;
}
// * * * * * * * * * * * * * * * * * * * * * * * * * * * * * * * * * * * * * //


1909
(
0
0
1
2
2
3
3
4
4
5
6
6
7
7
8
8
9
9
10
11
11
12
12
13
13
14
14
15
15
16
16
17
18
18
19
19
20
20
21
21
22
22
23
23
24
24
25
25
26
27
27
28
28
29
29
30
30
31
31
32
32
33
33
34
34
35
35
36
37
37
38
38
39
39
40
40
41
41
42
42
43
43
44
44
45
45
46
46
47
47
48
49
49
50
50
51
51
52
52
53
53
54
54
55
55
56
56
57
57
58
58
59
59
60
60
61
62
62
63
63
64
64
65
65
66
66
67
67
68
68
69
69
70
70
71
71
72
72
73
73
74
74
75
75
76
77
77
78
78
79
79
80
80
81
81
82
82
83
83
84
84
85
85
86
86
87
87
88
88
89
89
90
90
91
91
92
93
93
94
94
95
95
96
96
97
97
98
98
99
99
100
100
101
101
102
102
103
103
104
104
105
105
106
106
107
107
108
108
109
109
110
111
111
112
112
113
113
114
114
115
115
116
116
117
117
118
118
119
119
120
120
121
121
122
122
123
123
124
124
125
125
126
126
127
127
128
128
129
130
130
131
131
132
132
133
133
134
134
135
135
136
136
137
137
138
138
139
139
140
140
141
141
142
142
143
143
144
144
145
145
146
146
147
147
148
148
149
150
150
151
151
152
152
153
153
154
154
155
155
156
156
157
157
158
158
159
159
160
160
161
161
162
162
163
163
164
164
165
165
166
166
167
167
168
168
169
169
170
171
171
172
172
173
173
174
174
175
175
176
176
177
177
178
178
179
179
180
180
181
181
182
182
183
183
184
184
185
185
186
186
187
187
188
188
189
189
190
190
191
192
192
193
193
194
194
195
195
196
196
197
197
198
198
199
199
200
200
201
201
202
202
203
203
204
204
205
205
206
206
207
207
208
208
209
209
210
210
211
211
212
213
213
214
214
215
215
216
216
217
217
218
218
219
219
220
220
221
221
222
222
223
223
224
224
225
225
226
226
227
227
228
228
229
229
230
230
231
231
232
232
233
234
234
235
235
236
236
237
237
238
238
239
239
240
240
241
241
242
242
243
243
244
244
245
245
246
246
247
247
248
248
249
249
250
250
251
251
252
252
253
253
254
255
255
256
256
257
257
258
258
259
259
260
260
261
261
262
262
263
263
264
264
265
265
266
266
267
267
268
268
269
269
270
270
271
271
272
272
273
273
274
274
275
276
276
277
277
278
278
279
279
280
280
281
281
282
282
283
283
284
284
285
285
286
286
287
287
288
288
289
289
290
290
291
291
292
292
293
293
294
294
295
295
296
297
297
298
298
299
299
300
300
301
301
302
302
303
303
304
304
305
305
306
306
307
307
308
308
309
309
310
310
311
311
312
312
313
313
314
314
315
315
316
316
317
318
318
319
319
320
320
321
321
322
322
323
323
324
324
325
325
326
326
327
327
328
328
329
329
330
330
331
331
332
332
333
333
334
334
335
335
336
336
337
337
338
339
339
340
340
341
341
342
342
343
343
344
344
345
345
346
346
347
347
348
348
349
349
350
350
351
351
352
352
353
353
354
354
355
355
356
356
357
357
358
358
359
360
360
361
361
362
362
363
363
364
364
365
365
366
366
367
367
368
368
369
369
370
370
371
371
372
372
373
373
374
374
375
375
376
376
377
377
378
378
379
379
380
381
381
382
382
383
383
384
384
385
385
386
386
387
387
388
388
389
389
390
390
391
391
392
392
393
393
394
394
395
395
396
396
397
397
398
398
399
399
400
400
401
402
402
403
403
404
404
405
405
406
406
407
407
408
408
409
409
410
410
411
411
412
412
413
413
414
414
415
415
416
416
417
417
418
418
419
419
420
420
421
421
422
423
423
424
424
425
425
426
426
427
427
428
428
429
429
430
430
431
431
432
432
433
433
434
434
435
435
436
436
437
437
438
438
439
439
440
440
441
441
442
442
443
444
445
446
447
448
449
450
451
452
453
454
455
456
457
458
459
460
461
462
463
170
191
212
233
254
275
296
317
338
359
380
401
422
443
464
444
445
446
447
448
449
450
451
452
453
454
455
456
457
458
459
460
461
462
463
464
0
2
6
11
18
27
37
49
62
77
93
111
130
150
171
192
213
234
255
276
297
318
339
360
381
402
423
444
1
3
7
12
19
28
38
50
63
78
94
112
131
151
172
193
214
235
256
277
298
319
340
361
382
403
424
445
4
8
13
20
29
39
51
64
79
95
113
132
152
173
194
215
236
257
278
299
320
341
362
383
404
425
446
5
9
14
21
30
40
52
65
80
96
114
133
153
174
195
216
237
258
279
300
321
342
363
384
405
426
447
10
15
22
31
41
53
66
81
97
115
134
154
175
196
217
238
259
280
301
322
343
364
385
406
427
448
16
23
32
42
54
67
82
98
116
135
155
176
197
218
239
260
281
302
323
344
365
386
407
428
449
17
24
33
43
55
68
83
99
117
136
156
177
198
219
240
261
282
303
324
345
366
387
408
429
450
25
34
44
56
69
84
100
118
137
157
178
199
220
241
262
283
304
325
346
367
388
409
430
451
26
35
45
57
70
85
101
119
138
158
179
200
221
242
263
284
305
326
347
368
389
410
431
452
36
46
58
71
86
102
120
139
159
180
201
222
243
264
285
306
327
348
369
390
411
432
453
47
59
72
87
103
121
140
160
181
202
223
244
265
286
307
328
349
370
391
412
433
454
48
60
73
88
104
122
141
161
182
203
224
245
266
287
308
329
350
371
392
413
434
455
61
74
89
105
123
142
162
183
204
225
246
267
288
309
330
351
372
393
414
435
456
75
90
106
124
143
163
184
205
226
247
268
289
310
331
352
373
394
415
436
457
76
91
107
125
144
164
185
206
227
248
269
290
311
332
353
374
395
416
437
458
92
108
126
145
165
186
207
228
249
270
291
312
333
354
375
396
417
438
459
109
127
146
166
187
208
229
250
271
292
313
334
355
376
397
418
439
460
110
128
147
167
188
209
230
251
272
293
314
335
356
377
398
419
440
461
129
148
168
189
210
231
252
273
294
315
336
357
378
399
420
441
462
149
169
190
211
232
253
274
295
316
337
358
379
400
421
442
463
170
191
212
233
254
275
296
317
338
359
380
401
422
443
464
0
2
6
11
18
27
37
49
62
77
93
111
130
150
171
192
213
234
255
276
297
318
339
360
381
402
423
444
1
3
7
12
19
28
38
50
63
78
94
112
131
151
172
193
214
235
256
277
298
319
340
361
382
403
424
445
4
8
13
20
29
39
51
64
79
95
113
132
152
173
194
215
236
257
278
299
320
341
362
383
404
425
446
5
9
14
21
30
40
52
65
80
96
114
133
153
174
195
216
237
258
279
300
321
342
363
384
405
426
447
10
15
22
31
41
53
66
81
97
115
134
154
175
196
217
238
259
280
301
322
343
364
385
406
427
448
16
23
32
42
54
67
82
98
116
135
155
176
197
218
239
260
281
302
323
344
365
386
407
428
449
17
24
33
43
55
68
83
99
117
136
156
177
198
219
240
261
282
303
324
345
366
387
408
429
450
25
34
44
56
69
84
100
118
137
157
178
199
220
241
262
283
304
325
346
367
388
409
430
451
26
35
45
57
70
85
101
119
138
158
179
200
221
242
263
284
305
326
347
368
389
410
431
452
36
46
58
71
86
102
120
139
159
180
201
222
243
264
285
306
327
348
369
390
411
432
453
47
59
72
87
103
121
140
160
181
202
223
244
265
286
307
328
349
370
391
412
433
454
48
60
73
88
104
122
141
161
182
203
224
245
266
287
308
329
350
371
392
413
434
455
61
74
89
105
123
142
162
183
204
225
246
267
288
309
330
351
372
393
414
435
456
75
90
106
124
143
163
184
205
226
247
268
289
310
331
352
373
394
415
436
457
76
91
107
125
144
164
185
206
227
248
269
290
311
332
353
374
395
416
437
458
92
108
126
145
165
186
207
228
249
270
291
312
333
354
375
396
417
438
459
109
127
146
166
187
208
229
250
271
292
313
334
355
376
397
418
439
460
110
128
147
167
188
209
230
251
272
293
314
335
356
377
398
419
440
461
129
148
168
189
210
231
252
273
294
315
336
357
378
399
420
441
462
149
169
190
211
232
253
274
295
316
337
358
379
400
421
442
463
170
191
212
233
254
275
296
317
338
359
380
401
422
443
464
111
130
150
171
192
213
234
255
276
297
318
339
360
381
402
423
444
0
2
6
11
18
27
37
49
62
77
93
0
1
1
4
5
5
10
10
16
17
17
25
26
26
36
36
47
48
48
61
61
75
76
76
92
92
109
110
110
129
129
149
149
170
)


// ************************************************************************* //
