/*--------------------------------*- C++ -*----------------------------------*\
| =========                 |                                                 |
| \\      /  F ield         | OpenFOAM: The Open Source CFD Toolbox           |
|  \\    /   O peration     | Version:  dev                                   |
|   \\  /    A nd           | Web:      www.OpenFOAM.org                      |
|    \\/     M anipulation  |                                                 |
\*---------------------------------------------------------------------------*/
FoamFile
{
    version     2.0;
    format      ascii;
    class       vectorField;
    location    "constant/polyMesh";
    object      points;
}
// * * * * * * * * * * * * * * * * * * * * * * * * * * * * * * * * * * * * * //


1030
(
(0.7253395989 0.3 1.140114166)
(0.8097419857 0.3 1.140114166)
(0.8961860292 0.3 1.140114166)
(0.7253395989 0.3 1.21272335)
(0.8097419857 0.3 1.21272335)
(0.8961860292 0.3 1.21272335)
(0.984721116 0.3 1.21272335)
(1.075397828 0.3 1.21272335)
(0.7253395989 0.3 1.287088918)
(0.8097419857 0.3 1.287088918)
(0.8961860292 0.3 1.287088918)
(0.984721116 0.3 1.287088918)
(1.075397828 0.3 1.287088918)
(1.168267969 0.3 1.287088918)
(0.7253395989 0.3 1.363253356)
(0.8097419857 0.3 1.363253356)
(0.8961860292 0.3 1.363253356)
(0.984721116 0.3 1.363253356)
(1.075397828 0.3 1.363253356)
(1.168267969 0.3 1.363253356)
(1.263384599 0.3 1.363253356)
(1.360802057 0.3 1.363253356)
(0.7253395989 0.3 1.441260178)
(0.8097419857 0.3 1.441260178)
(0.8961860292 0.3 1.441260178)
(0.984721116 0.3 1.441260178)
(1.075397828 0.3 1.441260178)
(1.168267969 0.3 1.441260178)
(1.263384599 0.3 1.441260178)
(1.360802057 0.3 1.441260178)
(1.460576002 0.3 1.441260178)
(1.562763434 0.3 1.441260178)
(0.7253395989 0.3 1.521153952)
(0.8097419857 0.3 1.521153952)
(0.8961860292 0.3 1.521153952)
(0.984721116 0.3 1.521153952)
(1.075397828 0.3 1.521153952)
(1.168267969 0.3 1.521153952)
(1.263384599 0.3 1.521153952)
(1.360802057 0.3 1.521153952)
(1.460576002 0.3 1.521153952)
(1.562763434 0.3 1.521153952)
(1.667422735 0.3 1.521153952)
(0.7253395989 0.3 1.60298032)
(0.8097419857 0.3 1.60298032)
(0.8961860292 0.3 1.60298032)
(0.984721116 0.3 1.60298032)
(1.075397828 0.3 1.60298032)
(1.168267969 0.3 1.60298032)
(1.263384599 0.3 1.60298032)
(1.360802057 0.3 1.60298032)
(1.460576002 0.3 1.60298032)
(1.562763434 0.3 1.60298032)
(1.667422735 0.3 1.60298032)
(1.774613698 0.3 1.60298032)
(1.884397564 0.3 1.60298032)
(0.7253395989 0.3 1.686786033)
(0.8097419857 0.3 1.686786033)
(0.8961860292 0.3 1.686786033)
(0.984721116 0.3 1.686786033)
(1.075397828 0.3 1.686786033)
(1.168267969 0.3 1.686786033)
(1.263384599 0.3 1.686786033)
(1.360802057 0.3 1.686786033)
(1.460576002 0.3 1.686786033)
(1.562763434 0.3 1.686786033)
(1.667422735 0.3 1.686786033)
(1.774613698 0.3 1.686786033)
(1.884397564 0.3 1.686786033)
(1.996837054 0.3 1.686786033)
(0.7253395989 0.3 1.772618969)
(0.8097419857 0.3 1.772618969)
(0.8961860292 0.3 1.772618969)
(0.984721116 0.3 1.772618969)
(1.075397828 0.3 1.772618969)
(1.168267969 0.3 1.772618969)
(1.263384599 0.3 1.772618969)
(1.360802057 0.3 1.772618969)
(1.460576002 0.3 1.772618969)
(1.562763434 0.3 1.772618969)
(1.667422735 0.3 1.772618969)
(1.774613698 0.3 1.772618969)
(1.884397564 0.3 1.772618969)
(1.996837054 0.3 1.772618969)
(2.111996405 0.3 1.772618969)
(2.22994141 0.3 1.772618969)
(0.7253395989 0.3 1.860528165)
(0.8097419857 0.3 1.860528165)
(0.8961860292 0.3 1.860528165)
(0.984721116 0.3 1.860528165)
(1.075397828 0.3 1.860528165)
(1.168267969 0.3 1.860528165)
(1.263384599 0.3 1.860528165)
(1.360802057 0.3 1.860528165)
(1.460576002 0.3 1.860528165)
(1.562763434 0.3 1.860528165)
(1.667422735 0.3 1.860528165)
(1.774613698 0.3 1.860528165)
(1.884397564 0.3 1.860528165)
(1.996837054 0.3 1.860528165)
(2.111996405 0.3 1.860528165)
(2.22994141 0.3 1.860528165)
(2.350739453 0.3 1.860528165)
(0.7253395989 0.3 1.950563847)
(0.8097419857 0.3 1.950563847)
(0.8961860292 0.3 1.950563847)
(0.984721116 0.3 1.950563847)
(1.075397828 0.3 1.950563847)
(1.168267969 0.3 1.950563847)
(1.263384599 0.3 1.950563847)
(1.360802057 0.3 1.950563847)
(1.460576002 0.3 1.950563847)
(1.562763434 0.3 1.950563847)
(1.667422735 0.3 1.950563847)
(1.774613698 0.3 1.950563847)
(1.884397564 0.3 1.950563847)
(1.996837054 0.3 1.950563847)
(2.111996405 0.3 1.950563847)
(2.22994141 0.3 1.950563847)
(2.350739453 0.3 1.950563847)
(2.474459548 0.3 1.950563847)
(2.601172377 0.3 1.950563847)
(0.7253395989 0.3 2.042777452)
(0.8097419857 0.3 2.042777452)
(0.8961860292 0.3 2.042777452)
(0.984721116 0.3 2.042777452)
(1.075397828 0.3 2.042777452)
(1.168267969 0.3 2.042777452)
(1.263384599 0.3 2.042777452)
(1.360802057 0.3 2.042777452)
(1.460576002 0.3 2.042777452)
(1.562763434 0.3 2.042777452)
(1.667422735 0.3 2.042777452)
(1.774613698 0.3 2.042777452)
(1.884397564 0.3 2.042777452)
(1.996837054 0.3 2.042777452)
(2.111996405 0.3 2.042777452)
(2.22994141 0.3 2.042777452)
(2.350739453 0.3 2.042777452)
(2.474459548 0.3 2.042777452)
(2.601172377 0.3 2.042777452)
(2.730950334 0.3 2.042777452)
(0.7253395989 0.3 2.137221664)
(0.8097419857 0.3 2.137221664)
(0.8961860292 0.3 2.137221664)
(0.984721116 0.3 2.137221664)
(1.075397828 0.3 2.137221664)
(1.168267969 0.3 2.137221664)
(1.263384599 0.3 2.137221664)
(1.360802057 0.3 2.137221664)
(1.460576002 0.3 2.137221664)
(1.562763434 0.3 2.137221664)
(1.667422735 0.3 2.137221664)
(1.774613698 0.3 2.137221664)
(1.884397564 0.3 2.137221664)
(1.996837054 0.3 2.137221664)
(2.111996405 0.3 2.137221664)
(2.22994141 0.3 2.137221664)
(2.350739453 0.3 2.137221664)
(2.474459548 0.3 2.137221664)
(2.601172377 0.3 2.137221664)
(2.730950334 0.3 2.137221664)
(2.863867562 0.3 2.137221664)
(0.7253395989 0.3 2.233950439)
(0.8097419857 0.3 2.233950439)
(0.8961860292 0.3 2.233950439)
(0.984721116 0.3 2.233950439)
(1.075397828 0.3 2.233950439)
(1.168267969 0.3 2.233950439)
(1.263384599 0.3 2.233950439)
(1.360802057 0.3 2.233950439)
(1.460576002 0.3 2.233950439)
(1.562763434 0.3 2.233950439)
(1.667422735 0.3 2.233950439)
(1.774613698 0.3 2.233950439)
(1.884397564 0.3 2.233950439)
(1.996837054 0.3 2.233950439)
(2.111996405 0.3 2.233950439)
(2.22994141 0.3 2.233950439)
(2.350739453 0.3 2.233950439)
(2.474459548 0.3 2.233950439)
(2.601172377 0.3 2.233950439)
(2.730950334 0.3 2.233950439)
(2.863867562 0.3 2.233950439)
(3 0.3 2.233950439)
(0.7253395989 0.3 2.333019041)
(0.8097419857 0.3 2.333019041)
(0.8961860292 0.3 2.333019041)
(0.984721116 0.3 2.333019041)
(1.075397828 0.3 2.333019041)
(1.168267969 0.3 2.333019041)
(1.263384599 0.3 2.333019041)
(1.360802057 0.3 2.333019041)
(1.460576002 0.3 2.333019041)
(1.562763434 0.3 2.333019041)
(1.667422735 0.3 2.333019041)
(1.774613698 0.3 2.333019041)
(1.884397564 0.3 2.333019041)
(1.996837054 0.3 2.333019041)
(2.111996405 0.3 2.333019041)
(2.22994141 0.3 2.333019041)
(2.350739453 0.3 2.333019041)
(2.474459548 0.3 2.333019041)
(2.601172377 0.3 2.333019041)
(2.730950334 0.3 2.333019041)
(2.863867562 0.3 2.333019041)
(3 0.3 2.333019041)
(0.7253395989 0.3 2.434484069)
(0.8097419857 0.3 2.434484069)
(0.8961860292 0.3 2.434484069)
(0.984721116 0.3 2.434484069)
(1.075397828 0.3 2.434484069)
(1.168267969 0.3 2.434484069)
(1.263384599 0.3 2.434484069)
(1.360802057 0.3 2.434484069)
(1.460576002 0.3 2.434484069)
(1.562763434 0.3 2.434484069)
(1.667422735 0.3 2.434484069)
(1.774613698 0.3 2.434484069)
(1.884397564 0.3 2.434484069)
(1.996837054 0.3 2.434484069)
(2.111996405 0.3 2.434484069)
(2.22994141 0.3 2.434484069)
(2.350739453 0.3 2.434484069)
(2.474459548 0.3 2.434484069)
(2.601172377 0.3 2.434484069)
(2.730950334 0.3 2.434484069)
(2.863867562 0.3 2.434484069)
(3 0.3 2.434484069)
(0.7253395989 0.3 2.538403492)
(0.8097419857 0.3 2.538403492)
(0.8961860292 0.3 2.538403492)
(0.984721116 0.3 2.538403492)
(1.075397828 0.3 2.538403492)
(1.168267969 0.3 2.538403492)
(1.263384599 0.3 2.538403492)
(1.360802057 0.3 2.538403492)
(1.460576002 0.3 2.538403492)
(1.562763434 0.3 2.538403492)
(1.667422735 0.3 2.538403492)
(1.774613698 0.3 2.538403492)
(1.884397564 0.3 2.538403492)
(1.996837054 0.3 2.538403492)
(2.111996405 0.3 2.538403492)
(2.22994141 0.3 2.538403492)
(2.350739453 0.3 2.538403492)
(2.474459548 0.3 2.538403492)
(2.601172377 0.3 2.538403492)
(2.730950334 0.3 2.538403492)
(2.863867562 0.3 2.538403492)
(3 0.3 2.538403492)
(0.7253395989 0.3 2.644836679)
(0.8097419857 0.3 2.644836679)
(0.8961860292 0.3 2.644836679)
(0.984721116 0.3 2.644836679)
(1.075397828 0.3 2.644836679)
(1.168267969 0.3 2.644836679)
(1.263384599 0.3 2.644836679)
(1.360802057 0.3 2.644836679)
(1.460576002 0.3 2.644836679)
(1.562763434 0.3 2.644836679)
(1.667422735 0.3 2.644836679)
(1.774613698 0.3 2.644836679)
(1.884397564 0.3 2.644836679)
(1.996837054 0.3 2.644836679)
(2.111996405 0.3 2.644836679)
(2.22994141 0.3 2.644836679)
(2.350739453 0.3 2.644836679)
(2.474459548 0.3 2.644836679)
(2.601172377 0.3 2.644836679)
(2.730950334 0.3 2.644836679)
(2.863867562 0.3 2.644836679)
(3 0.3 2.644836679)
(0.7253395989 0.3 2.753844439)
(0.8097419857 0.3 2.753844439)
(0.8961860292 0.3 2.753844439)
(0.984721116 0.3 2.753844439)
(1.075397828 0.3 2.753844439)
(1.168267969 0.3 2.753844439)
(1.263384599 0.3 2.753844439)
(1.360802057 0.3 2.753844439)
(1.460576002 0.3 2.753844439)
(1.562763434 0.3 2.753844439)
(1.667422735 0.3 2.753844439)
(1.774613698 0.3 2.753844439)
(1.884397564 0.3 2.753844439)
(1.996837054 0.3 2.753844439)
(2.111996405 0.3 2.753844439)
(2.22994141 0.3 2.753844439)
(2.350739453 0.3 2.753844439)
(2.474459548 0.3 2.753844439)
(2.601172377 0.3 2.753844439)
(2.730950334 0.3 2.753844439)
(2.863867562 0.3 2.753844439)
(3 0.3 2.753844439)
(0.7253395989 0.3 2.865489048)
(0.8097419857 0.3 2.865489048)
(0.8961860292 0.3 2.865489048)
(0.984721116 0.3 2.865489048)
(1.075397828 0.3 2.865489048)
(1.168267969 0.3 2.865489048)
(1.263384599 0.3 2.865489048)
(1.360802057 0.3 2.865489048)
(1.460576002 0.3 2.865489048)
(1.562763434 0.3 2.865489048)
(1.667422735 0.3 2.865489048)
(1.774613698 0.3 2.865489048)
(1.884397564 0.3 2.865489048)
(1.996837054 0.3 2.865489048)
(2.111996405 0.3 2.865489048)
(2.22994141 0.3 2.865489048)
(2.350739453 0.3 2.865489048)
(2.474459548 0.3 2.865489048)
(2.601172377 0.3 2.865489048)
(2.730950334 0.3 2.865489048)
(2.863867562 0.3 2.865489048)
(3 0.3 2.865489048)
(0.7253395989 0.3 2.979834292)
(0.8097419857 0.3 2.979834292)
(0.8961860292 0.3 2.979834292)
(0.984721116 0.3 2.979834292)
(1.075397828 0.3 2.979834292)
(1.168267969 0.3 2.979834292)
(1.263384599 0.3 2.979834292)
(1.360802057 0.3 2.979834292)
(1.460576002 0.3 2.979834292)
(1.562763434 0.3 2.979834292)
(1.667422735 0.3 2.979834292)
(1.774613698 0.3 2.979834292)
(1.884397564 0.3 2.979834292)
(1.996837054 0.3 2.979834292)
(2.111996405 0.3 2.979834292)
(2.22994141 0.3 2.979834292)
(2.350739453 0.3 2.979834292)
(2.474459548 0.3 2.979834292)
(2.601172377 0.3 2.979834292)
(2.730950334 0.3 2.979834292)
(2.863867562 0.3 2.979834292)
(3 0.3 2.979834292)
(0.7253395989 0.3 3.096945496)
(0.8097419857 0.3 3.096945496)
(0.8961860292 0.3 3.096945496)
(0.984721116 0.3 3.096945496)
(1.075397828 0.3 3.096945496)
(1.168267969 0.3 3.096945496)
(1.263384599 0.3 3.096945496)
(1.360802057 0.3 3.096945496)
(1.460576002 0.3 3.096945496)
(1.562763434 0.3 3.096945496)
(1.667422735 0.3 3.096945496)
(1.774613698 0.3 3.096945496)
(1.884397564 0.3 3.096945496)
(1.996837054 0.3 3.096945496)
(2.111996405 0.3 3.096945496)
(2.22994141 0.3 3.096945496)
(2.350739453 0.3 3.096945496)
(2.474459548 0.3 3.096945496)
(2.601172377 0.3 3.096945496)
(2.730950334 0.3 3.096945496)
(2.863867562 0.3 3.096945496)
(3 0.3 3.096945496)
(0.7253395989 0.3 3.216889569)
(0.8097419857 0.3 3.216889569)
(0.8961860292 0.3 3.216889569)
(0.984721116 0.3 3.216889569)
(1.075397828 0.3 3.216889569)
(1.168267969 0.3 3.216889569)
(1.263384599 0.3 3.216889569)
(1.360802057 0.3 3.216889569)
(1.460576002 0.3 3.216889569)
(1.562763434 0.3 3.216889569)
(1.667422735 0.3 3.216889569)
(1.774613698 0.3 3.216889569)
(1.884397564 0.3 3.216889569)
(1.996837054 0.3 3.216889569)
(2.111996405 0.3 3.216889569)
(2.22994141 0.3 3.216889569)
(2.350739453 0.3 3.216889569)
(2.474459548 0.3 3.216889569)
(2.601172377 0.3 3.216889569)
(2.730950334 0.3 3.216889569)
(2.863867562 0.3 3.216889569)
(3 0.3 3.216889569)
(0.7253395989 0.3 3.339735037)
(0.8097419857 0.3 3.339735037)
(0.8961860292 0.3 3.339735037)
(0.984721116 0.3 3.339735037)
(1.075397828 0.3 3.339735037)
(1.168267969 0.3 3.339735037)
(1.263384599 0.3 3.339735037)
(1.360802057 0.3 3.339735037)
(1.460576002 0.3 3.339735037)
(1.562763434 0.3 3.339735037)
(1.667422735 0.3 3.339735037)
(1.774613698 0.3 3.339735037)
(1.884397564 0.3 3.339735037)
(1.996837054 0.3 3.339735037)
(2.111996405 0.3 3.339735037)
(2.22994141 0.3 3.339735037)
(2.350739453 0.3 3.339735037)
(2.474459548 0.3 3.339735037)
(2.601172377 0.3 3.339735037)
(2.730950334 0.3 3.339735037)
(2.863867562 0.3 3.339735037)
(3 0.3 3.339735037)
(0.7253395989 0.3 3.465552082)
(0.8097419857 0.3 3.465552082)
(0.8961860292 0.3 3.465552082)
(0.984721116 0.3 3.465552082)
(1.075397828 0.3 3.465552082)
(1.168267969 0.3 3.465552082)
(1.263384599 0.3 3.465552082)
(1.360802057 0.3 3.465552082)
(1.460576002 0.3 3.465552082)
(1.562763434 0.3 3.465552082)
(1.667422735 0.3 3.465552082)
(1.774613698 0.3 3.465552082)
(1.884397564 0.3 3.465552082)
(1.996837054 0.3 3.465552082)
(2.111996405 0.3 3.465552082)
(2.22994141 0.3 3.465552082)
(2.350739453 0.3 3.465552082)
(2.474459548 0.3 3.465552082)
(2.601172377 0.3 3.465552082)
(2.730950334 0.3 3.465552082)
(2.863867562 0.3 3.465552082)
(3 0.3 3.465552082)
(0.7253395989 0.3 3.594412587)
(0.8097419857 0.3 3.594412587)
(0.8961860292 0.3 3.594412587)
(0.984721116 0.3 3.594412587)
(1.075397828 0.3 3.594412587)
(1.168267969 0.3 3.594412587)
(1.263384599 0.3 3.594412587)
(1.360802057 0.3 3.594412587)
(1.460576002 0.3 3.594412587)
(1.562763434 0.3 3.594412587)
(1.667422735 0.3 3.594412587)
(1.774613698 0.3 3.594412587)
(1.884397564 0.3 3.594412587)
(1.996837054 0.3 3.594412587)
(2.111996405 0.3 3.594412587)
(2.22994141 0.3 3.594412587)
(2.350739453 0.3 3.594412587)
(2.474459548 0.3 3.594412587)
(2.601172377 0.3 3.594412587)
(2.730950334 0.3 3.594412587)
(2.863867562 0.3 3.594412587)
(3 0.3 3.594412587)
(0.7253395989 0.3 3.72639017)
(0.8097419857 0.3 3.72639017)
(0.8961860292 0.3 3.72639017)
(0.984721116 0.3 3.72639017)
(1.075397828 0.3 3.72639017)
(1.168267969 0.3 3.72639017)
(1.263384599 0.3 3.72639017)
(1.360802057 0.3 3.72639017)
(1.460576002 0.3 3.72639017)
(1.562763434 0.3 3.72639017)
(1.667422735 0.3 3.72639017)
(1.774613698 0.3 3.72639017)
(1.884397564 0.3 3.72639017)
(1.996837054 0.3 3.72639017)
(2.111996405 0.3 3.72639017)
(2.22994141 0.3 3.72639017)
(2.350739453 0.3 3.72639017)
(2.474459548 0.3 3.72639017)
(2.601172377 0.3 3.72639017)
(2.730950334 0.3 3.72639017)
(2.863867562 0.3 3.72639017)
(3 0.3 3.72639017)
(0.7253395989 0.3 3.861560233)
(0.8097419857 0.3 3.861560233)
(0.8961860292 0.3 3.861560233)
(0.984721116 0.3 3.861560233)
(1.075397828 0.3 3.861560233)
(1.168267969 0.3 3.861560233)
(1.263384599 0.3 3.861560233)
(1.360802057 0.3 3.861560233)
(1.460576002 0.3 3.861560233)
(1.562763434 0.3 3.861560233)
(1.667422735 0.3 3.861560233)
(1.774613698 0.3 3.861560233)
(1.884397564 0.3 3.861560233)
(1.996837054 0.3 3.861560233)
(2.111996405 0.3 3.861560233)
(2.22994141 0.3 3.861560233)
(2.350739453 0.3 3.861560233)
(2.474459548 0.3 3.861560233)
(2.601172377 0.3 3.861560233)
(2.730950334 0.3 3.861560233)
(2.863867562 0.3 3.861560233)
(3 0.3 3.861560233)
(0.7253395989 0.3 4)
(0.8097419857 0.3 4)
(0.8961860292 0.3 4)
(0.984721116 0.3 4)
(1.075397828 0.3 4)
(1.168267969 0.3 4)
(1.263384599 0.3 4)
(1.360802057 0.3 4)
(1.460576002 0.3 4)
(1.562763434 0.3 4)
(1.667422735 0.3 4)
(1.774613698 0.3 4)
(1.884397564 0.3 4)
(1.996837054 0.3 4)
(2.111996405 0.3 4)
(2.22994141 0.3 4)
(2.350739453 0.3 4)
(2.474459548 0.3 4)
(2.601172377 0.3 4)
(2.730950334 0.3 4)
(2.863867562 0.3 4)
(3 0.3 4)
(0.7253395989 0 1.140114166)
(0.8097419857 0 1.140114166)
(0.8961860292 0 1.140114166)
(0.7253395989 0 1.21272335)
(0.8097419857 0 1.21272335)
(0.8961860292 0 1.21272335)
(0.984721116 0 1.21272335)
(1.075397828 0 1.21272335)
(0.7253395989 0 1.287088918)
(0.8097419857 0 1.287088918)
(0.8961860292 0 1.287088918)
(0.984721116 0 1.287088918)
(1.075397828 0 1.287088918)
(1.168267969 0 1.287088918)
(0.7253395989 0 1.363253356)
(0.8097419857 0 1.363253356)
(0.8961860292 0 1.363253356)
(0.984721116 0 1.363253356)
(1.075397828 0 1.363253356)
(1.168267969 0 1.363253356)
(1.263384599 0 1.363253356)
(1.360802057 0 1.363253356)
(0.7253395989 0 1.441260178)
(0.8097419857 0 1.441260178)
(0.8961860292 0 1.441260178)
(0.984721116 0 1.441260178)
(1.075397828 0 1.441260178)
(1.168267969 0 1.441260178)
(1.263384599 0 1.441260178)
(1.360802057 0 1.441260178)
(1.460576002 0 1.441260178)
(1.562763434 0 1.441260178)
(0.7253395989 0 1.521153952)
(0.8097419857 0 1.521153952)
(0.8961860292 0 1.521153952)
(0.984721116 0 1.521153952)
(1.075397828 0 1.521153952)
(1.168267969 0 1.521153952)
(1.263384599 0 1.521153952)
(1.360802057 0 1.521153952)
(1.460576002 0 1.521153952)
(1.562763434 0 1.521153952)
(1.667422735 0 1.521153952)
(0.7253395989 0 1.60298032)
(0.8097419857 0 1.60298032)
(0.8961860292 0 1.60298032)
(0.984721116 0 1.60298032)
(1.075397828 0 1.60298032)
(1.168267969 0 1.60298032)
(1.263384599 0 1.60298032)
(1.360802057 0 1.60298032)
(1.460576002 0 1.60298032)
(1.562763434 0 1.60298032)
(1.667422735 0 1.60298032)
(1.774613698 0 1.60298032)
(1.884397564 0 1.60298032)
(0.7253395989 0 1.686786033)
(0.8097419857 0 1.686786033)
(0.8961860292 0 1.686786033)
(0.984721116 0 1.686786033)
(1.075397828 0 1.686786033)
(1.168267969 0 1.686786033)
(1.263384599 0 1.686786033)
(1.360802057 0 1.686786033)
(1.460576002 0 1.686786033)
(1.562763434 0 1.686786033)
(1.667422735 0 1.686786033)
(1.774613698 0 1.686786033)
(1.884397564 0 1.686786033)
(1.996837054 0 1.686786033)
(0.7253395989 0 1.772618969)
(0.8097419857 0 1.772618969)
(0.8961860292 0 1.772618969)
(0.984721116 0 1.772618969)
(1.075397828 0 1.772618969)
(1.168267969 0 1.772618969)
(1.263384599 0 1.772618969)
(1.360802057 0 1.772618969)
(1.460576002 0 1.772618969)
(1.562763434 0 1.772618969)
(1.667422735 0 1.772618969)
(1.774613698 0 1.772618969)
(1.884397564 0 1.772618969)
(1.996837054 0 1.772618969)
(2.111996405 0 1.772618969)
(2.22994141 0 1.772618969)
(0.7253395989 0 1.860528165)
(0.8097419857 0 1.860528165)
(0.8961860292 0 1.860528165)
(0.984721116 0 1.860528165)
(1.075397828 0 1.860528165)
(1.168267969 0 1.860528165)
(1.263384599 0 1.860528165)
(1.360802057 0 1.860528165)
(1.460576002 0 1.860528165)
(1.562763434 0 1.860528165)
(1.667422735 0 1.860528165)
(1.774613698 0 1.860528165)
(1.884397564 0 1.860528165)
(1.996837054 0 1.860528165)
(2.111996405 0 1.860528165)
(2.22994141 0 1.860528165)
(2.350739453 0 1.860528165)
(0.7253395989 0 1.950563847)
(0.8097419857 0 1.950563847)
(0.8961860292 0 1.950563847)
(0.984721116 0 1.950563847)
(1.075397828 0 1.950563847)
(1.168267969 0 1.950563847)
(1.263384599 0 1.950563847)
(1.360802057 0 1.950563847)
(1.460576002 0 1.950563847)
(1.562763434 0 1.950563847)
(1.667422735 0 1.950563847)
(1.774613698 0 1.950563847)
(1.884397564 0 1.950563847)
(1.996837054 0 1.950563847)
(2.111996405 0 1.950563847)
(2.22994141 0 1.950563847)
(2.350739453 0 1.950563847)
(2.474459548 0 1.950563847)
(2.601172377 0 1.950563847)
(0.7253395989 0 2.042777452)
(0.8097419857 0 2.042777452)
(0.8961860292 0 2.042777452)
(0.984721116 0 2.042777452)
(1.075397828 0 2.042777452)
(1.168267969 0 2.042777452)
(1.263384599 0 2.042777452)
(1.360802057 0 2.042777452)
(1.460576002 0 2.042777452)
(1.562763434 0 2.042777452)
(1.667422735 0 2.042777452)
(1.774613698 0 2.042777452)
(1.884397564 0 2.042777452)
(1.996837054 0 2.042777452)
(2.111996405 0 2.042777452)
(2.22994141 0 2.042777452)
(2.350739453 0 2.042777452)
(2.474459548 0 2.042777452)
(2.601172377 0 2.042777452)
(2.730950334 0 2.042777452)
(0.7253395989 0 2.137221664)
(0.8097419857 0 2.137221664)
(0.8961860292 0 2.137221664)
(0.984721116 0 2.137221664)
(1.075397828 0 2.137221664)
(1.168267969 0 2.137221664)
(1.263384599 0 2.137221664)
(1.360802057 0 2.137221664)
(1.460576002 0 2.137221664)
(1.562763434 0 2.137221664)
(1.667422735 0 2.137221664)
(1.774613698 0 2.137221664)
(1.884397564 0 2.137221664)
(1.996837054 0 2.137221664)
(2.111996405 0 2.137221664)
(2.22994141 0 2.137221664)
(2.350739453 0 2.137221664)
(2.474459548 0 2.137221664)
(2.601172377 0 2.137221664)
(2.730950334 0 2.137221664)
(2.863867562 0 2.137221664)
(0.7253395989 0 2.233950439)
(0.8097419857 0 2.233950439)
(0.8961860292 0 2.233950439)
(0.984721116 0 2.233950439)
(1.075397828 0 2.233950439)
(1.168267969 0 2.233950439)
(1.263384599 0 2.233950439)
(1.360802057 0 2.233950439)
(1.460576002 0 2.233950439)
(1.562763434 0 2.233950439)
(1.667422735 0 2.233950439)
(1.774613698 0 2.233950439)
(1.884397564 0 2.233950439)
(1.996837054 0 2.233950439)
(2.111996405 0 2.233950439)
(2.22994141 0 2.233950439)
(2.350739453 0 2.233950439)
(2.474459548 0 2.233950439)
(2.601172377 0 2.233950439)
(2.730950334 0 2.233950439)
(2.863867562 0 2.233950439)
(3 0 2.233950439)
(0.7253395989 0 2.333019041)
(0.8097419857 0 2.333019041)
(0.8961860292 0 2.333019041)
(0.984721116 0 2.333019041)
(1.075397828 0 2.333019041)
(1.168267969 0 2.333019041)
(1.263384599 0 2.333019041)
(1.360802057 0 2.333019041)
(1.460576002 0 2.333019041)
(1.562763434 0 2.333019041)
(1.667422735 0 2.333019041)
(1.774613698 0 2.333019041)
(1.884397564 0 2.333019041)
(1.996837054 0 2.333019041)
(2.111996405 0 2.333019041)
(2.22994141 0 2.333019041)
(2.350739453 0 2.333019041)
(2.474459548 0 2.333019041)
(2.601172377 0 2.333019041)
(2.730950334 0 2.333019041)
(2.863867562 0 2.333019041)
(3 0 2.333019041)
(0.7253395989 0 2.434484069)
(0.8097419857 0 2.434484069)
(0.8961860292 0 2.434484069)
(0.984721116 0 2.434484069)
(1.075397828 0 2.434484069)
(1.168267969 0 2.434484069)
(1.263384599 0 2.434484069)
(1.360802057 0 2.434484069)
(1.460576002 0 2.434484069)
(1.562763434 0 2.434484069)
(1.667422735 0 2.434484069)
(1.774613698 0 2.434484069)
(1.884397564 0 2.434484069)
(1.996837054 0 2.434484069)
(2.111996405 0 2.434484069)
(2.22994141 0 2.434484069)
(2.350739453 0 2.434484069)
(2.474459548 0 2.434484069)
(2.601172377 0 2.434484069)
(2.730950334 0 2.434484069)
(2.863867562 0 2.434484069)
(3 0 2.434484069)
(0.7253395989 0 2.538403492)
(0.8097419857 0 2.538403492)
(0.8961860292 0 2.538403492)
(0.984721116 0 2.538403492)
(1.075397828 0 2.538403492)
(1.168267969 0 2.538403492)
(1.263384599 0 2.538403492)
(1.360802057 0 2.538403492)
(1.460576002 0 2.538403492)
(1.562763434 0 2.538403492)
(1.667422735 0 2.538403492)
(1.774613698 0 2.538403492)
(1.884397564 0 2.538403492)
(1.996837054 0 2.538403492)
(2.111996405 0 2.538403492)
(2.22994141 0 2.538403492)
(2.350739453 0 2.538403492)
(2.474459548 0 2.538403492)
(2.601172377 0 2.538403492)
(2.730950334 0 2.538403492)
(2.863867562 0 2.538403492)
(3 0 2.538403492)
(0.7253395989 0 2.644836679)
(0.8097419857 0 2.644836679)
(0.8961860292 0 2.644836679)
(0.984721116 0 2.644836679)
(1.075397828 0 2.644836679)
(1.168267969 0 2.644836679)
(1.263384599 0 2.644836679)
(1.360802057 0 2.644836679)
(1.460576002 0 2.644836679)
(1.562763434 0 2.644836679)
(1.667422735 0 2.644836679)
(1.774613698 0 2.644836679)
(1.884397564 0 2.644836679)
(1.996837054 0 2.644836679)
(2.111996405 0 2.644836679)
(2.22994141 0 2.644836679)
(2.350739453 0 2.644836679)
(2.474459548 0 2.644836679)
(2.601172377 0 2.644836679)
(2.730950334 0 2.644836679)
(2.863867562 0 2.644836679)
(3 0 2.644836679)
(0.7253395989 0 2.753844439)
(0.8097419857 0 2.753844439)
(0.8961860292 0 2.753844439)
(0.984721116 0 2.753844439)
(1.075397828 0 2.753844439)
(1.168267969 0 2.753844439)
(1.263384599 0 2.753844439)
(1.360802057 0 2.753844439)
(1.460576002 0 2.753844439)
(1.562763434 0 2.753844439)
(1.667422735 0 2.753844439)
(1.774613698 0 2.753844439)
(1.884397564 0 2.753844439)
(1.996837054 0 2.753844439)
(2.111996405 0 2.753844439)
(2.22994141 0 2.753844439)
(2.350739453 0 2.753844439)
(2.474459548 0 2.753844439)
(2.601172377 0 2.753844439)
(2.730950334 0 2.753844439)
(2.863867562 0 2.753844439)
(3 0 2.753844439)
(0.7253395989 0 2.865489048)
(0.8097419857 0 2.865489048)
(0.8961860292 0 2.865489048)
(0.984721116 0 2.865489048)
(1.075397828 0 2.865489048)
(1.168267969 0 2.865489048)
(1.263384599 0 2.865489048)
(1.360802057 0 2.865489048)
(1.460576002 0 2.865489048)
(1.562763434 0 2.865489048)
(1.667422735 0 2.865489048)
(1.774613698 0 2.865489048)
(1.884397564 0 2.865489048)
(1.996837054 0 2.865489048)
(2.111996405 0 2.865489048)
(2.22994141 0 2.865489048)
(2.350739453 0 2.865489048)
(2.474459548 0 2.865489048)
(2.601172377 0 2.865489048)
(2.730950334 0 2.865489048)
(2.863867562 0 2.865489048)
(3 0 2.865489048)
(0.7253395989 0 2.979834292)
(0.8097419857 0 2.979834292)
(0.8961860292 0 2.979834292)
(0.984721116 0 2.979834292)
(1.075397828 0 2.979834292)
(1.168267969 0 2.979834292)
(1.263384599 0 2.979834292)
(1.360802057 0 2.979834292)
(1.460576002 0 2.979834292)
(1.562763434 0 2.979834292)
(1.667422735 0 2.979834292)
(1.774613698 0 2.979834292)
(1.884397564 0 2.979834292)
(1.996837054 0 2.979834292)
(2.111996405 0 2.979834292)
(2.22994141 0 2.979834292)
(2.350739453 0 2.979834292)
(2.474459548 0 2.979834292)
(2.601172377 0 2.979834292)
(2.730950334 0 2.979834292)
(2.863867562 0 2.979834292)
(3 0 2.979834292)
(0.7253395989 0 3.096945496)
(0.8097419857 0 3.096945496)
(0.8961860292 0 3.096945496)
(0.984721116 0 3.096945496)
(1.075397828 0 3.096945496)
(1.168267969 0 3.096945496)
(1.263384599 0 3.096945496)
(1.360802057 0 3.096945496)
(1.460576002 0 3.096945496)
(1.562763434 0 3.096945496)
(1.667422735 0 3.096945496)
(1.774613698 0 3.096945496)
(1.884397564 0 3.096945496)
(1.996837054 0 3.096945496)
(2.111996405 0 3.096945496)
(2.22994141 0 3.096945496)
(2.350739453 0 3.096945496)
(2.474459548 0 3.096945496)
(2.601172377 0 3.096945496)
(2.730950334 0 3.096945496)
(2.863867562 0 3.096945496)
(3 0 3.096945496)
(0.7253395989 0 3.216889569)
(0.8097419857 0 3.216889569)
(0.8961860292 0 3.216889569)
(0.984721116 0 3.216889569)
(1.075397828 0 3.216889569)
(1.168267969 0 3.216889569)
(1.263384599 0 3.216889569)
(1.360802057 0 3.216889569)
(1.460576002 0 3.216889569)
(1.562763434 0 3.216889569)
(1.667422735 0 3.216889569)
(1.774613698 0 3.216889569)
(1.884397564 0 3.216889569)
(1.996837054 0 3.216889569)
(2.111996405 0 3.216889569)
(2.22994141 0 3.216889569)
(2.350739453 0 3.216889569)
(2.474459548 0 3.216889569)
(2.601172377 0 3.216889569)
(2.730950334 0 3.216889569)
(2.863867562 0 3.216889569)
(3 0 3.216889569)
(0.7253395989 0 3.339735037)
(0.8097419857 0 3.339735037)
(0.8961860292 0 3.339735037)
(0.984721116 0 3.339735037)
(1.075397828 0 3.339735037)
(1.168267969 0 3.339735037)
(1.263384599 0 3.339735037)
(1.360802057 0 3.339735037)
(1.460576002 0 3.339735037)
(1.562763434 0 3.339735037)
(1.667422735 0 3.339735037)
(1.774613698 0 3.339735037)
(1.884397564 0 3.339735037)
(1.996837054 0 3.339735037)
(2.111996405 0 3.339735037)
(2.22994141 0 3.339735037)
(2.350739453 0 3.339735037)
(2.474459548 0 3.339735037)
(2.601172377 0 3.339735037)
(2.730950334 0 3.339735037)
(2.863867562 0 3.339735037)
(3 0 3.339735037)
(0.7253395989 0 3.465552082)
(0.8097419857 0 3.465552082)
(0.8961860292 0 3.465552082)
(0.984721116 0 3.465552082)
(1.075397828 0 3.465552082)
(1.168267969 0 3.465552082)
(1.263384599 0 3.465552082)
(1.360802057 0 3.465552082)
(1.460576002 0 3.465552082)
(1.562763434 0 3.465552082)
(1.667422735 0 3.465552082)
(1.774613698 0 3.465552082)
(1.884397564 0 3.465552082)
(1.996837054 0 3.465552082)
(2.111996405 0 3.465552082)
(2.22994141 0 3.465552082)
(2.350739453 0 3.465552082)
(2.474459548 0 3.465552082)
(2.601172377 0 3.465552082)
(2.730950334 0 3.465552082)
(2.863867562 0 3.465552082)
(3 0 3.465552082)
(0.7253395989 0 3.594412587)
(0.8097419857 0 3.594412587)
(0.8961860292 0 3.594412587)
(0.984721116 0 3.594412587)
(1.075397828 0 3.594412587)
(1.168267969 0 3.594412587)
(1.263384599 0 3.594412587)
(1.360802057 0 3.594412587)
(1.460576002 0 3.594412587)
(1.562763434 0 3.594412587)
(1.667422735 0 3.594412587)
(1.774613698 0 3.594412587)
(1.884397564 0 3.594412587)
(1.996837054 0 3.594412587)
(2.111996405 0 3.594412587)
(2.22994141 0 3.594412587)
(2.350739453 0 3.594412587)
(2.474459548 0 3.594412587)
(2.601172377 0 3.594412587)
(2.730950334 0 3.594412587)
(2.863867562 0 3.594412587)
(3 0 3.594412587)
(0.7253395989 0 3.72639017)
(0.8097419857 0 3.72639017)
(0.8961860292 0 3.72639017)
(0.984721116 0 3.72639017)
(1.075397828 0 3.72639017)
(1.168267969 0 3.72639017)
(1.263384599 0 3.72639017)
(1.360802057 0 3.72639017)
(1.460576002 0 3.72639017)
(1.562763434 0 3.72639017)
(1.667422735 0 3.72639017)
(1.774613698 0 3.72639017)
(1.884397564 0 3.72639017)
(1.996837054 0 3.72639017)
(2.111996405 0 3.72639017)
(2.22994141 0 3.72639017)
(2.350739453 0 3.72639017)
(2.474459548 0 3.72639017)
(2.601172377 0 3.72639017)
(2.730950334 0 3.72639017)
(2.863867562 0 3.72639017)
(3 0 3.72639017)
(0.7253395989 0 3.861560233)
(0.8097419857 0 3.861560233)
(0.8961860292 0 3.861560233)
(0.984721116 0 3.861560233)
(1.075397828 0 3.861560233)
(1.168267969 0 3.861560233)
(1.263384599 0 3.861560233)
(1.360802057 0 3.861560233)
(1.460576002 0 3.861560233)
(1.562763434 0 3.861560233)
(1.667422735 0 3.861560233)
(1.774613698 0 3.861560233)
(1.884397564 0 3.861560233)
(1.996837054 0 3.861560233)
(2.111996405 0 3.861560233)
(2.22994141 0 3.861560233)
(2.350739453 0 3.861560233)
(2.474459548 0 3.861560233)
(2.601172377 0 3.861560233)
(2.730950334 0 3.861560233)
(2.863867562 0 3.861560233)
(3 0 3.861560233)
(0.7253395989 0 4)
(0.8097419857 0 4)
(0.8961860292 0 4)
(0.984721116 0 4)
(1.075397828 0 4)
(1.168267969 0 4)
(1.263384599 0 4)
(1.360802057 0 4)
(1.460576002 0 4)
(1.562763434 0 4)
(1.667422735 0 4)
(1.774613698 0 4)
(1.884397564 0 4)
(1.996837054 0 4)
(2.111996405 0 4)
(2.22994141 0 4)
(2.350739453 0 4)
(2.474459548 0 4)
(2.601172377 0 4)
(2.730950334 0 4)
(2.863867562 0 4)
(3 0 4)
)


// ************************************************************************* //
