/*--------------------------------*- C++ -*----------------------------------*\
| =========                 |                                                 |
| \\      /  F ield         | OpenFOAM: The Open Source CFD Toolbox           |
|  \\    /   O peration     | Version:  dev                                   |
|   \\  /    A nd           | Web:      www.OpenFOAM.org                      |
|    \\/     M anipulation  |                                                 |
\*---------------------------------------------------------------------------*/
FoamFile
{
    version     2.0;
    format      ascii;
    class       surfaceScalarField;
    location    "4.67";
    object      phi;
}
// * * * * * * * * * * * * * * * * * * * * * * * * * * * * * * * * * * * * * //

dimensions      [0 3 -1 0 0 0 0];

internalField   nonuniform List<scalar> 
5457
(
0.198147
0.00186918
0.196099
0.00206378
0.193806
0.00230839
0.191219
0.00260196
0.188334
0.00290042
0.185148
0.00319897
0.181654
0.00350406
0.177838
0.00382191
0.173685
0.00415561
0.169174
0.00450826
0.164284
0.00488348
0.158989
0.00528324
0.153266
0.0057094
0.147086
0.00616353
0.140423
0.00664665
0.133248
0.00715888
0.125534
0.007699
0.117257
0.00826383
0.1084
0.00884757
0.0989508
0.00944128
0.0889138
0.0100325
0.0783075
0.0106044
0.0671725
0.0111344
0.0555788
0.011594
0.0436322
0.0119472
0.0314842
0.0121487
0.019336
0.0121487
0.00745419
0.0118822
-0.000547137
0.00800149
-0.000547095
0.199876
0.00200902
0.199105
0.00285063
0.197969
0.00345981
0.196494
0.00409198
0.194675
0.00473407
0.192509
0.00537844
0.189989
0.00603419
0.187106
0.00671256
0.183842
0.00742125
0.180181
0.00816705
0.176101
0.00895638
0.17158
0.00979378
0.166591
0.0106836
0.161109
0.0116296
0.155104
0.0126346
0.148547
0.0136997
0.141407
0.0148237
0.133656
0.0160017
0.12527
0.0172239
0.116229
0.0184744
0.106527
0.0197304
0.0961685
0.0209606
0.0851795
0.0221229
0.0736117
0.0231619
0.0615563
0.0240033
0.0491712
0.0245343
0.0367527
0.0245678
0.0249927
0.0236426
0.012645
0.0203493
0.012098
0.199729
0.00229541
0.199025
0.00357021
0.197959
0.00454142
0.19658
0.00548613
0.194891
0.00643857
0.192885
0.00739692
0.19056
0.00837037
0.187906
0.00937338
0.18491
0.0104198
0.181556
0.0115194
0.177825
0.0126803
0.173698
0.0139101
0.169151
0.0152161
0.16416
0.0166048
0.158695
0.018082
0.152727
0.019651
0.146223
0.0213126
0.139149
0.0230634
0.131468
0.0248939
0.123148
0.0267863
0.114161
0.0287129
0.104484
0.0306351
0.0941034
0.032503
0.0830179
0.0342475
0.0712516
0.03577
0.0588644
0.0369222
0.0459556
0.0374769
0.0324828
0.0371157
0.0174227
0.0354095
0.0295207
0.199639
0.00267174
0.198937
0.00428791
0.197886
0.00560726
0.196525
0.00686229
0.194863
0.00811613
0.192897
0.00937662
0.190622
0.0106553
0.188033
0.0119703
0.185117
0.0133381
0.181864
0.0147712
0.178258
0.0162797
0.174283
0.0178741
0.169921
0.0195641
0.165151
0.021359
0.159949
0.0232674
0.154287
0.0252956
0.148137
0.0274477
0.141463
0.0297242
0.134226
0.0321205
0.12638
0.0346234
0.117881
0.0372071
0.108681
0.0398327
0.0987308
0.0424525
0.0879679
0.0450103
0.0763246
0.0474136
0.0637258
0.0495214
0.0500696
0.0511335
0.0351772
0.0520083
0.0185404
0.0520464
0.0480611
0.199593
0.00309355
0.198882
0.00501453
0.197844
0.00665962
0.196501
0.00822068
0.194863
0.00976938
0.19293
0.0113231
0.190697
0.0128996
0.188155
0.0145201
0.185296
0.0162009
0.182108
0.0179571
0.17858
0.0198021
0.174696
0.0217481
0.170439
0.023807
0.165791
0.0259909
0.160731
0.0283113
0.155232
0.0307771
0.149269
0.0333955
0.142808
0.036172
0.135805
0.0391123
0.128207
0.0422131
0.119952
0.0454566
0.110967
0.0488145
0.101176
0.0522423
0.0904843
0.0557014
0.0787527
0.0591452
0.0658209
0.0624534
0.0515182
0.0654365
0.0357085
0.0678181
0.0184152
0.0693398
0.0664763
0.199571
0.00353763
0.198853
0.0057469
0.197831
0.0076968
0.196511
0.00955534
0.194905
0.0113907
0.193012
0.0132304
0.190824
0.0150988
0.188335
0.0170172
0.185537
0.0190031
0.182418
0.0210751
0.178965
0.023249
0.175165
0.0255387
0.171
0.0279585
0.166451
0.0305239
0.161496
0.0332494
0.156109
0.0361472
0.150261
0.039228
0.143917
0.0425025
0.137032
0.0459863
0.129547
0.049689
0.121384
0.053613
0.112447
0.0577485
0.102623
0.0620646
0.0918009
0.0665225
0.0798351
0.0711106
0.0665316
0.0757568
0.0517422
0.0802258
0.0354124
0.0841479
0.0179585
0.0867936
0.0844348
0.199561
0.00399058
0.198844
0.00647866
0.197839
0.00871604
0.196549
0.0108607
0.194981
0.0129738
0.193134
0.0150922
0.190999
0.0172453
0.188572
0.0194524
0.185845
0.0217349
0.182804
0.0241154
0.179438
0.0266107
0.17573
0.0292369
0.171665
0.032011
0.16722
0.0349536
0.162371
0.0380823
0.157088
0.0414127
0.151338
0.0449625
0.145076
0.0487503
0.138255
0.0527955
0.130814
0.0571205
0.122668
0.0617526
0.113701
0.0667113
0.103774
0.07199
0.09274
0.0775549
0.0804695
0.0833803
0.0668067
0.0894191
0.0516466
0.0953856
0.0350265
0.100768
0.0175797
0.10424
0.102014
0.19956
0.0044437
0.198849
0.0072037
0.197866
0.00971376
0.19661
0.0121319
0.195085
0.0145137
0.19329
0.0169022
0.191218
0.019329
0.188865
0.0218149
0.186219
0.0243861
0.183268
0.0270669
0.179999
0.0298752
0.176397
0.0328302
0.172443
0.0359534
0.168113
0.0392685
0.163384
0.0427954
0.158221
0.0465584
0.152583
0.0505853
0.146418
0.054901
0.139667
0.0595338
0.132258
0.06452
0.124106
0.0698972
0.11509
0.075723
0.105054
0.0820224
0.093837
0.08877
0.08129
0.0959258
0.0673068
0.103401
0.0518633
0.110828
0.0350453
0.117585
0.0175365
0.121749
0.119551
0.199566
0.00489073
0.198866
0.0079171
0.197906
0.0106873
0.196689
0.0133642
0.195215
0.0160034
0.19348
0.0186518
0.191481
0.0213404
0.18921
0.0240955
0.186655
0.0269465
0.183806
0.0299173
0.180649
0.0330291
0.177167
0.0363051
0.173338
0.0397715
0.16914
0.0434517
0.164549
0.0473705
0.159529
0.0515622
0.154031
0.0560676
0.147996
0.0609214
0.141357
0.0661608
0.134028
0.0718386
0.125912
0.0780053
0.116885
0.0847439
0.106795
0.0921086
0.0954714
0.100091
0.08275
0.108645
0.0685382
0.117612
0.0528648
0.126501
0.0358196
0.13463
0.0180163
0.139552
0.137567
0.199574
0.00532882
0.19889
0.00861379
0.19796
0.0116311
0.196787
0.0145515
0.19537
0.0174362
0.193703
0.0203333
0.191784
0.0232732
0.189602
0.0262869
0.18715
0.0294053
0.184416
0.0326538
0.181385
0.0360579
0.178039
0.0396445
0.174358
0.0434421
0.17032
0.0474772
0.165892
0.0517832
0.161041
0.0563971
0.155718
0.0613747
0.149857
0.0667678
0.143386
0.0726191
0.136216
0.0789981
0.128232
0.0859806
0.119306
0.0936627
0.10929
0.10212
0.0980018
0.111376
0.0852616
0.121382
0.0709579
0.131913
0.055091
0.142366
0.0376921
0.152028
0.0192236
0.15802
0.156791
0.199584
0.00575621
0.198921
0.00928837
0.198027
0.0125384
0.196904
0.0156895
0.195546
0.0188087
0.193953
0.0219415
0.19212
0.0251204
0.190038
0.0283798
0.187699
0.0317516
0.185092
0.0352645
0.182201
0.0389473
0.179011
0.0428296
0.175502
0.0469422
0.171649
0.051318
0.16742
0.0559973
0.162778
0.0610246
0.157673
0.0664641
0.152047
0.0723791
0.145825
0.0788284
0.138913
0.0858982
0.131196
0.0936882
0.122543
0.102308
0.112801
0.111856
0.101775
0.122396
0.0892548
0.133899
0.0750587
0.146106
0.0590673
0.158356
0.0411481
0.169946
0.0215202
0.177648
0.178311
0.199595
0.00617066
0.198959
0.00993605
0.198105
0.0134054
0.197033
0.0167753
0.195742
0.0201157
0.194229
0.0234699
0.192489
0.0268739
0.190517
0.0303643
0.188302
0.033975
0.185833
0.0377371
0.183099
0.0416819
0.180083
0.0458417
0.176766
0.0502508
0.173126
0.0549475
0.169133
0.059977
0.164744
0.0653983
0.159916
0.0712779
0.154599
0.0776819
0.148723
0.0846916
0.1422
0.0924095
0.134919
0.100959
0.126754
0.110464
0.117553
0.12105
0.107112
0.132831
0.0951747
0.145832
0.0814402
0.159837
0.0655582
0.174235
0.0470603
0.188443
0.0257182
0.198989
0.204029
0.19961
0.00656923
0.199003
0.0105528
0.198191
0.0142302
0.197175
0.017805
0.195956
0.0213503
0.19453
0.0249116
0.192892
0.0285263
0.191036
0.0322324
0.188955
0.0360656
0.186639
0.0400591
0.184076
0.0442462
0.181253
0.0486622
0.178152
0.0533447
0.174754
0.0583363
0.171031
0.0636874
0.166944
0.069472
0.162455
0.0757525
0.15753
0.0825935
0.152109
0.0900995
0.14612
0.0983869
0.139469
0.107599
0.132046
0.117877
0.12372
0.129367
0.114296
0.142248
0.103486
0.156636
0.0908641
0.172455
0.0757646
0.189332
0.0571378
0.207068
0.0337843
0.222342
0.237813
0.199627
0.00694911
0.199052
0.0111372
0.198285
0.015009
0.19733
0.0187739
0.196188
0.0225077
0.194855
0.0262605
0.193325
0.0300706
0.191595
0.0339759
0.189657
0.0380135
0.187504
0.0422184
0.185128
0.0466256
0.182516
0.0512727
0.179655
0.0562007
0.176528
0.0614553
0.17311
0.0670948
0.169369
0.0732004
0.165286
0.0798221
0.160839
0.0870273
0.155986
0.0949395
0.150679
0.103682
0.144855
0.113412
0.138447
0.124275
0.131372
0.136432
0.123494
0.150117
0.114572
0.165552
0.104169
0.182854
0.0914254
0.202073
0.0746723
0.22382
0.0507022
0.246312
0.288515
0.199644
0.00731074
0.199101
0.0116882
0.198384
0.0157374
0.197493
0.0196785
0.196429
0.023586
0.195192
0.0275133
0.193776
0.031502
0.192177
0.035589
0.190389
0.0398118
0.188409
0.0442066
0.186229
0.0488096
0.183842
0.0536603
0.181236
0.0588028
0.178399
0.0642858
0.175307
0.0701778
0.171951
0.0765455
0.168331
0.0834295
0.164432
0.0909143
0.160237
0.0991216
0.155733
0.108174
0.1509
0.118234
0.145737
0.129425
0.14026
0.141898
0.134458
0.15591
0.128279
0.171724
0.121566
0.189561
0.113823
0.209813
0.103826
0.233815
0.086695
0.263443
0.37521
0.00330891
-0.00330923
0.0073374
-0.00402995
0.0110999
-0.0037668
0.0143781
-0.00328713
0.0171882
-0.00282463
0.0195802
-0.00241239
0.0216087
-0.00205384
0.0233178
-0.00173794
0.0247208
-0.00143409
0.0258187
-0.00112687
0.0266059
-0.000810969
0.0270736
-0.000487451
0.0272362
-0.000179558
0.0271409
8.16043e-05
0.0268601
0.000270416
0.0264798
0.000373497
0.026089
0.000388048
0.0257662
0.000324178
0.0255684
0.000203573
0.0255315
4.72186e-05
0.0256668
-0.000120443
0.0259564
-0.000270142
0.0263631
-0.00038288
0.0268468
-0.00045546
0.0273735
-0.000494302
0.0279173
-0.000507396
0.02846
-0.000502728
0.0289916
-0.000488443
0.0295048
-0.000467001
-0.000434088
0.00339433
-0.00670391
0.00714326
-0.0077804
0.0107246
-0.00735252
0.0139407
-0.00651224
0.0167775
-0.00567614
0.0192782
-0.00493343
0.0214899
-0.00429058
0.0234482
-0.00372472
0.0251787
-0.00319512
0.026701
-0.002678
0.0280221
-0.0021557
0.0291333
-0.00161831
0.0300162
-0.00107934
0.0306635
-0.000579517
0.0311041
-0.000180713
0.0314099
6.07406e-05
0.0316711
0.000123811
0.0319607
3.56742e-05
0.0323215
-0.000151677
0.0327609
-0.000382092
0.0332629
-0.000607786
0.0338092
-0.000797161
0.0343848
-0.000934749
0.034976
-0.00101849
0.0355688
-0.00105482
0.0361491
-0.00105143
0.036704
-0.00101778
0.0372217
-0.000962934
0.0376927
-0.000891892
-0.000775039
0.00325448
-0.00995874
0.00652986
-0.0110574
0.00955313
-0.0103803
0.0122551
-0.00922317
0.014639
-0.00807456
0.0167436
-0.00705782
0.0186085
-0.0061798
0.0202743
-0.00541817
0.0217723
-0.00472261
0.0231264
-0.00406014
0.0243503
-0.00340292
0.0254512
-0.00273873
0.0264373
-0.00208245
0.0273208
-0.00147723
0.0281055
-0.000976478
0.0287909
-0.000632126
0.0293906
-0.000479535
0.029934
-0.000507237
0.0304474
-0.000660189
0.0309424
-0.000867564
0.0314201
-0.00107139
0.0318779
-0.00123615
0.0323115
-0.00134504
0.0327158
-0.00139499
0.0330834
-0.00139046
0.0334065
-0.00133865
0.0336773
-0.00124895
0.0338895
-0.00113221
0.034046
-0.0010024
-0.000864153
0.00311459
-0.0130737
0.00588381
-0.0138282
0.00830898
-0.0128099
0.0104216
-0.0113446
0.012253
-0.00991983
0.0138461
-0.00866991
0.0152354
-0.00759213
0.0164721
-0.00668096
0.0175921
-0.00587068
0.018622
-0.00511702
0.0195789
-0.00438257
0.0204744
-0.00365369
0.0213181
-0.00294341
0.0221181
-0.00229197
0.0228773
-0.00174738
0.0235874
-0.0013506
0.024232
-0.00112876
0.0247983
-0.00107391
0.0252813
-0.00113921
0.025681
-0.00125865
0.0259982
-0.00137532
0.0262346
-0.00145454
0.0263945
-0.00148231
0.0264852
-0.00145855
0.0265164
-0.00139019
0.0265028
-0.00128957
0.0264598
-0.0011668
0.0263977
-0.00102755
0.0263318
-0.000890863
-0.00078973
0.00289089
-0.015965
0.00510758
-0.0160466
0.00691952
-0.0146263
0.00841127
-0.0128449
0.00963442
-0.0111562
0.0106381
-0.00969134
0.0114827
-0.00845819
0.0122239
-0.00744652
0.0128974
-0.00657054
0.0135263
-0.0057715
0.0141312
-0.00500949
0.0147248
-0.00426673
0.0153144
-0.00355062
0.0158973
-0.00289016
0.0164619
-0.00232467
0.0169907
-0.00188877
0.0174602
-0.00160386
0.0178527
-0.00146796
0.0181633
-0.00144697
0.0183999
-0.00148776
0.018577
-0.00154003
0.018709
-0.00156949
0.0188076
-0.00155908
0.0188792
-0.00150369
0.0189242
-0.00140449
0.0189358
-0.00126628
0.0189027
-0.00109502
0.0188185
-0.000901241
0.0186804
-0.000707523
-0.000628688
0.00254458
-0.01851
0.00414488
-0.0176485
0.00531952
-0.0158053
0.00614494
-0.0136784
0.00670949
-0.0117331
0.00710437
-0.0101026
0.00741419
-0.00878776
0.00766315
-0.00771794
0.00787986
-0.00681159
0.00808896
-0.00600464
0.00831169
-0.00525363
0.008563
-0.00453734
0.00885272
-0.00385833
0.00918299
-0.00323647
0.009546
-0.00270119
0.00992713
-0.00228036
0.0103062
-0.00198977
0.0106626
-0.00182713
0.0109829
-0.00176566
0.0112624
-0.00176093
0.0115015
-0.00176785
0.0117008
-0.00175275
0.0118574
-0.00169483
0.011963
-0.0015837
0.0120044
-0.0014159
0.0119642
-0.00119185
0.0118226
-0.000915387
0.0115667
-0.000603732
0.0112278
-0.00032392
-0.000288167
0.00205516
-0.0205655
0.00296228
-0.0185573
0.00344507
-0.0162922
0.00356569
-0.0138066
0.00349239
-0.0116711
0.00334223
-0.00996727
0.00316497
-0.00862844
0.00298458
-0.00755801
0.00282436
-0.00667372
0.00270566
-0.00590841
0.0026478
-0.00521645
0.0026661
-0.00457487
0.00277041
-0.00398095
0.00296389
-0.00344665
0.00323655
-0.00298827
0.00356631
-0.00262165
0.00392402
-0.00235554
0.00427895
-0.0021861
0.00460636
-0.00209268
0.00489053
-0.00203997
0.00512322
-0.00199051
0.00529937
-0.00191391
0.0054133
-0.00178888
0.005455
-0.00160076
0.00540777
-0.0013395
0.00524838
-0.000999024
0.00494972
-0.000579366
0.00450114
-0.000114196
0.00396127
0.000260157
0.00032202
0.00140374
-0.0219696
0.00154629
-0.0187014
0.00126261
-0.0160124
0.000669854
-0.0132208
1.86612e-05
-0.0110302
-0.000605404
-0.00935661
-0.00117156
-0.00807845
-0.00166194
-0.00708618
-0.00206727
-0.00628883
-0.00237935
-0.00561727
-0.00259116
-0.0050246
-0.00269944
-0.00448572
-0.00270423
-0.00399473
-0.00261159
-0.00355657
-0.00243646
-0.00317865
-0.00220235
-0.00286832
-0.00193607
-0.00263102
-0.00166441
-0.00246302
-0.00141139
-0.00234654
-0.00119557
-0.00225187
-0.00103062
-0.00214659
-0.000927831
-0.00200281
-0.000898859
-0.001799
-0.000957666
-0.00151827
-0.00112056
-0.00114832
-0.00140241
-0.000684552
-0.00180445
-0.000140688
-0.00228869
0.000410318
-0.00281144
0.000826519
0.000986506
0.000587838
-0.0225579
-0.000137102
-0.017978
-0.00129588
-0.0148573
-0.00255303
-0.0119699
-0.00371116
-0.00988129
-0.00473255
-0.00834722
-0.00559684
-0.0072287
-0.00630732
-0.00639248
-0.00687594
-0.00573888
-0.00731444
-0.00519832
-0.0076333
-0.00472499
-0.00784102
-0.00429696
-0.00794499
-0.0039095
-0.00795636
-0.00356296
-0.00789194
-0.00325904
-0.00777288
-0.00300081
-0.00762102
-0.00279311
-0.00745676
-0.00263365
-0.00730053
-0.00250475
-0.00717263
-0.00237701
-0.0070921
-0.00221938
-0.00707531
-0.00200681
-0.00713513
-0.00172136
-0.00727971
-0.00135097
-0.00750957
-0.000891073
-0.00781506
-0.000347281
-0.00816888
0.000248987
-0.00855659
0.000837599
-0.00900357
0.00131646
0.00160228
-0.000353436
-0.0222048
-0.00219868
-0.0161342
-0.00424561
-0.0128137
-0.00613698
-0.0100842
-0.0077808
-0.00824572
-0.00913825
-0.00700051
-0.0102308
-0.00614925
-0.011098
-0.00554055
-0.0117788
-0.00507522
-0.0123065
-0.00468888
-0.0127073
-0.00434277
-0.0129984
-0.00402464
-0.0131903
-0.00373636
-0.0132953
-0.00347612
-0.0133307
-0.00324017
-0.0133166
-0.00302904
-0.013271
-0.00284986
-0.0132082
-0.00270384
-0.0131433
-0.00257257
-0.0130952
-0.00242347
-0.0130836
-0.00222428
-0.0131251
-0.00195354
-0.0132283
-0.00160131
-0.013392
-0.00116551
-0.0136059
-0.000650672
-0.0138528
-6.94515e-05
-0.0141251
0.000556408
-0.0144411
0.00119237
-0.0148449
0.00176251
0.00217087
-0.00152012
-0.020685
-0.00469069
-0.0129649
-0.00770905
-0.00979834
-0.010259
-0.00753943
-0.0123121
-0.00619996
-0.013916
-0.00540633
-0.0151546
-0.00492255
-0.0161099
-0.0045992
-0.0168496
-0.00435139
-0.0174266
-0.00412902
-0.0178807
-0.00390673
-0.0182343
-0.0036895
-0.0184964
-0.00349308
-0.0186764
-0.00331439
-0.0187928
-0.00314069
-0.0188668
-0.00296979
-0.0189125
-0.00281593
-0.0189356
-0.0026888
-0.0189427
-0.00256936
-0.0189488
-0.00241655
-0.0189748
-0.00219251
-0.0190372
-0.00188033
-0.0191405
-0.00148204
-0.0192776
-0.00100756
-0.0194361
-0.00046653
-0.0196089
0.000133388
-0.0198093
0.000791057
-0.0200726
0.00149381
-0.0204433
0.00217467
0.00269588
-0.00335592
-0.0173295
-0.00798879
-0.00833326
-0.0119903
-0.00579964
-0.0150653
-0.00446908
-0.0173725
-0.00389945
-0.0190779
-0.0037098
-0.0203389
-0.00367249
-0.0212868
-0.00366426
-0.0220138
-0.00363919
-0.0225851
-0.00357407
-0.0230505
-0.00345874
-0.0234346
-0.00332365
-0.0237374
-0.00320894
-0.0239604
-0.00310962
-0.024125
-0.00299319
-0.0242582
-0.00285163
-0.0243703
-0.00271609
-0.0244543
-0.00261355
-0.0245046
-0.00252356
-0.0245331
-0.00238789
-0.0245646
-0.00215611
-0.024618
-0.00181687
-0.0246957
-0.00138924
-0.0247865
-0.00089673
-0.0248792
-0.000349041
-0.0249797
0.000263158
-0.0251174
0.000962224
-0.0253359
0.00174962
-0.0256734
0.00255298
0.00317855
-0.006337
-0.0109928
-0.0126388
-0.00203267
-0.0173758
-0.00106528
-0.0206763
-0.00117291
-0.0229425
-0.00163953
-0.0245039
-0.00215661
-0.025604
-0.00258266
-0.0264186
-0.00286183
-0.0270457
-0.00302616
-0.0275419
-0.00309344
-0.0279659
-0.00305162
-0.0283446
-0.0029628
-0.0286587
-0.00291321
-0.0288924
-0.0028941
-0.0290719
-0.00283072
-0.0292387
-0.00269995
-0.0294009
-0.00256639
-0.0295313
-0.0024922
-0.0296053
-0.00245455
-0.0296317
-0.00236194
-0.0296447
-0.00213874
-0.0296708
-0.00178137
-0.0297111
-0.00133456
-0.0297499
-0.000838728
-0.0297767
-0.00029823
-0.0298069
0.000321903
-0.0298835
0.00107147
-0.0300584
0.00196112
-0.0303631
0.00289777
0.00362546
-0.0120503
0.00105719
-0.0198136
0.0057294
-0.0245596
0.00367819
-0.0272485
0.00151171
-0.0288481
-4.5986e-05
-0.0299147
-0.00109786
-0.0306385
-0.00186862
-0.0311911
-0.00232081
-0.0316467
-0.00258405
-0.0320049
-0.00275027
-0.0323404
-0.00273243
-0.0326979
-0.00262278
-0.0330169
-0.0026121
-0.0332412
-0.00268762
-0.0334069
-0.00268186
-0.0335911
-0.0025308
-0.0338038
-0.00236617
-0.0339831
-0.00232211
-0.0340707
-0.00237219
-0.0340727
-0.00236082
-0.0340451
-0.0021624
-0.0340307
-0.00178704
-0.0340288
-0.00132274
-0.0340149
-0.000833962
-0.0339752
-0.000314668
-0.0339319
0.000306312
-0.0339428
0.00111428
-0.0340719
0.00212607
-0.0343466
0.00321178
0.00404695
-0.019891
0.0209477
-0.0276527
0.0134897
-0.0326142
0.00863704
-0.0339482
0.00284142
-0.0343037
0.000303632
-0.0348061
-0.000603099
-0.035065
-0.00161909
-0.035255
-0.00214201
-0.0355247
-0.00232732
-0.0357045
-0.00258498
-0.035913
-0.0025398
-0.0362665
-0.00228612
-0.0366211
-0.00227501
-0.0368254
-0.00250059
-0.0369391
-0.0025846
-0.0371273
-0.00235743
-0.0374097
-0.00209605
-0.0376589
-0.00208199
-0.0377553
-0.00228112
-0.0377033
-0.00241383
-0.0376064
-0.00225572
-0.0375384
-0.00184675
-0.0374932
-0.00135472
-0.0374287
-0.000880469
-0.0373198
-0.000400941
-0.0371938
0.000207362
-0.0371287
0.00108033
-0.0372083
0.00224075
-0.0374607
0.00350271
0.00445398
0.207313
0.00766193
0.20679
0.0122185
0.206103
0.0164341
0.205253
0.0205415
0.204241
0.0246136
0.203066
0.0287043
0.201727
0.0328573
0.20022
0.0371107
0.198541
0.0415033
0.196688
0.0460689
0.194659
0.0508442
0.192449
0.0558722
0.19005
0.0612
0.187451
0.0668796
0.184645
0.072976
0.181647
0.079533
0.178469
0.0865966
0.175108
0.0942631
0.171582
0.102636
0.167912
0.111832
0.164146
0.121987
0.160384
0.133175
0.156755
0.145514
0.15344
0.159216
0.150727
0.174428
0.149051
0.191232
0.149046
0.209815
0.152142
0.230717
0.163983
0.251601
0.267034
0.272159
0.212353
0.00799594
0.211859
0.0127171
0.211217
0.0170848
0.210427
0.0213443
0.209488
0.0255681
0.208401
0.0298072
0.207169
0.0341062
0.205787
0.0385076
0.204256
0.0430481
0.202577
0.0477584
0.200749
0.0526789
0.198769
0.0578559
0.196634
0.0633349
0.194345
0.0691645
0.191923
0.0753924
0.18939
0.0820566
0.186763
0.0892132
0.18407
0.0969455
0.181357
0.105337
0.178692
0.114485
0.176208
0.124459
0.174082
0.135286
0.172541
0.147041
0.171949
0.159797
0.172861
0.173507
0.176114
0.187972
0.183132
0.202794
0.196716
0.217131
0.218609
0.229707
0.244136
0.241508
0.217518
0.00830832
0.217061
0.0131781
0.21647
0.0176835
0.215746
0.0220794
0.214891
0.0264375
0.213907
0.0308073
0.212796
0.0352342
0.211558
0.0397617
0.210197
0.0444231
0.208716
0.0492517
0.207112
0.0542905
0.205391
0.0595827
0.20356
0.0651664
0.201642
0.0710808
0.199664
0.0773657
0.197654
0.0840592
0.195645
0.0912132
0.193693
0.0988877
0.191875
0.107143
0.190311
0.116038
0.189174
0.125584
0.188673
0.135773
0.189098
0.146602
0.190869
0.158015
0.194529
0.169838
0.200733
0.181761
0.210193
0.19333
0.223446
0.203875
0.239613
0.21354
0.222102
0.261648
0.222811
0.00859541
0.222396
0.0135965
0.221862
0.0182239
0.221213
0.022738
0.220453
0.0272106
0.219585
0.0316914
0.218611
0.0362255
0.217535
0.040854
0.216363
0.04561
0.215097
0.0505299
0.213745
0.0556529
0.212318
0.0610153
0.210839
0.0666484
0.209335
0.072585
0.207837
0.0788601
0.206385
0.0855053
0.205033
0.0925577
0.203856
0.100056
0.202956
0.108033
0.202479
0.116504
0.202602
0.125449
0.203543
0.134818
0.205592
0.144538
0.209104
0.15449
0.21447
0.164463
0.222081
0.174143
0.232265
0.183142
0.245195
0.190943
0.261359
0.197375
0.201075
0.282385
0.228235
0.00885413
0.227866
0.0139676
0.227397
0.0186982
0.226833
0.0233112
0.226177
0.0278776
0.225436
0.0324475
0.224613
0.0370649
0.223715
0.0417688
0.222748
0.0465927
0.22172
0.0515709
0.220646
0.0567377
0.219545
0.0621232
0.218444
0.0677539
0.217374
0.0736563
0.216377
0.0798559
0.215503
0.0863751
0.214818
0.0932357
0.214412
0.100455
0.214397
0.108038
0.214922
0.11597
0.21616
0.124201
0.218312
0.132652
0.221621
0.141215
0.226356
0.149742
0.232794
0.158014
0.241195
0.165734
0.251747
0.172584
0.264519
0.178168
0.279654
0.182238
0.183891
0.296836
0.233792
0.00908114
0.233475
0.014286
0.233078
0.0190994
0.232606
0.0237903
0.232066
0.028429
0.231462
0.0330646
0.230802
0.0377401
0.230095
0.0424924
0.22935
0.0473537
0.228579
0.052355
0.227803
0.0575256
0.227045
0.0628899
0.226336
0.0684687
0.225713
0.074281
0.225226
0.0803431
0.224932
0.0866665
0.224905
0.0932578
0.225238
0.100115
0.226047
0.107221
0.22747
0.114538
0.229664
0.121997
0.232796
0.129509
0.237053
0.136945
0.242646
0.144137
0.249764
0.150886
0.258534
0.156955
0.269004
0.162108
0.281088
0.16608
0.294641
0.168682
0.169174
0.309355
0.239486
0.00927301
0.239225
0.0145467
0.238906
0.019421
0.238536
0.0241675
0.238119
0.0288552
0.237664
0.0335322
0.237179
0.0382394
0.236676
0.0430115
0.236166
0.0478788
0.235667
0.0528679
0.235202
0.058003
0.234798
0.063303
0.234491
0.0687828
0.234321
0.0744538
0.234343
0.0803228
0.234617
0.0863908
0.23522
0.0926509
0.236244
0.0990856
0.237797
0.105662
0.240002
0.112325
0.242988
0.119002
0.24689
0.125596
0.251859
0.131965
0.258033
0.137952
0.265508
0.143402
0.274316
0.148139
0.28443
0.151988
0.295728
0.154777
0.308046
0.156361
0.156063
0.321154
0.245321
0.00942635
0.24512
0.0147448
0.244886
0.0196568
0.244623
0.0244352
0.244339
0.0291478
0.244043
0.0338406
0.243743
0.0385524
0.243454
0.0433153
0.243191
0.0481565
0.242974
0.0530988
0.242829
0.0581608
0.242786
0.063356
0.242882
0.0686935
0.243163
0.0741774
0.243682
0.0798061
0.244501
0.085571
0.245695
0.0914544
0.247349
0.0974274
0.249559
0.103447
0.252426
0.109451
0.256055
0.115364
0.26056
0.121082
0.266041
0.126474
0.272565
0.131418
0.280166
0.135792
0.288837
0.13946
0.298521
0.142297
0.309101
0.144191
0.320415
0.145042
0.144261
0.332214
0.251298
0.00953788
0.251163
0.0148757
0.251019
0.0198011
0.25087
0.0245869
0.250726
0.0292991
0.250596
0.0339816
0.25049
0.0386704
0.250424
0.0433949
0.250416
0.0481788
0.250488
0.0530407
0.250667
0.0579943
0.250986
0.063048
0.251482
0.068205
0.252202
0.0734628
0.253198
0.0788128
0.25453
0.0842392
0.256267
0.089716
0.258485
0.095207
0.261263
0.100664
0.264682
0.106026
0.268829
0.11121
0.273786
0.116116
0.279604
0.120647
0.286308
0.124705
0.293902
0.128189
0.302355
0.131001
0.311594
0.133052
0.321506
0.134273
0.331936
0.134606
0.133546
0.342647
0.257423
0.00960459
0.257357
0.0149352
0.257307
0.0198488
0.257279
0.0246168
0.25728
0.0293028
0.257322
0.0339485
0.257417
0.0385868
0.25758
0.0432442
0.257832
0.0479405
0.258195
0.0526906
0.258698
0.0575035
0.259373
0.0623831
0.26026
0.0673271
0.261401
0.0723278
0.262847
0.0773706
0.264653
0.0824343
0.26688
0.0874884
0.269593
0.0924929
0.272855
0.0973985
0.276729
0.102147
0.281279
0.106654
0.286556
0.110833
0.292581
0.114614
0.299355
0.117924
0.306861
0.120676
0.315052
0.122804
0.323849
0.124248
0.333147
0.12497
0.342808
0.124939
0.123724
0.352626
0.263696
0.0096237
0.263703
0.0149197
0.263752
0.0197956
0.263848
0.02452
0.264001
0.029154
0.26422
0.0337364
0.264519
0.0382973
0.264915
0.0428597
0.265427
0.0474402
0.26608
0.0520497
0.266902
0.0566933
0.267925
0.0613705
0.269186
0.0660751
0.270725
0.0707949
0.272589
0.0755114
0.274826
0.0801995
0.277489
0.0848266
0.280628
0.0893524
0.284296
0.0937289
0.288537
0.0979025
0.293391
0.101795
0.298887
0.105332
0.305026
0.108469
0.311794
0.111149
0.31916
0.113305
0.327069
0.114889
0.335444
0.115867
0.344189
0.11622
0.353187
0.115936
0.114644
0.362263
0.270123
0.00959279
0.270205
0.014826
0.270356
0.0196381
0.27058
0.0242931
0.270887
0.0288492
0.271286
0.0333424
0.271791
0.0377996
0.27242
0.0422409
0.273191
0.0466794
0.274129
0.0511225
0.275261
0.055572
0.276617
0.0600239
0.278232
0.0644686
0.280143
0.068891
0.28239
0.0732702
0.285013
0.0775791
0.288057
0.081785
0.29156
0.0858491
0.295561
0.0897269
0.30009
0.0933709
0.305169
0.0967132
0.310806
0.0996912
0.316991
0.102279
0.323701
0.104434
0.330897
0.106104
0.338522
0.107259
0.346504
0.10788
0.354757
0.107962
0.363182
0.107506
0.10619
0.371631
0.276706
0.00950985
0.276866
0.0146518
0.277121
0.0193738
0.277475
0.0239335
0.277937
0.0283864
0.278517
0.0327652
0.279229
0.0370941
0.280087
0.0413899
0.281113
0.0456627
0.282328
0.0499171
0.283758
0.0541518
0.28543
0.0583602
0.287376
0.0625306
0.289628
0.0666458
0.29222
0.0706838
0.295185
0.0746176
0.298557
0.0784155
0.302365
0.0820418
0.306635
0.0854565
0.311388
0.0886169
0.316628
0.0914711
0.322345
0.0939717
0.328526
0.0960956
0.335144
0.0978129
0.342155
0.0990889
0.349504
0.0999059
0.357125
0.100256
0.364941
0.100142
0.37287
0.0995724
0.0982699
0.380788
0.283448
0.00937331
0.283687
0.0143953
0.284048
0.0190009
0.284534
0.0234401
0.285152
0.027765
0.285912
0.0320056
0.286827
0.0361829
0.287911
0.0403109
0.289184
0.0443972
0.290665
0.0484437
0.292378
0.052447
0.294347
0.0563987
0.296599
0.0602854
0.299162
0.0640894
0.302062
0.0677888
0.305326
0.0713575
0.308978
0.0747663
0.313038
0.0779832
0.317521
0.0809735
0.322438
0.0836998
0.327783
0.0861256
0.333536
0.0882172
0.33968
0.0899501
0.346185
0.0913051
0.353007
0.0922636
0.360094
0.092816
0.367385
0.0929617
0.374815
0.0927086
0.382314
0.0920698
0.0908043
0.389777
0.290353
0.00918194
0.290673
0.0140553
0.291139
0.0185188
0.291756
0.0228127
0.292529
0.026986
0.293467
0.0310657
0.294581
0.03507
0.295885
0.0390104
0.297395
0.0428921
0.29913
0.0467151
0.301109
0.0504743
0.303354
0.0541602
0.305886
0.0577589
0.308728
0.0612528
0.311901
0.0646209
0.315422
0.0678392
0.31931
0.0708815
0.323575
0.0737199
0.328224
0.0763253
0.333255
0.0786685
0.338659
0.0807215
0.344417
0.082459
0.350503
0.0838632
0.356884
0.084922
0.36352
0.0856263
0.37036
0.085973
0.377353
0.0859666
0.38444
0.0856181
0.391564
0.0849423
0.0837301
0.398636
0.297425
0.00893489
0.297825
0.0136316
0.298397
0.0179276
0.299144
0.0220524
0.30007
0.0260517
0.301181
0.0299494
0.302488
0.0337614
0.304002
0.0374966
0.305739
0.0411585
0.307712
0.0447457
0.309939
0.0482519
0.312437
0.0516671
0.315223
0.0549775
0.318313
0.0581665
0.321723
0.0612145
0.325465
0.0641003
0.329548
0.0668008
0.333976
0.0692925
0.338751
0.0715519
0.343862
0.0735571
0.349297
0.0752869
0.355035
0.076722
0.361046
0.0778514
0.367298
0.0786688
0.373752
0.0791707
0.380364
0.0793593
0.387086
0.0792418
0.393871
0.0788311
0.400667
0.0781426
0.0769944
0.407401
0.304667
0.00863174
0.305146
0.0131243
0.305824
0.0172284
0.306698
0.0211614
0.307772
0.0249655
0.309052
0.0286621
0.310544
0.0322643
0.312259
0.0357793
0.314209
0.0392092
0.316405
0.0425512
0.31886
0.0457988
0.321588
0.0489418
0.324602
0.0519672
0.327912
0.0548595
0.331527
0.0576014
0.335455
0.0601742
0.339699
0.0625585
0.344257
0.0647351
0.349123
0.0666854
0.354287
0.0683937
0.35973
0.0698442
0.36543
0.071023
0.371357
0.071924
0.377479
0.0725454
0.383761
0.0728878
0.390162
0.0729564
0.396641
0.0727604
0.403157
0.0723132
0.409667
0.0716299
0.0705528
0.416106
0.312082
0.00827244
0.312641
0.0125344
0.313421
0.016423
0.31442
0.0201427
0.315638
0.0237321
0.317079
0.0272099
0.318748
0.0305871
0.320653
0.0338693
0.322802
0.0370573
0.325205
0.0401478
0.32787
0.0431339
0.330806
0.0460061
0.334022
0.0487523
0.337524
0.0513585
0.341317
0.0538098
0.345401
0.0560903
0.349776
0.0581841
0.354435
0.0600758
0.359368
0.0617512
0.364562
0.0631998
0.369996
0.0644103
0.375646
0.0653728
0.381485
0.0660849
0.387481
0.0665482
0.393601
0.0667662
0.39981
0.0667457
0.406071
0.066497
0.412348
0.0660333
0.418606
0.065369
0.0643673
0.424789
0.319676
0.00785726
0.320312
0.011863
0.321192
0.0155139
0.322311
0.0190001
0.323668
0.0223568
0.325263
0.0256001
0.3271
0.0287391
0.329183
0.031778
0.331519
0.0347166
0.334111
0.0375513
0.336967
0.0402756
0.340091
0.0428805
0.343487
0.0453552
0.347157
0.0476875
0.351101
0.0498647
0.355316
0.0518737
0.359797
0.0537018
0.364534
0.0553371
0.369514
0.0567692
0.374721
0.0579915
0.380135
0.0589965
0.38573
0.059777
0.39148
0.0603339
0.397356
0.0606709
0.403327
0.0607933
0.409362
0.0607088
0.415428
0.060428
0.421495
0.0599634
0.427532
0.0593287
0.0584052
0.433491
0.327451
0.0073867
0.328163
0.0111119
0.32914
0.0145039
0.330375
0.0177379
0.331864
0.0208454
0.333606
0.0238403
0.335601
0.0267297
0.337851
0.0295166
0.340359
0.0322004
0.343126
0.0347773
0.346155
0.0372412
0.349447
0.039584
0.353003
0.0417961
0.356819
0.0438675
0.360894
0.0457873
0.365219
0.0475452
0.369786
0.0491311
0.374584
0.0505364
0.379596
0.0517535
0.384805
0.0527792
0.390192
0.0536087
0.39573
0.0542372
0.401395
0.0546673
0.407159
0.0549046
0.412995
0.054955
0.418873
0.0548269
0.424767
0.0545305
0.430649
0.0540776
0.436494
0.0534805
0.052637
0.442259
0.335412
0.00686142
0.336199
0.0102829
0.33727
0.0133962
0.338616
0.0163607
0.340231
0.0192042
0.342112
0.0219382
0.344255
0.0245683
0.346661
0.0270964
0.349327
0.0295216
0.352255
0.0318401
0.355441
0.0340464
0.358884
0.0361333
0.362581
0.0380927
0.366527
0.0399162
0.370713
0.041595
0.375132
0.0431211
0.379771
0.0444868
0.384616
0.045686
0.38965
0.0467136
0.394856
0.0475689
0.400213
0.048249
0.405696
0.0487509
0.411282
0.0490784
0.416945
0.049238
0.42266
0.0492362
0.428402
0.0490812
0.434146
0.0487825
0.439868
0.048351
0.445546
0.0477978
0.0470351
0.451144
0.343564
0.00628211
0.344423
0.00937801
0.345585
0.0121941
0.347038
0.0148731
0.348773
0.0174393
0.350784
0.0199016
0.353067
0.0222641
0.355617
0.0245281
0.358431
0.0266921
0.361505
0.0287528
0.364835
0.0307051
0.368415
0.0325429
0.372238
0.0342596
0.376298
0.035848
0.380583
0.0373015
0.385082
0.0386137
0.389782
0.0397793
0.394666
0.0407939
0.399717
0.0416545
0.404917
0.0423621
0.410246
0.0429155
0.41568
0.0433124
0.421196
0.0435577
0.426771
0.0436582
0.432382
0.0436204
0.438006
0.043452
0.443621
0.0431618
0.449206
0.0427596
0.454743
0.042255
0.0415735
0.4602
0.351912
0.0056493
0.352841
0.00839874
0.354091
0.0109003
0.355646
0.0132797
0.357495
0.0155567
0.35963
0.0177377
0.362043
0.0198257
0.364729
0.0218212
0.367679
0.0237226
0.370888
0.0255267
0.374349
0.0272292
0.378054
0.0288249
0.381992
0.0303083
0.386155
0.0316739
0.390528
0.0329165
0.3951
0.0340313
0.399854
0.0350147
0.404773
0.0358638
0.40984
0.0365771
0.415036
0.0371567
0.420343
0.0376024
0.425736
0.0379128
0.431194
0.0380931
0.436696
0.03815
0.44222
0.0380896
0.447746
0.037919
0.453254
0.0376463
0.458727
0.0372798
0.464147
0.0368279
0.0362276
0.469486
0.36046
0.00496314
0.361459
0.00734614
0.362794
0.00951744
0.364447
0.0115844
0.366405
0.0135617
0.368657
0.0154533
0.371193
0.0172609
0.374005
0.0189843
0.377083
0.0206221
0.380418
0.0221713
0.384
0.0236281
0.38782
0.0249884
0.391865
0.0262476
0.396122
0.0274014
0.400578
0.0284461
0.405217
0.0293781
0.410023
0.030195
0.414978
0.0308952
0.420064
0.0314781
0.425262
0.0319466
0.430555
0.032301
0.435919
0.0325405
0.441333
0.0326701
0.446778
0.0326962
0.452235
0.0326244
0.457684
0.0324612
0.463108
0.0322133
0.468491
0.0318881
0.473817
0.0314927
0.0309748
0.479063
0.369215
0.00422292
0.370284
0.00621996
0.371703
0.00804708
0.373451
0.00979085
0.375512
0.0114593
0.377875
0.0130541
0.380528
0.014576
0.383459
0.0160245
0.386657
0.0173981
0.39011
0.018694
0.393808
0.019909
0.397736
0.0210397
0.401882
0.0220827
0.40623
0.0230346
0.410766
0.0238927
0.415472
0.0246545
0.420332
0.0253185
0.425327
0.0258839
0.430438
0.0263508
0.435647
0.0267223
0.440938
0.0269991
0.446287
0.0271806
0.451675
0.0272715
0.457082
0.0272776
0.462492
0.0272038
0.467887
0.0270556
0.47325
0.0268389
0.478568
0.0265596
0.483827
0.0262238
0.0257887
0.489004
0.378183
0.00342599
0.379325
0.00501764
0.380827
0.00649012
0.382666
0.00790242
0.384827
0.00925418
0.387296
0.0105455
0.390059
0.011777
0.393104
0.0129479
0.396416
0.0140564
0.399982
0.0151001
0.40379
0.0160763
0.407823
0.0169824
0.412067
0.0178157
0.416506
0.0185739
0.421123
0.0192548
0.425901
0.0198569
0.43082
0.0203793
0.435863
0.0208216
0.441009
0.0211844
0.446244
0.0214706
0.451547
0.0216811
0.456899
0.0218154
0.46228
0.0218776
0.467672
0.0218727
0.473058
0.0218047
0.478422
0.0216783
0.48375
0.0214981
0.489028
0.0212691
0.494244
0.0209962
0.0206456
0.499376
0.387375
0.00256481
0.388596
0.00373275
0.390182
0.0048456
0.392112
0.00592012
0.394371
0.00694819
0.396943
0.00793059
0.399813
0.00886785
0.402967
0.00975865
0.406389
0.0106011
0.410066
0.011393
0.413981
0.0121326
0.418118
0.0128177
0.422462
0.0134464
0.426994
0.014017
0.431696
0.014528
0.436551
0.0149786
0.441539
0.0153682
0.446641
0.0156967
0.451838
0.0159648
0.457114
0.016175
0.46245
0.016328
0.467825
0.0164237
0.473222
0.0164652
0.478623
0.0164566
0.484011
0.0164009
0.489372
0.0163017
0.494693
0.0161626
0.49996
0.0159872
0.505163
0.0157792
0.0155129
0.510283
0.396811
0.00161599
0.398114
0.00236294
0.399779
0.00311938
0.401796
0.00384855
0.404148
0.0045452
0.40682
0.00521294
0.409794
0.00585151
0.413055
0.00645888
0.416587
0.00703318
0.420374
0.00757285
0.424398
0.00807644
0.428643
0.00854251
0.433091
0.00896976
0.437723
0.00935704
0.44252
0.00970346
0.447464
0.0100084
0.452534
0.0102717
0.457712
0.0104934
0.462977
0.0106739
0.468314
0.0108152
0.473704
0.0109179
0.479128
0.0109817
0.484566
0.0110091
0.490002
0.0110027
0.49542
0.0109648
0.500807
0.0108978
0.506148
0.0108042
0.511432
0.0106867
0.516647
0.0105478
0.0103704
0.521775
0.406573
0.000480397
0.407959
0.00090707
0.409702
0.00131332
0.411802
0.00169083
0.414242
0.00205226
0.417005
0.00240136
0.420075
0.0027367
0.423436
0.00305638
0.427071
0.0033591
0.430964
0.0036439
0.435096
0.00390993
0.439449
0.00415638
0.444005
0.00438254
0.448744
0.00458778
0.453645
0.00477164
0.458691
0.00493383
0.463859
0.00507424
0.469131
0.00519294
0.474487
0.00529022
0.479909
0.00536706
0.485381
0.00542388
0.490881
0.0054606
0.496391
0.00547838
0.501895
0.00547872
0.507377
0.00546281
0.512823
0.0054319
0.518221
0.00538731
0.523559
0.00533036
0.528826
0.00526231
0.00517491
0.534005
0.415724
0.41656
0.417808
0.419439
0.421436
0.423787
0.426477
0.42949
0.432808
0.436414
0.440287
0.444409
0.448758
0.453313
0.458052
0.462955
0.467998
0.473161
0.47842
0.48376
0.489159
0.494597
0.500054
0.50551
0.510951
0.516362
0.521728
0.527038
0.532281
0.537438
0.161695
0.110464
0.0797439
0.0819513
0.0587406
0.0210031
0.234849
0.117123
0.216816
0.0999843
0.0854273
0.190129
0.270333
0.108438
0.269332
0.100985
0.0944045
0.260354
0.290652
0.100171
0.294581
0.0970555
0.0946393
0.294346
0.304763
0.092243
0.310941
0.0908769
0.0904133
0.315166
0.316796
0.0848008
0.323556
0.0841162
0.0844799
0.329488
0.327866
0.0780865
0.334328
0.0776532
0.0782763
0.340531
0.338234
0.0720633
0.34416
0.0717256
0.0723699
0.350066
0.348094
0.0666131
0.353494
0.0663247
0.0669191
0.358943
0.3576
0.061636
0.362538
0.0613846
0.0619181
0.367536
0.366844
0.0570522
0.371392
0.0568343
0.0573111
0.375996
0.375883
0.0527976
0.380104
0.0526103
0.0530367
0.384376
0.384761
0.0488209
0.388708
0.0486612
0.0490429
0.392699
0.393514
0.0450805
0.397228
0.0449453
0.045287
0.400982
0.402171
0.0415426
0.405686
0.0414291
0.0417347
0.409236
0.410761
0.0381795
0.414104
0.0380849
0.0383581
0.417479
0.419316
0.0349677
0.42251
0.0348894
0.0351329
0.425734
0.427867
0.0318876
0.430932
0.0318232
0.0320396
0.434025
0.436454
0.0289223
0.439407
0.0288698
0.0290619
0.442384
0.445122
0.0260563
0.447978
0.0260135
0.026182
0.450858
0.453921
0.0232757
0.456693
0.0232409
0.023386
0.459489
0.462905
0.020567
0.465606
0.0205393
0.0206644
0.468327
0.472132
0.0179174
0.474774
0.017896
0.0180047
0.477433
0.48166
0.0153157
0.484255
0.0152989
0.0153915
0.486868
0.491564
0.01275
0.494124
0.0127366
0.0128129
0.496702
0.501915
0.0102053
0.504454
0.0101943
0.0102546
0.507011
0.512812
0.00766977
0.515341
0.00766105
0.00770633
0.517888
0.524313
0.00512437
0.526851
0.00511762
0.00514693
0.529408
0.53656
0.00256111
0.539115
0.00255639
0.00257065
0.541688
0.53999
0.54254
0.545107
-0.0179647
0.0599149
-0.0400334
0.0355569
-0.0459601
0.0145607
-0.0414406
-0.0016825
-0.0394505
-0.00169252
-0.0405828
0.000521426
-0.0403122
-0.00189929
-0.0396757
-0.00278984
-0.0398927
-0.00212338
-0.0399587
-0.00253361
-0.0399772
-0.0025372
-0.0403857
-0.00189467
-0.0408795
-0.00179868
-0.041062
-0.00233551
-0.0410529
-0.00261024
-0.0412352
-0.00219001
-0.0416564
-0.00168724
-0.0420458
-0.00170186
-0.0421582
-0.0021742
-0.0420003
-0.00257283
-0.0417852
-0.00246727
-0.0416496
-0.00197408
-0.0415657
-0.00142535
-0.0414528
-0.000975277
-0.0412626
-0.000568338
-0.0410276
-2.5187e-07
-0.0408606
0.000944978
-0.0408851
0.00230079
-0.041139
0.00379582
0.00489245
0.127636
0.122407
0.0755944
0.0875965
0.027108
0.063044
-0.0144299
0.0398508
-0.0382164
0.0220879
-0.0445738
0.00687095
-0.0417821
-0.00470055
-0.0404471
-0.00413621
-0.0423996
-0.000183961
-0.042885
-0.00206295
-0.042217
-0.00322104
-0.0427072
-0.00142127
-0.0435967
-0.000926337
-0.0437894
-0.00215981
-0.043506
-0.00290976
-0.043627
-0.0020835
-0.0443194
-0.001007
-0.0449749
-0.0010553
-0.0451057
-0.00204865
-0.0447365
-0.00294309
-0.0443191
-0.00288106
-0.0441108
-0.00217402
-0.0440118
-0.00151109
-0.0438646
-0.00110441
-0.043584
-0.000826182
-0.0432064
-0.000350435
-0.0428989
0.000669094
-0.0428549
0.00229239
-0.0431361
0.00411633
0.00540131
0.225831
0.15693
0.186168
0.127258
0.147328
0.10188
0.107692
0.0794824
0.0691029
0.0606707
0.0295114
0.0464546
-0.00799441
0.0327956
-0.0327807
0.0206386
-0.0425433
0.00956552
-0.0425893
-0.00203164
-0.0398592
-0.00596732
-0.0420576
0.000760057
-0.0445813
0.00158032
-0.0451547
-0.00160287
-0.044198
-0.00388201
-0.0441353
-0.00216028
-0.0454731
0.000319239
-0.0466416
0.000104717
-0.0468017
-0.00189342
-0.0460245
-0.00372096
-0.045257
-0.00364471
-0.045023
-0.00239953
-0.0449866
-0.00153419
-0.044842
-0.0012308
-0.0444646
-0.00118078
-0.0438961
-0.000891615
-0.0433861
0.000190818
-0.0432583
0.00220026
-0.0436252
0.0045227
0.00608425
0.280576
0.170699
0.257669
0.150163
0.230209
0.129337
0.199635
0.110052
0.1677
0.0925993
0.136732
0.077414
0.105934
0.0635846
0.075685
0.0508757
0.0453324
0.039905
0.0113436
0.0319426
-0.0178617
0.0232219
-0.0338454
0.0167264
-0.04104
0.00875719
-0.041552
-0.00110747
-0.0393735
-0.00607557
-0.0406562
-0.000890843
-0.0438956
0.00354777
-0.0462093
0.00241052
-0.0465232
-0.00158372
-0.0449463
-0.005298
-0.0436433
-0.00494354
-0.0437006
-0.00233341
-0.0439572
-0.00126405
-0.0439
-0.00126966
-0.0434443
-0.00161361
-0.042636
-0.00167247
-0.0418258
-0.00058764
-0.0416033
0.00201355
-0.0421722
0.00513113
0.00714345
0.313976
0.171889
0.30425
0.159886
0.288351
0.145233
0.268164
0.130234
0.245188
0.115568
0.220817
0.101777
0.19543
0.0889623
0.16927
0.0770232
0.142959
0.0662036
0.117857
0.0570309
0.0926178
0.0484451
0.0691076
0.0402198
0.0456442
0.0322027
0.0181294
0.02639
-0.0088395
0.0208778
-0.0268723
0.017129
-0.0358517
0.0125169
-0.0394531
0.00600503
-0.038897
-0.00214315
-0.0367246
-0.00746994
-0.0367786
-0.0048848
-0.038681
-0.00042176
-0.0398336
-9.75477e-05
-0.0401388
-0.000945915
-0.0398337
-0.00189557
-0.0388352
-0.00264344
-0.0375541
-0.00183698
-0.0372846
0.00177991
-0.0382947
0.00618086
0.0089622
0.335445
0.165931
0.334847
0.160482
0.328477
0.1516
0.317517
0.141189
0.303015
0.130065
0.285951
0.118833
0.267056
0.107847
0.24682
0.0972476
0.225773
0.0872376
0.204668
0.0781223
0.183436
0.0696627
0.162152
0.0614873
0.140615
0.0537233
0.119812
0.0471752
0.0991791
0.041495
0.0801552
0.0361391
0.0625126
0.0301491
0.0445767
0.0239344
0.0235634
0.0188677
0.00117039
0.0149245
-0.0152589
0.0115499
-0.0235435
0.00787269
-0.0279815
0.00435477
-0.030424
0.00151549
-0.031665
-0.000631305
-0.0308566
-0.00342405
-0.0290925
-0.00356913
-0.029415
0.00213829
-0.0314371
0.00824269
0.0122755
0.349885
0.156576
0.35495
0.155414
0.355497
0.151049
0.351932
0.144749
0.344819
0.137172
0.334799
0.128845
0.322477
0.12016
0.308332
0.111381
0.292812
0.102745
0.276441
0.0944805
0.259512
0.0865782
0.242076
0.0789076
0.22423
0.071554
0.206522
0.0648667
0.189172
0.0588304
0.172316
0.0529809
0.155559
0.0468952
0.138625
0.0408608
0.121894
0.0355965
0.105524
0.0312962
0.0896728
0.0274076
0.0741323
0.0234238
0.0587594
0.0197425
0.0435516
0.0167426
0.0284733
0.0144706
0.0120747
0.0130024
-0.00341654
0.0119542
-0.0136197
0.0123775
-0.0188092
0.013472
0.0187068
0.36053
0.14611
0.36859
0.147351
0.373581
0.146054
0.375384
0.142941
0.374137
0.138413
0.370136
0.132837
0.363745
0.126542
0.35532
0.119794
0.345224
0.112829
0.333851
0.105841
0.3215
0.0989158
0.308325
0.0920689
0.294483
0.0853813
0.280306
0.0790292
0.266083
0.0730387
0.251851
0.0672008
0.237398
0.061338
0.222641
0.0556105
0.207823
0.0504105
0.193199
0.0459225
0.178714
0.0418992
0.164057
0.038092
0.149121
0.0346943
0.133943
0.0319396
0.118598
0.0298403
0.103148
0.0284798
0.0873152
0.0278198
0.0718944
0.0278344
0.0570864
0.02832
0.0309688
0.369354
0.135697
0.378624
0.138078
0.386068
0.138606
0.391326
0.137677
0.394265
0.135467
0.39491
0.132184
0.393399
0.128044
0.389927
0.123254
0.384735
0.11801
0.378087
0.112478
0.370218
0.106772
0.361303
0.100971
0.35151
0.0951608
0.341073
0.089453
0.330206
0.083894
0.318969
0.0784261
0.307298
0.0730006
0.295177
0.0677248
0.282757
0.0628279
0.270226
0.0584545
0.257592
0.0545393
0.244701
0.0509941
0.231493
0.0479186
0.218
0.045453
0.204247
0.0436175
0.190328
0.0424268
0.176314
0.0418665
0.162386
0.0417994
0.148737
0.042009
0.0427502
0.377422
0.125808
0.38688
0.128616
0.395384
0.130098
0.402552
0.130503
0.408138
0.129875
0.412014
0.128301
0.414154
0.125895
0.41461
0.122788
0.413489
0.119119
0.410939
0.115017
0.407114
0.110587
0.402152
0.10592
0.396197
0.101105
0.389409
0.0962286
0.38194
0.0913525
0.373864
0.0864924
0.365191
0.0816661
0.355949
0.0769622
0.346244
0.0725314
0.336207
0.0684924
0.325884
0.0648692
0.315234
0.0616541
0.304257
0.0589115
0.293005
0.0567259
0.281534
0.0551138
0.269925
0.0540641
0.258304
0.0535208
0.246823
0.0533165
0.235711
0.053161
0.0530244
0.385235
0.116566
0.394396
0.11945
0.403125
0.121364
0.411122
0.1225
0.418144
0.122846
0.424009
0.122427
0.428608
0.121288
0.431892
0.119494
0.433871
0.11713
0.434593
0.114284
0.434133
0.111037
0.432574
0.107469
0.430009
0.103659
0.426543
0.0996837
0.422279
0.0956081
0.417283
0.0914797
0.411596
0.0873476
0.405261
0.0832932
0.398363
0.0794294
0.390999
0.0758591
0.383235
0.0726405
0.375093
0.0698064
0.36661
0.0674105
0.357853
0.0655024
0.348904
0.064088
0.339852
0.0631453
0.330808
0.0625977
0.321897
0.0622641
0.313252
0.0618469
0.0613818
0.392995
0.107944
0.401688
0.110752
0.410227
0.112819
0.418405
0.114315
0.426032
0.115213
0.43294
0.115511
0.438999
0.11522
0.444115
0.114368
0.448237
0.112999
0.45135
0.111163
0.453466
0.108912
0.454614
0.106312
0.454838
0.103426
0.454194
0.100319
0.452743
0.0970517
0.450535
0.0936813
0.44761
0.0902675
0.444015
0.0868864
0.439815
0.08363
0.43509
0.0805884
0.429909
0.0778296
0.424324
0.0754031
0.418395
0.0733555
0.412194
0.0717233
0.405801
0.0705057
0.399304
0.0696719
0.392798
0.0691371
0.386369
0.0687298
0.380056
0.0682006
0.0677115
0.400771
0.0998688
0.408977
0.102542
0.417166
0.104625
0.4252
0.106274
0.432943
0.107462
0.440266
0.10818
0.447054
0.108423
0.453212
0.108201
0.458666
0.107537
0.463366
0.106455
0.467286
0.104984
0.470417
0.103173
0.472765
0.101071
0.474349
0.0987284
0.475195
0.0961992
0.475333
0.0935383
0.474793
0.090805
0.473611
0.0880678
0.471839
0.0854046
0.46954
0.0828931
0.466778
0.0806003
0.463614
0.0785794
0.460113
0.0768731
0.456348
0.0755088
0.452392
0.0744865
0.448317
0.0737762
0.444193
0.0732939
0.440068
0.0728915
0.435933
0.0723766
0.0720327
0.408582
0.0922657
0.416339
0.0947813
0.424143
0.0968154
0.431903
0.0985085
0.439523
0.0998364
0.446906
0.100788
0.453964
0.101357
0.460616
0.10154
0.466794
0.101351
0.47244
0.100802
0.477509
0.0999092
0.481972
0.098704
0.485813
0.0972242
0.489025
0.0955099
0.491614
0.0936056
0.49359
0.0915597
0.494968
0.0894254
0.495775
0.0872624
0.496047
0.0851365
0.495832
0.0831143
0.495186
0.0812565
0.494165
0.0796137
0.492831
0.0782248
0.491247
0.0771135
0.489479
0.0762803
0.487587
0.0756977
0.485613
0.075301
0.483562
0.0749795
0.481403
0.0745764
0.0744573
0.416433
0.0850673
0.423793
0.0874181
0.431234
0.0893705
0.438688
0.0910493
0.446086
0.0924324
0.453359
0.093509
0.460439
0.0942701
0.467261
0.0947107
0.473768
0.094837
0.479908
0.094656
0.485637
0.0941754
0.490919
0.0934175
0.495727
0.0924113
0.500044
0.0911883
0.503862
0.0897849
0.507179
0.0882418
0.509999
0.0866049
0.512339
0.0849251
0.514223
0.0832575
0.515688
0.0816582
0.516775
0.0801802
0.517534
0.0788691
0.518017
0.0777601
0.518278
0.0768747
0.518368
0.0762157
0.518333
0.075763
0.518198
0.0754691
0.517953
0.0752616
0.517541
0.0750291
0.0751804
0.424327
0.078219
0.431341
0.0804016
0.438455
0.0822525
0.445616
0.0838844
0.452771
0.0852731
0.459867
0.0864082
0.466851
0.0872801
0.473672
0.0878824
0.480285
0.0882182
0.486646
0.0882905
0.492716
0.0881023
0.49846
0.0876701
0.503851
0.087017
0.508869
0.0861681
0.513499
0.0851532
0.517735
0.0840064
0.521575
0.0827666
0.525028
0.0814764
0.52811
0.0801821
0.530846
0.0789309
0.533271
0.077768
0.535422
0.0767335
0.537342
0.0758593
0.539073
0.0751658
0.540656
0.0746591
0.542122
0.0743278
0.543483
0.074142
0.544726
0.0740563
0.545792
0.0740044
0.074426
0.432281
0.0716722
0.438993
0.0736877
0.445817
0.0754258
0.45271
0.0769882
0.45963
0.0783499
0.466533
0.0795005
0.473379
0.0804303
0.480124
0.0811318
0.486731
0.0816063
0.493165
0.0818541
0.49939
0.0818746
0.505377
0.0816806
0.511102
0.0812906
0.516544
0.080725
0.52169
0.0800083
0.526529
0.0791692
0.531058
0.0782402
0.535283
0.0772574
0.539214
0.0762595
0.542869
0.0752863
0.546274
0.0743765
0.549459
0.073565
0.552457
0.0728807
0.555303
0.072344
0.558025
0.0719642
0.560645
0.0717386
0.563168
0.0716525
0.565579
0.0716834
0.56783
0.0717956
0.0724362
0.440313
0.0653842
0.446764
0.0672359
0.453331
0.0688575
0.459984
0.0703332
0.466687
0.071644
0.473405
0.0727793
0.480103
0.0737294
0.486744
0.0744862
0.493298
0.0750497
0.499732
0.0754182
0.506017
0.0755882
0.512128
0.0755695
0.518042
0.0753771
0.52374
0.0750274
0.52921
0.0745406
0.534442
0.0739406
0.539432
0.0732548
0.544183
0.0725137
0.548702
0.0717498
0.553004
0.0709968
0.557107
0.070288
0.561035
0.0696541
0.564816
0.0691215
0.568474
0.0687104
0.572032
0.0684335
0.575506
0.0682955
0.5789
0.0682937
0.582199
0.0684225
0.58537
0.0686676
0.0694666
0.448446
0.0593231
0.454671
0.0610114
0.461015
0.0625121
0.467456
0.063891
0.473965
0.0651337
0.480512
0.0662305
0.487067
0.0671723
0.493599
0.067951
0.500081
0.0685657
0.506486
0.0690132
0.512786
0.0692881
0.518959
0.0693975
0.524984
0.0693535
0.530845
0.069169
0.536529
0.0688605
0.542026
0.068448
0.547334
0.0679541
0.552451
0.0674046
0.557385
0.066827
0.562145
0.0662499
0.566747
0.0657021
0.571209
0.0652108
0.575552
0.0648001
0.579797
0.0644904
0.583962
0.0642968
0.58806
0.0642296
0.592094
0.064295
0.596057
0.0644991
0.599925
0.0648415
0.0657379
0.456721
0.0534607
0.462745
0.0549879
0.468897
0.0563604
0.475153
0.0576345
0.48149
0.0587962
0.487883
0.0598367
0.494306
0.0607477
0.500734
0.0615215
0.507142
0.0621572
0.513505
0.0626504
0.519801
0.0629943
0.526007
0.0631941
0.532104
0.0632593
0.538077
0.0632001
0.543913
0.0630296
0.549603
0.062764
0.555143
0.0624224
0.560532
0.0620261
0.565772
0.0615984
0.570873
0.0611637
0.575845
0.0607469
0.580704
0.0603721
0.585465
0.0600616
0.590146
0.0598353
0.594762
0.0597101
0.599324
0.0596998
0.603839
0.0598169
0.608303
0.0600746
0.612706
0.0604812
0.0614213
0.465183
0.0477679
0.471033
0.0491385
0.477016
0.0503785
0.48311
0.0515401
0.489297
0.0526096
0.495554
0.0535791
0.50186
0.054441
0.508193
0.0551883
0.51453
0.0558199
0.520852
0.0563312
0.527135
0.0567144
0.53336
0.0569732
0.539509
0.0571151
0.545566
0.0571478
0.55152
0.0570818
0.557362
0.0569302
0.563085
0.0567085
0.568688
0.0564345
0.574172
0.0561278
0.579542
0.0558091
0.584808
0.0554999
0.589979
0.0552216
0.59507
0.0549945
0.600094
0.0548379
0.605065
0.0547693
0.609993
0.0548048
0.614887
0.0549601
0.619749
0.0552527
0.624579
0.0556953
0.0566366
0.473877
0.0422196
0.479582
0.0434346
0.48542
0.044541
0.491377
0.0455842
0.497434
0.0465525
0.503575
0.0474388
0.509779
0.0482366
0.516028
0.0489394
0.522303
0.0495463
0.528585
0.0500524
0.534854
0.0504497
0.541092
0.0507407
0.547281
0.0509314
0.553408
0.0510276
0.55946
0.0510375
0.565428
0.0509714
0.571305
0.0508421
0.577088
0.0506642
0.582776
0.050454
0.588373
0.0502292
0.593884
0.050008
0.599318
0.0498094
0.604686
0.0496517
0.609998
0.0495531
0.615268
0.0495308
0.620505
0.0496018
0.625719
0.0497834
0.630918
0.0500946
0.636108
0.0505504
0.0514602
0.482862
0.0367916
0.488447
0.0378512
0.494166
0.0388224
0.500008
0.0397429
0.505958
0.0406028
0.512002
0.0413962
0.518121
0.0421176
0.5243
0.0427611
0.530522
0.0433258
0.536772
0.0438071
0.54303
0.0441972
0.549279
0.0444976
0.555504
0.0447132
0.561691
0.0448483
0.567828
0.0449091
0.573906
0.044904
0.579917
0.044843
0.585857
0.0447382
0.591723
0.0446031
0.597518
0.0444524
0.603244
0.0443018
0.608909
0.0441676
0.61452
0.0440662
0.620087
0.0440143
0.625622
0.0440282
0.631134
0.0441247
0.636634
0.0443211
0.642134
0.0446366
0.647644
0.0450865
0.0459408
0.492203
0.0314567
0.497692
0.0323629
0.503317
0.0331975
0.509069
0.0339919
0.514934
0.0347379
0.5209
0.0354307
0.526953
0.0360655
0.533078
0.0366373
0.53926
0.0371455
0.545486
0.0375858
0.551739
0.0379507
0.558002
0.0382412
0.564262
0.0384613
0.570505
0.0386141
0.57672
0.0387044
0.582896
0.0387386
0.589027
0.0387249
0.595107
0.0386729
0.601133
0.0385937
0.607105
0.0384995
0.613024
0.0384034
0.618896
0.0383193
0.624727
0.0382616
0.630526
0.0382451
0.636302
0.0382848
0.642066
0.0383963
0.64783
0.038596
0.653607
0.0389022
0.65941
0.0393295
0.0401074
0.501969
0.0261887
0.507389
0.0269435
0.512945
0.0276408
0.518631
0.0283065
0.524435
0.0289343
0.530346
0.0295203
0.536351
0.0300603
0.542439
0.0305504
0.548597
0.0309902
0.554812
0.0313759
0.561069
0.0317006
0.567352
0.0319652
0.573649
0.0321727
0.579947
0.0323254
0.586236
0.0324268
0.592504
0.032482
0.598745
0.0324974
0.604953
0.0324805
0.611124
0.0324403
0.617256
0.0323867
0.623351
0.0323304
0.629412
0.0322831
0.635444
0.032257
0.641454
0.0322646
0.647453
0.0323194
0.65345
0.0324352
0.65946
0.0326269
0.665494
0.032911
0.67157
0.0333012
0.0339889
0.512236
0.0209621
0.517612
0.0215661
0.523127
0.0221256
0.528772
0.0226609
0.534539
0.0231671
0.540418
0.0236411
0.546399
0.0240799
0.55247
0.0244803
0.55862
0.024842
0.564839
0.0251622
0.571112
0.0254348
0.577425
0.0256603
0.583765
0.0258412
0.590121
0.0259791
0.596483
0.0260765
0.60284
0.0261374
0.609185
0.0261665
0.615512
0.0261698
0.621816
0.0261541
0.628096
0.0261273
0.634351
0.0260979
0.640584
0.0260752
0.6468
0.0260692
0.653005
0.0260903
0.659209
0.0261497
0.665422
0.0262592
0.671658
0.0264316
0.677933
0.026681
0.684263
0.0270192
0.0275972
0.523097
0.0157501
0.528457
0.0162038
0.533957
0.0166244
0.539589
0.0170276
0.545345
0.0174095
0.551218
0.0177678
0.557197
0.0181003
0.563273
0.0184047
0.569436
0.0186811
0.575676
0.0189272
0.581979
0.0191383
0.588333
0.0193146
0.594725
0.019458
0.601145
0.0195695
0.607582
0.019651
0.614027
0.0197052
0.620472
0.0197358
0.626911
0.019747
0.63334
0.019744
0.639756
0.0197325
0.646158
0.0197189
0.652548
0.0197103
0.658932
0.0197143
0.665314
0.019739
0.671706
0.0197932
0.678116
0.0198864
0.684561
0.0200289
0.691054
0.0202326
0.697615
0.0205083
0.0209733
0.534632
0.0105223
0.540008
0.010825
0.545522
0.0111069
0.551171
0.0113769
0.556946
0.0116324
0.56284
0.0118722
0.568844
0.0120949
0.574949
0.0122991
0.581146
0.012485
0.587427
0.012651
0.593778
0.0127938
0.600187
0.0129134
0.606642
0.0130113
0.613134
0.013088
0.619651
0.0131448
0.626186
0.0131835
0.63273
0.0132064
0.639278
0.0132164
0.645823
0.0132169
0.652365
0.0132118
0.658902
0.0132054
0.665436
0.0132024
0.671972
0.013208
0.678515
0.0132279
0.685075
0.0132683
0.691664
0.0133358
0.698297
0.0134383
0.704992
0.0135848
0.711767
0.0137835
0.0141118
0.546959
0.00524603
0.552377
0.00540192
0.557936
0.00554382
0.563631
0.00567854
0.569454
0.00580604
0.575398
0.00592572
0.581454
0.00603677
0.587612
0.00613844
0.593867
0.00623079
0.600209
0.00631309
0.606625
0.0063836
0.613103
0.00644234
0.619633
0.00649
0.626204
0.00652693
0.632806
0.00655378
0.639431
0.00657144
0.64607
0.0065811
0.652719
0.00658423
0.659372
0.00658254
0.666027
0.00657802
0.672683
0.00657286
0.679343
0.00656952
0.68601
0.00657067
0.692691
0.00657928
0.699396
0.00659865
0.706139
0.00663263
0.712934
0.00668608
0.7198
0.00676594
0.726752
0.00688327
0.0071019
0.550346
0.555742
0.561281
0.566954
0.572756
0.578678
0.584712
0.590847
0.597078
0.603394
0.609783
0.616232
0.62273
0.629266
0.635831
0.642415
0.649011
0.655611
0.662213
0.668812
0.675409
0.682005
0.688606
0.695218
0.701853
0.708526
0.715256
0.72207
0.729006
)
;

boundaryField
{
    inlet
    {
        type            calculated;
        value           nonuniform List<scalar> 
45
(
-0.2
-0.2
-0.2
-0.2
-0.2
-0.2
-0.2
-0.2
-0.2
-0.2
-0.2
-0.2
-0.2
-0.2
-0.2
-0.20766
-0.212683
-0.217828
-0.223097
-0.228493
-0.23402
-0.239681
-0.245479
-0.251417
-0.257499
-0.263728
-0.270107
-0.276641
-0.283333
-0.290186
-0.297206
-0.304395
-0.311758
-0.3193
-0.327023
-0.334934
-0.343036
-0.351334
-0.359832
-0.368536
-0.377451
-0.386582
-0.395933
-0.40551
-0.415319
)
;
    }
    outlet
    {
        type            calculated;
        value           nonuniform List<scalar> 
45
(
0.0299869
0.0380816
0.0341829
0.026305
0.0185666
0.0109342
0.00339746
-0.00343009
-0.00957409
-0.0153688
-0.0209243
-0.0261128
-0.0307675
-0.0347263
-0.0378267
-0.0415356
-0.0436029
-0.044266
-0.0431892
-0.0400711
-0.0347079
-0.0251979
0.0448671
0.136998
0.22548
0.304938
0.37377
0.431656
0.479022
0.516862
0.54659
0.569864
0.588384
0.603699
0.617069
0.62941
0.641332
0.653212
0.665293
0.677739
0.690706
0.704291
0.718682
0.733817
0.736164
)
;
    }
    flap
    {
        type            calculated;
        value           nonuniform List<scalar> 
33
(
1.54074e-33
0
6.16298e-32
0
-2.40741e-34
0
0
2.46519e-32
0
2.77334e-32
9.86076e-32
0
0
1.97215e-31
9.86076e-32
0
0
-3.82105e-31
-2.28704e-32
0
0
-2.46519e-32
0
1.54074e-32
-2.35203e-49
0
1.28293e-49
-9.86076e-32
6.16298e-33
7.39557e-32
0
0
-7.39557e-32
)
;
    }
    upperWall
    {
        type            calculated;
        value           nonuniform List<scalar> 
63
(
0
0
0
0
0
0
0
0
5.33492e-15
0
0
0
-9.53474e-15
-4.84383e-20
0
0
0
0
8.09873e-15
0
0
0
0
0
0
0
0
0
0
0
0
0
0
0
0
0
0
6.5701e-15
0
0
0
0
0
0
0
0
0
0
0
0
0
0
8.93248e-15
0
0
0
0
0
0
0
0
0
0
)
;
    }
    lowerWall
    {
        type            calculated;
        value           uniform 0;
    }
    frontAndBack
    {
        type            empty;
        value           nonuniform 0();
    }
}


// ************************************************************************* //
