/*--------------------------------*- C++ -*----------------------------------*\
| =========                 |                                                 |
| \\      /  F ield         | OpenFOAM: The Open Source CFD Toolbox           |
|  \\    /   O peration     | Version:  dev                                   |
|   \\  /    A nd           | Web:      www.OpenFOAM.org                      |
|    \\/     M anipulation  |                                                 |
\*---------------------------------------------------------------------------*/
FoamFile
{
    version     2.0;
    format      ascii;
    class       vectorField;
    location    "0.42/polyMesh";
    object      points;
}
// * * * * * * * * * * * * * * * * * * * * * * * * * * * * * * * * * * * * * //


1028
(
(-0.667322 0.3 1.35273)
(-0.584872 0.3 1.35657)
(-0.668294 0.3 1.43109)
(-0.58593 0.3 1.43478)
(-0.505712 0.3 1.43861)
(-0.42761 0.3 1.44252)
(-0.669217 0.3 1.51059)
(-0.586903 0.3 1.51405)
(-0.506718 0.3 1.51755)
(-0.428622 0.3 1.52101)
(-0.35257 0.3 1.52432)
(-0.278512 0.3 1.52735)
(-0.670089 0.3 1.59138)
(-0.587795 0.3 1.59458)
(-0.507612 0.3 1.59773)
(-0.429489 0.3 1.60076)
(-0.353375 0.3 1.60358)
(-0.279209 0.3 1.60609)
(-0.206925 0.3 1.60816)
(-0.136443 0.3 1.60969)
(-0.670911 0.3 1.67359)
(-0.588616 0.3 1.67651)
(-0.508413 0.3 1.67934)
(-0.430246 0.3 1.68199)
(-0.354058 0.3 1.68439)
(-0.279786 0.3 1.68648)
(-0.207362 0.3 1.68815)
(-0.13671 0.3 1.68934)
(-0.06775 0.3 1.68998)
(-0.000314167 0.3 1.69006)
(-0.67169 0.3 1.75734)
(-0.589379 0.3 1.76)
(-0.509143 0.3 1.76252)
(-0.430923 0.3 1.76484)
(-0.354658 0.3 1.7669)
(-0.280287 0.3 1.76864)
(-0.207742 0.3 1.77001)
(-0.136953 0.3 1.77095)
(-0.0678505 0.3 1.77143)
(-0.000294727 0.3 1.77146)
(-0.672433 0.3 1.84274)
(-0.590097 0.3 1.84515)
(-0.509821 0.3 1.8474)
(-0.431544 0.3 1.84943)
(-0.355206 0.3 1.85121)
(-0.280745 0.3 1.85268)
(-0.208097 0.3 1.85381)
(-0.137198 0.3 1.85457)
(-0.0679842 0.3 1.85494)
(-0.000337639 0.3 1.85494)
(-0.673148 0.3 1.92989)
(-0.590782 0.3 1.93208)
(-0.510462 0.3 1.93409)
(-0.432129 0.3 1.93587)
(-0.355723 0.3 1.93741)
(-0.281183 0.3 1.93867)
(-0.208449 0.3 1.93962)
(-0.13746 0.3 1.94024)
(-0.0681584 0.3 1.94053)
(-0.000441183 0.3 1.94051)
(-0.673844 0.3 2.01888)
(-0.591443 0.3 2.02087)
(-0.51108 0.3 2.02266)
(-0.432694 0.3 2.02424)
(-0.356226 0.3 2.02559)
(-0.281618 0.3 2.02667)
(-0.208811 0.3 2.02747)
(-0.137748 0.3 2.02799)
(-0.0683764 0.3 2.02823)
(-0.0006035 0.3 2.0282)
(-0.674527 0.3 2.10979)
(-0.592091 0.3 2.11159)
(-0.511686 0.3 2.1132)
(-0.43325 0.3 2.11461)
(-0.356727 0.3 2.11579)
(-0.282059 0.3 2.11673)
(-0.209191 0.3 2.11742)
(-0.138068 0.3 2.11786)
(-0.0686393 0.3 2.11806)
(-0.00082155 0.3 2.11803)
(-0.675202 0.3 2.20268)
(-0.592732 0.3 2.20432)
(-0.512286 0.3 2.20578)
(-0.433806 0.3 2.20703)
(-0.357234 0.3 2.20808)
(-0.282514 0.3 2.2089)
(-0.209594 0.3 2.20951)
(-0.138422 0.3 2.20989)
(-0.0689462 0.3 2.21005)
(-0.00109194 0.3 2.21002)
(-0.760456 0.3 2.29597)
(-0.675874 0.3 2.29763)
(-0.593371 0.3 2.29912)
(-0.512888 0.3 2.30044)
(-0.434366 0.3 2.30157)
(-0.357751 0.3 2.3025)
(-0.282988 0.3 2.30323)
(-0.210024 0.3 2.30376)
(-0.138809 0.3 2.30409)
(-0.0692952 0.3 2.30423)
(-0.00141078 0.3 2.3042)
(-0.761153 0.3 2.39316)
(-0.676544 0.3 2.39469)
(-0.594011 0.3 2.39605)
(-0.513493 0.3 2.39725)
(-0.434935 0.3 2.39827)
(-0.358282 0.3 2.3991)
(-0.283481 0.3 2.39976)
(-0.210479 0.3 2.40023)
(-0.139229 0.3 2.40052)
(-0.0696832 0.3 2.40064)
(-0.00177367 0.3 2.40061)
(-0.761849 0.3 2.4925)
(-0.677214 0.3 2.49391)
(-0.594652 0.3 2.49516)
(-0.514104 0.3 2.49625)
(-0.435513 0.3 2.49717)
(-0.358827 0.3 2.49793)
(-0.283993 0.3 2.49852)
(-0.210959 0.3 2.49894)
(-0.139679 0.3 2.4992)
(-0.0701061 0.3 2.4993)
(-0.00217558 0.3 2.49928)
(-0.762542 0.3 2.59406)
(-0.677884 0.3 2.59536)
(-0.595295 0.3 2.5965)
(-0.514719 0.3 2.5975)
(-0.4361 0.3 2.59834)
(-0.359384 0.3 2.59902)
(-0.284521 0.3 2.59955)
(-0.211461 0.3 2.59993)
(-0.140155 0.3 2.60016)
(-0.0705592 0.3 2.60026)
(-0.00261084 0.3 2.60023)
(-0.76323 0.3 2.69787)
(-0.67855 0.3 2.69907)
(-0.595937 0.3 2.70012)
(-0.515336 0.3 2.70103)
(-0.436692 0.3 2.70179)
(-0.359951 0.3 2.70241)
(-0.285063 0.3 2.70289)
(-0.211979 0.3 2.70323)
(-0.140652 0.3 2.70345)
(-0.0710366 0.3 2.70353)
(-0.00307301 0.3 2.70351)
(-0.76391 0.3 2.80399)
(-0.679209 0.3 2.80509)
(-0.596575 0.3 2.80605)
(-0.515952 0.3 2.80688)
(-0.437285 0.3 2.80758)
(-0.360523 0.3 2.80814)
(-0.285614 0.3 2.80858)
(-0.21251 0.3 2.80889)
(-0.141164 0.3 2.80908)
(-0.0715314 0.3 2.80916)
(-0.00355485 0.3 2.80915)
(-0.764576 0.3 2.91247)
(-0.679857 0.3 2.91347)
(-0.597204 0.3 2.91435)
(-0.516562 0.3 2.9151)
(-0.437875 0.3 2.91573)
(-0.361093 0.3 2.91625)
(-0.286166 0.3 2.91664)
(-0.213044 0.3 2.91693)
(-0.141683 0.3 2.9171)
(-0.0720358 0.3 2.91718)
(-0.00404822 0.3 2.91716)
(-0.765222 0.3 3.02333)
(-0.680488 0.3 3.02424)
(-0.597818 0.3 3.02504)
(-0.517158 0.3 3.02572)
(-0.438454 0.3 3.02629)
(-0.361655 0.3 3.02676)
(-0.286712 0.3 3.02712)
(-0.213575 0.3 3.02737)
(-0.1422 0.3 3.02753)
(-0.0725411 0.3 3.0276)
(-0.00454405 0.3 3.02759)
(-0.765841 0.3 3.13662)
(-0.681092 0.3 3.13744)
(-0.598407 0.3 3.13816)
(-0.517732 0.3 3.13877)
(-0.439013 0.3 3.13929)
(-0.3622 0.3 3.1397)
(-0.287243 0.3 3.14002)
(-0.214094 0.3 3.14026)
(-0.142707 0.3 3.1404)
(-0.0730374 0.3 3.14046)
(-0.00503222 0.3 3.14045)
(-0.766422 0.3 3.25237)
(-0.681661 0.3 3.2531)
(-0.598963 0.3 3.25374)
(-0.518275 0.3 3.25428)
(-0.439543 0.3 3.25474)
(-0.362718 0.3 3.25511)
(-0.287749 0.3 3.25539)
(-0.214589 0.3 3.2556)
(-0.143192 0.3 3.25573)
(-0.0735136 0.3 3.25578)
(-0.00550154 0.3 3.25578)
(-0.766956 0.3 3.37062)
(-0.682183 0.3 3.37125)
(-0.599474 0.3 3.3718)
(-0.518775 0.3 3.37228)
(-0.440032 0.3 3.37267)
(-0.363196 0.3 3.37299)
(-0.288217 0.3 3.37324)
(-0.215048 0.3 3.37342)
(-0.143643 0.3 3.37353)
(-0.0739575 0.3 3.37358)
(-0.00593971 0.3 3.37358)
(-0.767428 0.3 3.49138)
(-0.682647 0.3 3.49191)
(-0.599928 0.3 3.49237)
(-0.519219 0.3 3.49277)
(-0.440468 0.3 3.4931)
(-0.363623 0.3 3.49337)
(-0.288636 0.3 3.49357)
(-0.21546 0.3 3.49372)
(-0.144048 0.3 3.49382)
(-0.0743558 0.3 3.49386)
(-0.00633329 0.3 3.49386)
(-0.767826 0.3 3.61467)
(-0.683037 0.3 3.61509)
(-0.600311 0.3 3.61546)
(-0.519594 0.3 3.61577)
(-0.440836 0.3 3.61603)
(-0.363984 0.3 3.61624)
(-0.288991 0.3 3.61641)
(-0.215808 0.3 3.61653)
(-0.144391 0.3 3.6166)
(-0.0746939 0.3 3.61664)
(-0.00666768 0.3 3.61664)
(-0.768133 0.3 3.74051)
(-0.683338 0.3 3.74081)
(-0.600606 0.3 3.74106)
(-0.519884 0.3 3.74128)
(-0.44112 0.3 3.74147)
(-0.364263 0.3 3.74162)
(-0.289265 0.3 3.74173)
(-0.216078 0.3 3.74182)
(-0.144656 0.3 3.74187)
(-0.0749562 0.3 3.7419)
(-0.00692716 0.3 3.7419)
(-0.76833 0.3 3.86889)
(-0.683532 0.3 3.86905)
(-0.600796 0.3 3.86918)
(-0.520071 0.3 3.8693)
(-0.441303 0.3 3.86939)
(-0.364443 0.3 3.86947)
(-0.289442 0.3 3.86953)
(-0.216252 0.3 3.86958)
(-0.144828 0.3 3.86961)
(-0.0751258 0.3 3.86962)
(-0.00709502 0.3 3.86962)
(-0.7684 0.3 4)
(-0.6836 0.3 4)
(-0.600863 0.3 4)
(-0.520137 0.3 4)
(-0.441368 0.3 4)
(-0.364507 0.3 4)
(-0.289504 0.3 4)
(-0.216313 0.3 4)
(-0.144888 0.3 4)
(-0.0751853 0.3 4)
(-0.00715399 0.3 4)
(-0.667322 0 1.35273)
(-0.584872 0 1.35657)
(-0.668294 0 1.43109)
(-0.58593 0 1.43478)
(-0.505712 0 1.43861)
(-0.42761 0 1.44252)
(-0.669217 0 1.51059)
(-0.586903 0 1.51405)
(-0.506718 0 1.51755)
(-0.428622 0 1.52101)
(-0.35257 0 1.52432)
(-0.278512 0 1.52735)
(-0.670089 0 1.59138)
(-0.587795 0 1.59458)
(-0.507612 0 1.59773)
(-0.429489 0 1.60076)
(-0.353375 0 1.60358)
(-0.279209 0 1.60609)
(-0.206925 0 1.60816)
(-0.136443 0 1.60969)
(-0.670911 0 1.67359)
(-0.588616 0 1.67651)
(-0.508413 0 1.67934)
(-0.430246 0 1.68199)
(-0.354058 0 1.68439)
(-0.279786 0 1.68648)
(-0.207362 0 1.68815)
(-0.13671 0 1.68934)
(-0.06775 0 1.68998)
(-0.000314167 0 1.69006)
(-0.67169 0 1.75734)
(-0.589379 0 1.76)
(-0.509143 0 1.76252)
(-0.430923 0 1.76484)
(-0.354658 0 1.7669)
(-0.280287 0 1.76864)
(-0.207742 0 1.77001)
(-0.136953 0 1.77095)
(-0.0678505 0 1.77143)
(-0.000294727 0 1.77146)
(-0.672433 0 1.84274)
(-0.590097 0 1.84515)
(-0.509821 0 1.8474)
(-0.431544 0 1.84943)
(-0.355206 0 1.85121)
(-0.280745 0 1.85268)
(-0.208097 0 1.85381)
(-0.137198 0 1.85457)
(-0.0679842 0 1.85494)
(-0.000337639 0 1.85494)
(-0.673148 0 1.92989)
(-0.590782 0 1.93208)
(-0.510462 0 1.93409)
(-0.432129 0 1.93587)
(-0.355723 0 1.93741)
(-0.281183 0 1.93867)
(-0.208449 0 1.93962)
(-0.13746 0 1.94024)
(-0.0681584 0 1.94053)
(-0.000441183 0 1.94051)
(-0.673844 0 2.01888)
(-0.591443 0 2.02087)
(-0.51108 0 2.02266)
(-0.432694 0 2.02424)
(-0.356226 0 2.02559)
(-0.281618 0 2.02667)
(-0.208811 0 2.02747)
(-0.137748 0 2.02799)
(-0.0683764 0 2.02823)
(-0.0006035 0 2.0282)
(-0.674527 0 2.10979)
(-0.592091 0 2.11159)
(-0.511686 0 2.1132)
(-0.43325 0 2.11461)
(-0.356727 0 2.11579)
(-0.282059 0 2.11673)
(-0.209191 0 2.11742)
(-0.138068 0 2.11786)
(-0.0686393 0 2.11806)
(-0.00082155 0 2.11803)
(-0.675202 0 2.20268)
(-0.592732 0 2.20432)
(-0.512286 0 2.20578)
(-0.433806 0 2.20703)
(-0.357234 0 2.20808)
(-0.282514 0 2.2089)
(-0.209594 0 2.20951)
(-0.138422 0 2.20989)
(-0.0689462 0 2.21005)
(-0.00109194 0 2.21002)
(-0.760456 0 2.29597)
(-0.675874 0 2.29763)
(-0.593371 0 2.29912)
(-0.512888 0 2.30044)
(-0.434366 0 2.30157)
(-0.357751 0 2.3025)
(-0.282988 0 2.30323)
(-0.210024 0 2.30376)
(-0.138809 0 2.30409)
(-0.0692952 0 2.30423)
(-0.00141078 0 2.3042)
(-0.761153 0 2.39316)
(-0.676544 0 2.39469)
(-0.594011 0 2.39605)
(-0.513493 0 2.39725)
(-0.434935 0 2.39827)
(-0.358282 0 2.3991)
(-0.283481 0 2.39976)
(-0.210479 0 2.40023)
(-0.139229 0 2.40052)
(-0.0696832 0 2.40064)
(-0.00177367 0 2.40061)
(-0.761849 0 2.4925)
(-0.677214 0 2.49391)
(-0.594652 0 2.49516)
(-0.514104 0 2.49625)
(-0.435513 0 2.49717)
(-0.358827 0 2.49793)
(-0.283993 0 2.49852)
(-0.210959 0 2.49894)
(-0.139679 0 2.4992)
(-0.0701061 0 2.4993)
(-0.00217558 0 2.49928)
(-0.762542 0 2.59406)
(-0.677884 0 2.59536)
(-0.595295 0 2.5965)
(-0.514719 0 2.5975)
(-0.4361 0 2.59834)
(-0.359384 0 2.59902)
(-0.284521 0 2.59955)
(-0.211461 0 2.59993)
(-0.140155 0 2.60016)
(-0.0705592 0 2.60026)
(-0.00261084 0 2.60023)
(-0.76323 0 2.69787)
(-0.67855 0 2.69907)
(-0.595937 0 2.70012)
(-0.515336 0 2.70103)
(-0.436692 0 2.70179)
(-0.359951 0 2.70241)
(-0.285063 0 2.70289)
(-0.211979 0 2.70323)
(-0.140652 0 2.70345)
(-0.0710366 0 2.70353)
(-0.00307301 0 2.70351)
(-0.76391 0 2.80399)
(-0.679209 0 2.80509)
(-0.596575 0 2.80605)
(-0.515952 0 2.80688)
(-0.437285 0 2.80758)
(-0.360523 0 2.80814)
(-0.285614 0 2.80858)
(-0.21251 0 2.80889)
(-0.141164 0 2.80908)
(-0.0715314 0 2.80916)
(-0.00355485 0 2.80915)
(-0.764576 0 2.91247)
(-0.679857 0 2.91347)
(-0.597204 0 2.91435)
(-0.516562 0 2.9151)
(-0.437875 0 2.91573)
(-0.361093 0 2.91625)
(-0.286166 0 2.91664)
(-0.213044 0 2.91693)
(-0.141683 0 2.9171)
(-0.0720358 0 2.91718)
(-0.00404822 0 2.91716)
(-0.765222 0 3.02333)
(-0.680488 0 3.02424)
(-0.597818 0 3.02504)
(-0.517158 0 3.02572)
(-0.438454 0 3.02629)
(-0.361655 0 3.02676)
(-0.286712 0 3.02712)
(-0.213575 0 3.02737)
(-0.1422 0 3.02753)
(-0.0725411 0 3.0276)
(-0.00454405 0 3.02759)
(-0.765841 0 3.13662)
(-0.681092 0 3.13744)
(-0.598407 0 3.13816)
(-0.517732 0 3.13877)
(-0.439013 0 3.13929)
(-0.3622 0 3.1397)
(-0.287243 0 3.14002)
(-0.214094 0 3.14026)
(-0.142707 0 3.1404)
(-0.0730374 0 3.14046)
(-0.00503222 0 3.14045)
(-0.766422 0 3.25237)
(-0.681661 0 3.2531)
(-0.598963 0 3.25374)
(-0.518275 0 3.25428)
(-0.439543 0 3.25474)
(-0.362718 0 3.25511)
(-0.287749 0 3.25539)
(-0.214589 0 3.2556)
(-0.143192 0 3.25573)
(-0.0735136 0 3.25578)
(-0.00550154 0 3.25578)
(-0.766956 0 3.37062)
(-0.682183 0 3.37125)
(-0.599474 0 3.3718)
(-0.518775 0 3.37228)
(-0.440032 0 3.37267)
(-0.363196 0 3.37299)
(-0.288217 0 3.37324)
(-0.215048 0 3.37342)
(-0.143643 0 3.37353)
(-0.0739575 0 3.37358)
(-0.00593971 0 3.37358)
(-0.767428 0 3.49138)
(-0.682647 0 3.49191)
(-0.599928 0 3.49237)
(-0.519219 0 3.49277)
(-0.440468 0 3.4931)
(-0.363623 0 3.49337)
(-0.288636 0 3.49357)
(-0.21546 0 3.49372)
(-0.144048 0 3.49382)
(-0.0743558 0 3.49386)
(-0.00633329 0 3.49386)
(-0.767826 0 3.61467)
(-0.683037 0 3.61509)
(-0.600311 0 3.61546)
(-0.519594 0 3.61577)
(-0.440836 0 3.61603)
(-0.363984 0 3.61624)
(-0.288991 0 3.61641)
(-0.215808 0 3.61653)
(-0.144391 0 3.6166)
(-0.0746939 0 3.61664)
(-0.00666768 0 3.61664)
(-0.768133 0 3.74051)
(-0.683338 0 3.74081)
(-0.600606 0 3.74106)
(-0.519884 0 3.74128)
(-0.44112 0 3.74147)
(-0.364263 0 3.74162)
(-0.289265 0 3.74173)
(-0.216078 0 3.74182)
(-0.144656 0 3.74187)
(-0.0749562 0 3.7419)
(-0.00692716 0 3.7419)
(-0.76833 0 3.86889)
(-0.683532 0 3.86905)
(-0.600796 0 3.86918)
(-0.520071 0 3.8693)
(-0.441303 0 3.86939)
(-0.364443 0 3.86947)
(-0.289442 0 3.86953)
(-0.216252 0 3.86958)
(-0.144828 0 3.86961)
(-0.0751258 0 3.86962)
(-0.00709502 0 3.86962)
(-0.7684 0 4)
(-0.6836 0 4)
(-0.600863 0 4)
(-0.520137 0 4)
(-0.441368 0 4)
(-0.364507 0 4)
(-0.289504 0 4)
(-0.216313 0 4)
(-0.144888 0 4)
(-0.0751853 0 4)
(-0.00715399 0 4)
(0.0326065 0.3 1.68984)
(0.0327019 0.3 1.77126)
(0.0657819 0.3 1.77098)
(0.0988197 0.3 1.77046)
(0.032716 0.3 1.85476)
(0.0658362 0.3 1.85451)
(0.0989171 0.3 1.85408)
(0.0326564 0.3 1.94035)
(0.0658076 0.3 1.94014)
(0.0989222 0.3 1.93976)
(0.0325289 0.3 2.02805)
(0.065705 0.3 2.02787)
(0.0988465 0.3 2.02754)
(0.0323388 0.3 2.11789)
(0.065535 0.3 2.11773)
(0.0986986 0.3 2.11745)
(0.0320912 0.3 2.2099)
(0.0653038 0.3 2.20975)
(0.0984856 0.3 2.2095)
(0.0317911 0.3 2.30409)
(0.0650175 0.3 2.30396)
(0.0982145 0.3 2.30374)
(0.0314439 0.3 2.40051)
(0.0646817 0.3 2.4004)
(0.0978916 0.3 2.40021)
(0.0310552 0.3 2.49919)
(0.0643027 0.3 2.49909)
(0.0975236 0.3 2.49892)
(0.0306311 0.3 2.60016)
(0.0638869 0.3 2.60007)
(0.0971173 0.3 2.59991)
(0.0301785 0.3 2.70345)
(0.0634413 0.3 2.70336)
(0.09668 0.3 2.70323)
(0.0297048 0.3 2.80909)
(0.0629738 0.3 2.80901)
(0.0962195 0.3 2.80889)
(0.0292185 0.3 2.91711)
(0.0624927 0.3 2.91705)
(0.0957447 0.3 2.91694)
(0.0287286 0.3 3.02754)
(0.0620074 0.3 3.02749)
(0.0952648 0.3 3.02739)
(0.0282456 0.3 3.14041)
(0.0615283 0.3 3.14037)
(0.0947905 0.3 3.14028)
(0.0277807 0.3 3.25574)
(0.0610667 0.3 3.2557)
(0.0943329 0.3 3.25563)
(0.0273462 0.3 3.37355)
(0.0606351 0.3 3.37351)
(0.0939047 0.3 3.37345)
(0.0269556 0.3 3.49384)
(0.0602469 0.3 3.49381)
(0.0935194 0.3 3.49376)
(0.0266236 0.3 3.61662)
(0.0599167 0.3 3.6166)
(0.0931915 0.3 3.61656)
(0.0263659 0.3 3.74189)
(0.0596603 0.3 3.74187)
(0.0929368 0.3 3.74184)
(0.0261991 0.3 3.86962)
(0.0594944 0.3 3.86961)
(0.0927718 0.3 3.86959)
(0.0261405 0.3 4)
(0.0594361 0.3 4)
(0.0927139 0.3 4)
(0.0326065 0 1.68984)
(0.0327019 0 1.77126)
(0.0657819 0 1.77098)
(0.0988197 0 1.77046)
(0.032716 0 1.85476)
(0.0658362 0 1.85451)
(0.0989171 0 1.85408)
(0.0326564 0 1.94035)
(0.0658076 0 1.94014)
(0.0989222 0 1.93976)
(0.0325289 0 2.02805)
(0.065705 0 2.02787)
(0.0988465 0 2.02754)
(0.0323388 0 2.11789)
(0.065535 0 2.11773)
(0.0986986 0 2.11745)
(0.0320912 0 2.2099)
(0.0653038 0 2.20975)
(0.0984856 0 2.2095)
(0.0317911 0 2.30409)
(0.0650175 0 2.30396)
(0.0982145 0 2.30374)
(0.0314439 0 2.40051)
(0.0646817 0 2.4004)
(0.0978916 0 2.40021)
(0.0310552 0 2.49919)
(0.0643027 0 2.49909)
(0.0975236 0 2.49892)
(0.0306311 0 2.60016)
(0.0638869 0 2.60007)
(0.0971173 0 2.59991)
(0.0301785 0 2.70345)
(0.0634413 0 2.70336)
(0.09668 0 2.70323)
(0.0297048 0 2.80909)
(0.0629738 0 2.80901)
(0.0962195 0 2.80889)
(0.0292185 0 2.91711)
(0.0624927 0 2.91705)
(0.0957447 0 2.91694)
(0.0287286 0 3.02754)
(0.0620074 0 3.02749)
(0.0952648 0 3.02739)
(0.0282456 0 3.14041)
(0.0615283 0 3.14037)
(0.0947905 0 3.14028)
(0.0277807 0 3.25574)
(0.0610667 0 3.2557)
(0.0943329 0 3.25563)
(0.0273462 0 3.37355)
(0.0606351 0 3.37351)
(0.0939047 0 3.37345)
(0.0269556 0 3.49384)
(0.0602469 0 3.49381)
(0.0935194 0 3.49376)
(0.0266236 0 3.61662)
(0.0599167 0 3.6166)
(0.0931915 0 3.61656)
(0.0263659 0 3.74189)
(0.0596603 0 3.74187)
(0.0929368 0 3.74184)
(0.0261991 0 3.86962)
(0.0594944 0 3.86961)
(0.0927718 0 3.86959)
(0.0261405 0 4)
(0.0594361 0 4)
(0.0927139 0 4)
(0.166523 0.3 1.76942)
(0.166662 0.3 1.8532)
(0.236065 0.3 1.85186)
(0.307221 0.3 1.85016)
(0.380166 0.3 1.84815)
(0.166701 0.3 1.93902)
(0.236123 0.3 1.93787)
(0.307273 0.3 1.93642)
(0.380191 0.3 1.93468)
(0.454912 0.3 1.9327)
(0.531467 0.3 1.93051)
(0.166654 0.3 2.0269)
(0.236093 0.3 2.02591)
(0.307242 0.3 2.02466)
(0.380143 0.3 2.02315)
(0.454833 0.3 2.02141)
(0.531345 0.3 2.01947)
(0.609713 0.3 2.01736)
(0.689966 0.3 2.0151)
(0.16653 0.3 2.11689)
(0.235984 0.3 2.11603)
(0.307136 0.3 2.11494)
(0.380027 0.3 2.11361)
(0.454694 0.3 2.11208)
(0.531174 0.3 2.11035)
(0.609502 0.3 2.10845)
(0.689712 0.3 2.1064)
(0.771834 0.3 2.10423)
(0.166337 0.3 2.20901)
(0.235806 0.3 2.20826)
(0.306962 0.3 2.2073)
(0.379847 0.3 2.20613)
(0.454498 0.3 2.20477)
(0.530954 0.3 2.20322)
(0.609251 0.3 2.20151)
(0.689425 0.3 2.19965)
(0.771509 0.3 2.19766)
(0.166083 0.3 2.30331)
(0.235565 0.3 2.30265)
(0.306726 0.3 2.3018)
(0.379607 0.3 2.30076)
(0.454248 0.3 2.29955)
(0.530686 0.3 2.29816)
(0.608959 0.3 2.29661)
(0.689105 0.3 2.29491)
(0.771158 0.3 2.29308)
(0.165775 0.3 2.39982)
(0.235268 0.3 2.39923)
(0.306435 0.3 2.39848)
(0.379315 0.3 2.39755)
(0.453948 0.3 2.39646)
(0.530373 0.3 2.39521)
(0.608628 0.3 2.39381)
(0.68875 0.3 2.39226)
(0.770778 0.3 2.39058)
(0.16542 0.3 2.49858)
(0.234924 0.3 2.49805)
(0.306096 0.3 2.49738)
(0.378977 0.3 2.49655)
(0.453605 0.3 2.49557)
(0.530019 0.3 2.49444)
(0.60826 0.3 2.49316)
(0.688364 0.3 2.49175)
(0.770372 0.3 2.4902)
(0.165025 0.3 2.59961)
(0.234538 0.3 2.59914)
(0.305716 0.3 2.59854)
(0.378598 0.3 2.59779)
(0.453223 0.3 2.59691)
(0.52963 0.3 2.59588)
(0.607859 0.3 2.59472)
(0.68795 0.3 2.59343)
(0.76994 0.3 2.59201)
(0.164597 0.3 2.70296)
(0.234119 0.3 2.70254)
(0.305302 0.3 2.70199)
(0.378186 0.3 2.70132)
(0.452809 0.3 2.70052)
(0.529211 0.3 2.6996)
(0.607432 0.3 2.69854)
(0.687511 0.3 2.69736)
(0.769488 0.3 2.69606)
(0.164146 0.3 2.80865)
(0.233675 0.3 2.80828)
(0.304863 0.3 2.80779)
(0.377749 0.3 2.80718)
(0.452371 0.3 2.80646)
(0.52877 0.3 2.80562)
(0.606985 0.3 2.80466)
(0.687055 0.3 2.80359)
(0.769021 0.3 2.8024)
(0.163679 0.3 2.91672)
(0.233215 0.3 2.91639)
(0.304408 0.3 2.91595)
(0.377296 0.3 2.91541)
(0.451918 0.3 2.91476)
(0.528315 0.3 2.914)
(0.606524 0.3 2.91313)
(0.686587 0.3 2.91215)
(0.768545 0.3 2.91107)
(0.163205 0.3 3.0272)
(0.232748 0.3 3.0269)
(0.303945 0.3 3.02651)
(0.376836 0.3 3.02603)
(0.451459 0.3 3.02545)
(0.527853 0.3 3.02476)
(0.60606 0.3 3.02398)
(0.686117 0.3 3.0231)
(0.768068 0.3 3.02212)
(0.162737 0.3 3.14012)
(0.232285 0.3 3.13985)
(0.303486 0.3 3.13951)
(0.376379 0.3 3.13908)
(0.451003 0.3 3.13856)
(0.527397 0.3 3.13795)
(0.6056 0.3 3.13725)
(0.685654 0.3 3.13646)
(0.767599 0.3 3.13558)
(0.162285 0.3 3.25548)
(0.231837 0.3 3.25526)
(0.303042 0.3 3.25495)
(0.375938 0.3 3.25458)
(0.450562 0.3 3.25412)
(0.526955 0.3 3.25359)
(0.605157 0.3 3.25298)
(0.685208 0.3 3.25228)
(0.767148 0.3 3.2515)
(0.161861 0.3 3.37333)
(0.231418 0.3 3.37313)
(0.302626 0.3 3.37288)
(0.375523 0.3 3.37255)
(0.450149 0.3 3.37216)
(0.526542 0.3 3.3717)
(0.604742 0.3 3.37118)
(0.68479 0.3 3.37058)
(0.766728 0.3 3.36991)
(0.161479 0.3 3.49366)
(0.231039 0.3 3.4935)
(0.30225 0.3 3.49328)
(0.375149 0.3 3.49302)
(0.449776 0.3 3.49269)
(0.526169 0.3 3.49231)
(0.604368 0.3 3.49187)
(0.684415 0.3 3.49138)
(0.76635 0.3 3.49082)
(0.161154 0.3 3.61648)
(0.230717 0.3 3.61636)
(0.30193 0.3 3.61619)
(0.374831 0.3 3.61598)
(0.449458 0.3 3.61573)
(0.525851 0.3 3.61543)
(0.60405 0.3 3.61508)
(0.684095 0.3 3.61469)
(0.766028 0.3 3.61426)
(0.160902 0.3 3.74179)
(0.230467 0.3 3.7417)
(0.301681 0.3 3.74159)
(0.374583 0.3 3.74144)
(0.449211 0.3 3.74126)
(0.525604 0.3 3.74105)
(0.603802 0.3 3.74081)
(0.683846 0.3 3.74054)
(0.765778 0.3 3.74023)
(0.160738 0.3 3.86957)
(0.230304 0.3 3.86952)
(0.30152 0.3 3.86946)
(0.374422 0.3 3.86938)
(0.44905 0.3 3.86929)
(0.525443 0.3 3.86918)
(0.603641 0.3 3.86906)
(0.683684 0.3 3.86891)
(0.765615 0.3 3.86875)
(0.160681 0.3 4)
(0.230247 0.3 4)
(0.301463 0.3 4)
(0.374366 0.3 4)
(0.448994 0.3 4)
(0.525387 0.3 4)
(0.603584 0.3 4)
(0.683627 0.3 4)
(0.765558 0.3 4)
(0.166523 0 1.76942)
(0.166662 0 1.8532)
(0.236065 0 1.85186)
(0.307221 0 1.85016)
(0.380166 0 1.84815)
(0.166701 0 1.93902)
(0.236123 0 1.93787)
(0.307273 0 1.93642)
(0.380191 0 1.93468)
(0.454912 0 1.9327)
(0.531467 0 1.93051)
(0.166654 0 2.0269)
(0.236093 0 2.02591)
(0.307242 0 2.02466)
(0.380143 0 2.02315)
(0.454833 0 2.02141)
(0.531345 0 2.01947)
(0.609713 0 2.01736)
(0.689966 0 2.0151)
(0.16653 0 2.11689)
(0.235984 0 2.11603)
(0.307136 0 2.11494)
(0.380027 0 2.11361)
(0.454694 0 2.11208)
(0.531174 0 2.11035)
(0.609502 0 2.10845)
(0.689712 0 2.1064)
(0.771834 0 2.10423)
(0.166337 0 2.20901)
(0.235806 0 2.20826)
(0.306962 0 2.2073)
(0.379847 0 2.20613)
(0.454498 0 2.20477)
(0.530954 0 2.20322)
(0.609251 0 2.20151)
(0.689425 0 2.19965)
(0.771509 0 2.19766)
(0.166083 0 2.30331)
(0.235565 0 2.30265)
(0.306726 0 2.3018)
(0.379607 0 2.30076)
(0.454248 0 2.29955)
(0.530686 0 2.29816)
(0.608959 0 2.29661)
(0.689105 0 2.29491)
(0.771158 0 2.29308)
(0.165775 0 2.39982)
(0.235268 0 2.39923)
(0.306435 0 2.39848)
(0.379315 0 2.39755)
(0.453948 0 2.39646)
(0.530373 0 2.39521)
(0.608628 0 2.39381)
(0.68875 0 2.39226)
(0.770778 0 2.39058)
(0.16542 0 2.49858)
(0.234924 0 2.49805)
(0.306096 0 2.49738)
(0.378977 0 2.49655)
(0.453605 0 2.49557)
(0.530019 0 2.49444)
(0.60826 0 2.49316)
(0.688364 0 2.49175)
(0.770372 0 2.4902)
(0.165025 0 2.59961)
(0.234538 0 2.59914)
(0.305716 0 2.59854)
(0.378598 0 2.59779)
(0.453223 0 2.59691)
(0.52963 0 2.59588)
(0.607859 0 2.59472)
(0.68795 0 2.59343)
(0.76994 0 2.59201)
(0.164597 0 2.70296)
(0.234119 0 2.70254)
(0.305302 0 2.70199)
(0.378186 0 2.70132)
(0.452809 0 2.70052)
(0.529211 0 2.6996)
(0.607432 0 2.69854)
(0.687511 0 2.69736)
(0.769488 0 2.69606)
(0.164146 0 2.80865)
(0.233675 0 2.80828)
(0.304863 0 2.80779)
(0.377749 0 2.80718)
(0.452371 0 2.80646)
(0.52877 0 2.80562)
(0.606985 0 2.80466)
(0.687055 0 2.80359)
(0.769021 0 2.8024)
(0.163679 0 2.91672)
(0.233215 0 2.91639)
(0.304408 0 2.91595)
(0.377296 0 2.91541)
(0.451918 0 2.91476)
(0.528315 0 2.914)
(0.606524 0 2.91313)
(0.686587 0 2.91215)
(0.768545 0 2.91107)
(0.163205 0 3.0272)
(0.232748 0 3.0269)
(0.303945 0 3.02651)
(0.376836 0 3.02603)
(0.451459 0 3.02545)
(0.527853 0 3.02476)
(0.60606 0 3.02398)
(0.686117 0 3.0231)
(0.768068 0 3.02212)
(0.162737 0 3.14012)
(0.232285 0 3.13985)
(0.303486 0 3.13951)
(0.376379 0 3.13908)
(0.451003 0 3.13856)
(0.527397 0 3.13795)
(0.6056 0 3.13725)
(0.685654 0 3.13646)
(0.767599 0 3.13558)
(0.162285 0 3.25548)
(0.231837 0 3.25526)
(0.303042 0 3.25495)
(0.375938 0 3.25458)
(0.450562 0 3.25412)
(0.526955 0 3.25359)
(0.605157 0 3.25298)
(0.685208 0 3.25228)
(0.767148 0 3.2515)
(0.161861 0 3.37333)
(0.231418 0 3.37313)
(0.302626 0 3.37288)
(0.375523 0 3.37255)
(0.450149 0 3.37216)
(0.526542 0 3.3717)
(0.604742 0 3.37118)
(0.68479 0 3.37058)
(0.766728 0 3.36991)
(0.161479 0 3.49366)
(0.231039 0 3.4935)
(0.30225 0 3.49328)
(0.375149 0 3.49302)
(0.449776 0 3.49269)
(0.526169 0 3.49231)
(0.604368 0 3.49187)
(0.684415 0 3.49138)
(0.76635 0 3.49082)
(0.161154 0 3.61648)
(0.230717 0 3.61636)
(0.30193 0 3.61619)
(0.374831 0 3.61598)
(0.449458 0 3.61573)
(0.525851 0 3.61543)
(0.60405 0 3.61508)
(0.684095 0 3.61469)
(0.766028 0 3.61426)
(0.160902 0 3.74179)
(0.230467 0 3.7417)
(0.301681 0 3.74159)
(0.374583 0 3.74144)
(0.449211 0 3.74126)
(0.525604 0 3.74105)
(0.603802 0 3.74081)
(0.683846 0 3.74054)
(0.765778 0 3.74023)
(0.160738 0 3.86957)
(0.230304 0 3.86952)
(0.30152 0 3.86946)
(0.374422 0 3.86938)
(0.44905 0 3.86929)
(0.525443 0 3.86918)
(0.603641 0 3.86906)
(0.683684 0 3.86891)
(0.765615 0 3.86875)
(0.160681 0 4)
(0.230247 0 4)
(0.301463 0 4)
(0.374366 0 4)
(0.448994 0 4)
(0.525387 0 4)
(0.603584 0 4)
(0.683627 0 4)
(0.765558 0 4)
)


// ************************************************************************* //
