/*--------------------------------*- C++ -*----------------------------------*\
| =========                 |                                                 |
| \\      /  F ield         | OpenFOAM: The Open Source CFD Toolbox           |
|  \\    /   O peration     | Version:  dev                                   |
|   \\  /    A nd           | Web:      www.OpenFOAM.org                      |
|    \\/     M anipulation  |                                                 |
\*---------------------------------------------------------------------------*/
FoamFile
{
    version     2.0;
    format      ascii;
    class       volVectorField;
    location    "2.8";
    object      cellDisplacement;
}
// * * * * * * * * * * * * * * * * * * * * * * * * * * * * * * * * * * * * * //

dimensions      [0 1 0 0 0 0 0];

internalField   nonuniform List<vector> 
2790
(
(0.00966374 0 -2.59555e-05)
(0.0276017 0 -7.43911e-05)
(0.0429411 0 -0.000116752)
(0.0559054 0 -0.000154035)
(0.0667305 0 -0.00018706)
(0.0756218 0 -0.000216482)
(0.082767 0 -0.000242207)
(0.0883348 0 -0.000264587)
(0.0924678 0 -0.000283668)
(0.0952894 0 -0.000299351)
(0.0969071 0 -0.0003114)
(0.0974153 0 -0.000319169)
(0.0968981 0 -0.000322146)
(0.0954303 0 -0.00031963)
(0.0930793 0 -0.000310728)
(0.0899077 0 -0.000294364)
(0.0859757 0 -0.000269319)
(0.0813482 0 -0.000234612)
(0.0760809 0 -0.000187407)
(0.070233 0 -0.000126158)
(0.0638739 0 -4.87033e-05)
(0.0570794 0 4.76175e-05)
(0.0499343 0 0.000165793)
(0.0425329 0 0.000309183)
(0.0350123 0 0.000482795)
(0.027541 0 0.000691209)
(0.0203442 0 0.000940335)
(0.013757 0 0.00123598)
(0.00831715 0 0.00157621)
(0.00517144 0 0.00191225)
(0.00967689 0 -7.79564e-05)
(0.0276396 0 -0.000223453)
(0.0430029 0 -0.00035073)
(0.0559926 0 -0.000462796)
(0.0668459 0 -0.000562092)
(0.0757662 0 -0.00065077)
(0.0829422 0 -0.000728247)
(0.0885462 0 -0.000795784)
(0.0927203 0 -0.000853498)
(0.0955888 0 -0.000901104)
(0.09726 0 -0.000938026)
(0.0978286 0 -0.000962149)
(0.0973804 0 -0.000972077)
(0.0959912 0 -0.000965743)
(0.0937298 0 -0.000940509)
(0.0906597 0 -0.000893171)
(0.0868393 0 -0.000819883)
(0.0823393 0 -0.000716517)
(0.0772229 0 -0.000578293)
(0.0715439 0 -0.00039904)
(0.0653799 0 -0.000172468)
(0.0588134 0 0.000109205)
(0.0519416 0 0.000454624)
(0.0448571 0 0.00087479)
(0.0377015 0 0.00138065)
(0.0306727 0 0.00198273)
(0.0240076 0 0.00269266)
(0.0180798 0 0.00351713)
(0.0135504 0 0.00443462)
(0.0116156 0 0.00526628)
(0.0097041 0 -0.000130197)
(0.0277172 0 -0.000373266)
(0.0431282 0 -0.000585979)
(0.0561687 0 -0.000773413)
(0.0670794 0 -0.000939537)
(0.0760564 0 -0.00108645)
(0.083293 0 -0.00121605)
(0.0889689 0 -0.00132945)
(0.0932247 0 -0.0014267)
(0.0961859 0 -0.00150734)
(0.0979628 0 -0.00157102)
(0.0986504 0 -0.0016134)
(0.0983382 0 -0.00163279)
(0.0971041 0 -0.00162586)
(0.0950195 0 -0.00158837)
(0.092151 0 -0.00151523)
(0.0885628 0 -0.00140038)
(0.0843204 0 -0.00123648)
(0.0794954 0 -0.00101746)
(0.0741468 0 -0.000733044)
(0.0683645 0 -0.000374136)
(0.062238 0 7.14377e-05)
(0.0558731 0 0.000616838)
(0.0493973 0 0.00127663)
(0.0429739 0 0.00206321)
(0.0368245 0 0.00298757)
(0.0312191 0 0.00405576)
(0.0265194 0 0.00525918)
(0.0234359 0 0.00652099)
(0.0233307 0 0.00752989)
(0.00974599 0 -0.000182488)
(0.0278345 0 -0.000523295)
(0.0433157 0 -0.000821612)
(0.056431 0 -0.00108473)
(0.0674168 0 -0.00131813)
(0.0764788 0 -0.00152391)
(0.0838147 0 -0.00170665)
(0.0895986 0 -0.0018671)
(0.0939759 0 -0.00200535)
(0.0970749 0 -0.00212064)
(0.0990043 0 -0.00221116)
(0.099867 0 -0.0022745)
(0.0997556 0 -0.00230724)
(0.0987504 0 -0.0023048)
(0.0969265 0 -0.00226164)
(0.0943554 0 -0.00217118)
(0.0911068 0 -0.00202574)
(0.0872523 0 -0.00181656)
(0.0828684 0 -0.00153443)
(0.0780251 0 -0.0011677)
(0.0728077 0 -0.000703333)
(0.0673285 0 -0.000128483)
(0.0617049 0 0.000571206)
(0.0560744 0 0.00141061)
(0.0506641 0 0.0023989)
(0.0457247 0 0.00353882)
(0.0415879 0 0.00481649)
(0.0386304 0 0.00618779)
(0.0373921 0 0.00752694)
(0.0394046 0 0.00840593)
(0.00980291 0 -0.000234808)
(0.0279897 0 -0.000672776)
(0.0435612 0 -0.00105636)
(0.0567759 0 -0.00139511)
(0.0678644 0 -0.00169636)
(0.0770387 0 -0.00196317)
(0.0845023 0 -0.00220029)
(0.0904281 0 -0.00240933)
(0.0949646 0 -0.00259058)
(0.0982423 0 -0.002743)
(0.100374 0 -0.00286369)
(0.101469 0 -0.00295239)
(0.101622 0 -0.00300404)
(0.100917 0 -0.00301315)
(0.0994353 0 -0.00297323)
(0.0972533 0 -0.00287671)
(0.0944476 0 -0.00271484)
(0.0910957 0 -0.00247763)
(0.0872746 0 -0.00215363)
(0.0830889 0 -0.00173295)
(0.0786196 0 -0.00119989)
(0.0739901 0 -0.000541985)
(0.0693494 0 0.000251716)
(0.0648441 0 0.00119442)
(0.0606907 0 0.00228881)
(0.0572005 0 0.00351887)
(0.0547839 0 0.00484049)
(0.0538552 0 0.00616368)
(0.0547998 0 0.00733793)
(0.0589251 0 0.00786596)
(0.00985846 0 -0.000286778)
(0.0281657 0 -0.000821906)
(0.0438617 0 -0.00129122)
(0.0572023 0 -0.00170595)
(0.068417 0 -0.00207428)
(0.077727 0 -0.00240237)
(0.0853455 0 -0.00269489)
(0.0914444 0 -0.00295405)
(0.0961755 0 -0.00318047)
(0.0996728 0 -0.00337326)
(0.102056 0 -0.00353028)
(0.103436 0 -0.00364987)
(0.103912 0 -0.00372722)
(0.103574 0 -0.00375644)
(0.10251 0 -0.00373058)
(0.100802 0 -0.00364164)
(0.098537 0 -0.00348057)
(0.0958011 0 -0.0032372)
(0.0926838 0 -0.00290048)
(0.0892807 0 -0.00245778)
(0.0857086 0 -0.00189772)
(0.0820911 0 -0.00120835)
(0.0786178 0 -0.000385269)
(0.0754727 0 0.000574231)
(0.0728525 0 0.00166272)
(0.0710578 0 0.00285151)
(0.0705219 0 0.00406457)
(0.07175 0 0.00516043)
(0.075031 0 0.0059684)
(0.0810827 0 0.00602037)
(0.00992776 0 -0.000338522)
(0.028377 0 -0.000970879)
(0.0442149 0 -0.00152596)
(0.0576934 0 -0.00201674)
(0.069059 0 -0.00245288)
(0.0785386 0 -0.00284361)
(0.0863394 0 -0.00319307)
(0.0926419 0 -0.00350447)
(0.0976018 0 -0.00377891)
(0.101357 0 -0.00401581)
(0.104033 0 -0.00421327)
(0.105746 0 -0.00436986)
(0.1066 0 -0.00448065)
(0.106691 0 -0.00453974)
(0.106112 0 -0.0045402)
(0.104956 0 -0.00447417)
(0.103318 0 -0.00433314)
(0.101287 0 -0.00410648)
(0.0989878 0 -0.00378746)
(0.096505 0 -0.00336173)
(0.0939833 0 -0.00282299)
(0.0915587 0 -0.00216263)
(0.0894051 0 -0.00137949)
(0.0877415 0 -0.000484292)
(0.0868454 0 0.00049405)
(0.086977 0 0.00151097)
(0.0884572 0 0.00247846)
(0.0918646 0 0.00321162)
(0.0973854 0 0.0035228)
(0.105195 0 0.0030399)
(0.0100088 0 -0.000389916)
(0.0286199 0 -0.00111878)
(0.0446169 0 -0.00175922)
(0.0582549 0 -0.00232615)
(0.0697954 0 -0.00283192)
(0.079466 0 -0.00328661)
(0.0874732 0 -0.00369455)
(0.094007 0 -0.00406043)
(0.0992267 0 -0.00438595)
(0.103274 0 -0.00467091)
(0.106279 0 -0.00491327)
(0.10837 0 -0.00511349)
(0.10965 0 -0.0052661)
(0.110223 0 -0.0053656)
(0.110191 0 -0.00540561)
(0.109655 0 -0.00537899)
(0.108724 0 -0.00527941)
(0.107501 0 -0.00509783)
(0.106099 0 -0.0048259)
(0.104633 0 -0.0044548)
(0.103276 0 -0.00398466)
(0.102186 0 -0.00341394)
(0.10152 0 -0.00274654)
(0.101498 0 -0.00200068)
(0.102438 0 -0.00122578)
(0.104604 0 -0.000489408)
(0.10822 0 0.000115728)
(0.113768 0 0.000389701)
(0.12132 0 0.000146047)
(0.130705 0 -0.000876823)
(0.0101003 0 -0.000441095)
(0.0288927 0 -0.00126612)
(0.0450663 0 -0.00199188)
(0.0588826 0 -0.00263527)
(0.0706189 0 -0.00321103)
(0.0804963 0 -0.00372901)
(0.0887293 0 -0.00419652)
(0.0955184 0 -0.00461892)
(0.101025 0 -0.00499846)
(0.105394 0 -0.00533564)
(0.10877 0 -0.00563033)
(0.111277 0 -0.00588139)
(0.113025 0 -0.00608454)
(0.114128 0 -0.00623536)
(0.114693 0 -0.00632852)
(0.114829 0 -0.0063576)
(0.114668 0 -0.00632034)
(0.114325 0 -0.00621017)
(0.113914 0 -0.00602005)
(0.113577 0 -0.00574696)
(0.113472 0 -0.00539192)
(0.113777 0 -0.00496227)
(0.114723 0 -0.00447984)
(0.116511 0 -0.00396974)
(0.119363 0 -0.00348042)
(0.123631 0 -0.00311243)
(0.129461 0 -0.00296134)
(0.137063 0 -0.00320035)
(0.146458 0 -0.00400843)
(0.157153 0 -0.00552619)
(0.0102013 0 -0.000491946)
(0.0291934 0 -0.00141264)
(0.0455595 0 -0.00222358)
(0.0595687 0 -0.00294345)
(0.0715092 0 -0.0035892)
(0.0816124 0 -0.0041715)
(0.0900994 0 -0.00470062)
(0.0971671 0 -0.00518191)
(0.102985 0 -0.00561864)
(0.107706 0 -0.00601239)
(0.111478 0 -0.00636425)
(0.114431 0 -0.00667276)
(0.116681 0 -0.006935)
(0.11835 0 -0.00714805)
(0.119557 0 -0.00730831)
(0.120429 0 -0.00741337)
(0.121085 0 -0.0074588)
(0.12165 0 -0.00744091)
(0.122285 0 -0.0073627)
(0.123143 0 -0.00722567)
(0.12437 0 -0.00703356)
(0.12616 0 -0.00680052)
(0.128774 0 -0.00656023)
(0.132434 0 -0.0063543)
(0.137288 0 -0.00622744)
(0.143694 0 -0.00629404)
(0.151732 0 -0.00665332)
(0.161333 0 -0.00743167)
(0.1724 0 -0.00877665)
(0.184132 0 -0.0107147)
(0.0103099 0 -0.00054233)
(0.0295191 0 -0.001558)
(0.0460895 0 -0.00245274)
(0.0603029 0 -0.00324854)
(0.0724647 0 -0.00396461)
(0.0828128 0 -0.00461353)
(0.0915696 0 -0.00520581)
(0.0989346 0 -0.00574816)
(0.105083 0 -0.00624503)
(0.110175 0 -0.00669891)
(0.114369 0 -0.00711314)
(0.117794 0 -0.00748575)
(0.120572 0 -0.0078152)
(0.122835 0 -0.0081007)
(0.12471 0 -0.00834018)
(0.12635 0 -0.00853719)
(0.127859 0 -0.0086852)
(0.129393 0 -0.00878806)
(0.131103 0 -0.00884919)
(0.133152 0 -0.00887556)
(0.135752 0 -0.00888688)
(0.139103 0 -0.00890365)
(0.14339 0 -0.00895395)
(0.148908 0 -0.00910184)
(0.155822 0 -0.00940073)
(0.164357 0 -0.00994945)
(0.174537 0 -0.0108422)
(0.186118 0 -0.0121628)
(0.198729 0 -0.0139916)
(0.211269 0 -0.0162585)
(0.0104244 0 -0.000592094)
(0.0298507 0 -0.00170109)
(0.0466382 0 -0.00267904)
(0.0610805 0 -0.00355126)
(0.0734794 0 -0.00433809)
(0.0840857 0 -0.0050542)
(0.0931258 0 -0.00571092)
(0.100803 0 -0.00631625)
(0.107299 0 -0.006876)
(0.112779 0 -0.00739346)
(0.117414 0 -0.00787524)
(0.121324 0 -0.00831746)
(0.124646 0 -0.00872132)
(0.127523 0 -0.00908887)
(0.130097 0 -0.0094218)
(0.132505 0 -0.00972134)
(0.134873 0 -0.00998743)
(0.13739 0 -0.0102315)
(0.140189 0 -0.0104574)
(0.143454 0 -0.0106791)
(0.147415 0 -0.010924)
(0.15229 0 -0.0112242)
(0.158243 0 -0.0116087)
(0.165597 0 -0.0121533)
(0.174528 0 -0.0129196)
(0.1851 0 -0.0139742)
(0.197352 0 -0.0154087)
(0.210868 0 -0.0172496)
(0.224958 0 -0.019493)
(0.238181 0 -0.0219942)
(0.0105441 0 -0.000640916)
(0.0301999 0 -0.0018418)
(0.0472153 0 -0.00290263)
(0.0618949 0 -0.00385079)
(0.0745426 0 -0.00470851)
(0.0854179 0 -0.00549222)
(0.0947515 0 -0.00621441)
(0.102752 0 -0.00688429)
(0.109606 0 -0.00750938)
(0.115493 0 -0.00809549)
(0.120574 0 -0.00864692)
(0.124979 0 -0.0091637)
(0.128851 0 -0.00964774)
(0.132349 0 -0.0101053)
(0.135625 0 -0.0105411)
(0.138804 0 -0.0109557)
(0.142043 0 -0.0113563)
(0.145501 0 -0.0117519)
(0.149375 0 -0.012162)
(0.153853 0 -0.0126056)
(0.159108 0 -0.0131039)
(0.165408 0 -0.013706)
(0.172962 0 -0.014454)
(0.182035 0 -0.0154184)
(0.192797 0 -0.0166647)
(0.20526 0 -0.0182405)
(0.219448 0 -0.0202147)
(0.234816 0 -0.0225499)
(0.250397 0 -0.0251448)
(0.264353 0 -0.0278043)
(0.0106697 0 -0.00068896)
(0.030565 0 -0.00198036)
(0.0478147 0 -0.00312279)
(0.0627386 0 -0.00414619)
(0.0756439 0 -0.0050746)
(0.0867962 0 -0.00592613)
(0.0964305 0 -0.00671448)
(0.104762 0 -0.00744994)
(0.111988 0 -0.00814287)
(0.118285 0 -0.00879977)
(0.123812 0 -0.00942408)
(0.128715 0 -0.0100199)
(0.133151 0 -0.0105923)
(0.137263 0 -0.011145)
(0.141214 0 -0.0116872)
(0.145153 0 -0.0122258)
(0.149237 0 -0.012771)
(0.153617 0 -0.0133321)
(0.158516 0 -0.0139375)
(0.164112 0 -0.0146107)
(0.170573 0 -0.0153759)
(0.17818 0 -0.0162909)
(0.187149 0 -0.0174062)
(0.197702 0 -0.018789)
(0.209977 0 -0.0205019)
(0.224036 0 -0.0225959)
(0.239821 0 -0.0251014)
(0.25678 0 -0.027926)
(0.273809 0 -0.0308571)
(0.288797 0 -0.0336525)
(0.0108021 0 -0.000736374)
(0.0309428 0 -0.00211635)
(0.0484298 0 -0.00333875)
(0.0636039 0 -0.00443644)
(0.0767727 0 -0.00543505)
(0.0882077 0 -0.00635434)
(0.0981466 0 -0.00720932)
(0.10682 0 -0.00801323)
(0.11442 0 -0.00877531)
(0.121118 0 -0.00950197)
(0.127091 0 -0.0102016)
(0.132493 0 -0.0108801)
(0.137484 0 -0.0115448)
(0.142205 0 -0.0121994)
(0.14681 0 -0.0128527)
(0.151474 0 -0.0135198)
(0.156346 0 -0.0142116)
(0.161603 0 -0.0149458)
(0.167439 0 -0.0157494)
(0.174024 0 -0.0166491)
(0.181563 0 -0.0176828)
(0.190284 0 -0.0189032)
(0.200403 0 -0.0203683)
(0.212089 0 -0.0221419)
(0.225443 0 -0.0242858)
(0.240519 0 -0.0268544)
(0.257185 0 -0.0298654)
(0.274924 0 -0.0332147)
(0.292666 0 -0.0365859)
(0.309171 0 -0.0396858)
(0.0066389 0 -0.00238334)
(0.0135832 0 -0.00263954)
(0.0268594 0 -0.00290649)
(0.0453456 0 -0.00318092)
(0.066878 0 -0.00338946)
(0.0893183 0 -0.00352204)
(0.110752 0 -0.00357151)
(0.129971 0 -0.00355346)
(0.146552 0 -0.00347679)
(0.160325 0 -0.00334473)
(0.171366 0 -0.00318587)
(0.179898 0 -0.00301687)
(0.186138 0 -0.00284138)
(0.190294 0 -0.0026767)
(0.192508 0 -0.00249255)
(0.192895 0 -0.00231951)
(0.191548 0 -0.00213794)
(0.188529 0 -0.00197463)
(0.183864 0 -0.00180512)
(0.177552 0 -0.00164634)
(0.169559 0 -0.0014941)
(0.159887 0 -0.00134302)
(0.148484 0 -0.00119567)
(0.135249 0 -0.00104985)
(0.120114 0 -0.000904021)
(0.103014 0 -0.000757133)
(0.0838775 0 -0.00060618)
(0.0626603 0 -0.000444931)
(0.0392641 0 -0.000276363)
(0.0134987 0 -9.50073e-05)
(0.0121812 0 -0.00716291)
(0.0194808 0 -0.00790424)
(0.0329532 0 -0.00872736)
(0.0511998 0 -0.00948372)
(0.0722208 0 -0.0100726)
(0.0940384 0 -0.0104561)
(0.114785 0 -0.0105823)
(0.133346 0 -0.0105003)
(0.149336 0 -0.010269)
(0.16259 0 -0.00988084)
(0.173223 0 -0.00943197)
(0.181411 0 -0.00892589)
(0.187378 0 -0.00841606)
(0.1913 0 -0.0078993)
(0.193326 0 -0.00737205)
(0.193563 0 -0.00684789)
(0.192094 0 -0.00632498)
(0.18898 0 -0.00583503)
(0.18424 0 -0.00534654)
(0.177861 0 -0.00487958)
(0.169819 0 -0.00443241)
(0.160106 0 -0.00398394)
(0.148666 0 -0.00354823)
(0.1354 0 -0.00311664)
(0.120235 0 -0.00268435)
(0.103107 0 -0.00224918)
(0.0839717 0 -0.00179679)
(0.0627462 0 -0.00132172)
(0.0393118 0 -0.000821299)
(0.0135159 0 -0.000282399)
(0.0225135 0 -0.0119536)
(0.0306541 0 -0.01318)
(0.0444148 0 -0.0145205)
(0.0621631 0 -0.0156787)
(0.082356 0 -0.0165906)
(0.102974 0 -0.0171315)
(0.122419 0 -0.0172921)
(0.139761 0 -0.0171153)
(0.154649 0 -0.0167095)
(0.166947 0 -0.0160858)
(0.176791 0 -0.0153642)
(0.184319 0 -0.0145476)
(0.189751 0 -0.0137175)
(0.193227 0 -0.012858)
(0.194898 0 -0.0120095)
(0.194847 0 -0.0111576)
(0.193147 0 -0.0103245)
(0.189846 0 -0.00952179)
(0.184957 0 -0.00874101)
(0.178449 0 -0.00798343)
(0.170313 0 -0.00725105)
(0.160526 0 -0.00652627)
(0.149012 0 -0.00581657)
(0.135685 0 -0.00511177)
(0.12046 0 -0.00440363)
(0.103303 0 -0.00368788)
(0.0841524 0 -0.00294523)
(0.0628804 0 -0.00216977)
(0.0393958 0 -0.00134903)
(0.0135465 0 -0.000463961)
(0.037044 0 -0.0168979)
(0.0462915 0 -0.0185839)
(0.0602209 0 -0.0203103)
(0.0773688 0 -0.0217971)
(0.0963807 0 -0.0229304)
(0.115352 0 -0.0235352)
(0.133081 0 -0.0236708)
(0.148758 0 -0.0233771)
(0.162128 0 -0.0227738)
(0.173113 0 -0.0219238)
(0.181843 0 -0.0209282)
(0.188452 0 -0.0198322)
(0.193123 0 -0.0186949)
(0.19598 0 -0.0175353)
(0.197144 0 -0.0163791)
(0.196689 0 -0.0152372)
(0.19466 0 -0.014116)
(0.191091 0 -0.0130265)
(0.185986 0 -0.0119709)
(0.179302 0 -0.0109413)
(0.17102 0 -0.00993299)
(0.161117 0 -0.00895512)
(0.149504 0 -0.00798794)
(0.136095 0 -0.00702421)
(0.120799 0 -0.00605314)
(0.103588 0 -0.00506592)
(0.0843884 0 -0.00404878)
(0.0630573 0 -0.0029848)
(0.0395086 0 -0.00185652)
(0.0135873 0 -0.00063859)
(0.0550515 0 -0.022086)
(0.065397 0 -0.0241519)
(0.0793872 0 -0.0261644)
(0.0958394 0 -0.0278731)
(0.113364 0 -0.0290829)
(0.130446 0 -0.0296842)
(0.146121 0 -0.0297201)
(0.1598 0 -0.0292669)
(0.171347 0 -0.0284524)
(0.180743 0 -0.0273704)
(0.18812 0 -0.0261167)
(0.193602 0 -0.0247565)
(0.197339 0 -0.0233422)
(0.199431 0 -0.0219073)
(0.199968 0 -0.0204729)
(0.199009 0 -0.019065)
(0.196569 0 -0.0176803)
(0.192664 0 -0.0163284)
(0.187288 0 -0.0150197)
(0.180389 0 -0.013741)
(0.171918 0 -0.0124833)
(0.161856 0 -0.0112604)
(0.150125 0 -0.0100515)
(0.136614 0 -0.00884431)
(0.121235 0 -0.00762551)
(0.103948 0 -0.00638115)
(0.0846746 0 -0.00510181)
(0.0632695 0 -0.00376271)
(0.0396436 0 -0.00234107)
(0.0136353 0 -0.000805314)
(0.0758533 0 -0.0275496)
(0.0870821 0 -0.0298784)
(0.101065 0 -0.032085)
(0.116654 0 -0.0338898)
(0.132493 0 -0.0350649)
(0.147489 0 -0.0355665)
(0.160851 0 -0.0354212)
(0.172313 0 -0.0347628)
(0.181834 0 -0.0337198)
(0.189458 0 -0.0324032)
(0.195318 0 -0.0309055)
(0.19953 0 -0.0293004)
(0.20221 0 -0.0276369)
(0.203434 0 -0.0259548)
(0.203251 0 -0.0242682)
(0.201715 0 -0.0226236)
(0.198802 0 -0.0210021)
(0.194504 0 -0.0194102)
(0.188813 0 -0.0178733)
(0.181659 0 -0.0163682)
(0.172978 0 -0.0148884)
(0.162733 0 -0.0134322)
(0.150853 0 -0.0119974)
(0.137221 0 -0.0105635)
(0.121754 0 -0.00911457)
(0.104377 0 -0.00763205)
(0.0850036 0 -0.00610406)
(0.0635108 0 -0.00450359)
(0.039796 0 -0.00280276)
(0.0136892 0 -0.000964171)
(0.0988438 0 -0.0332636)
(0.110738 0 -0.0357619)
(0.124536 0 -0.0380492)
(0.139019 0 -0.0398086)
(0.153001 0 -0.0408353)
(0.165691 0 -0.0411268)
(0.176606 0 -0.0407418)
(0.185732 0 -0.0398382)
(0.193116 0 -0.0385522)
(0.198869 0 -0.0370025)
(0.203124 0 -0.0352757)
(0.205986 0 -0.0334475)
(0.207538 0 -0.031563)
(0.207831 0 -0.0296648)
(0.206878 0 -0.0277617)
(0.204709 0 -0.0259001)
(0.201283 0 -0.0240709)
(0.196557 0 -0.02227)
(0.190509 0 -0.02052)
(0.183072 0 -0.0188111)
(0.174164 0 -0.0171304)
(0.163721 0 -0.015469)
(0.151667 0 -0.0138265)
(0.137897 0 -0.0121831)
(0.122317 0 -0.0105201)
(0.104838 0 -0.00881767)
(0.0853622 0 -0.00705623)
(0.063773 0 -0.0052082)
(0.0399608 0 -0.00324211)
(0.0137472 0 -0.00111534)
(0.123499 0 -0.0391693)
(0.13582 0 -0.0417509)
(0.149193 0 -0.0440035)
(0.162304 0 -0.0455845)
(0.174195 0 -0.0463409)
(0.184384 0 -0.0463144)
(0.192793 0 -0.0456381)
(0.199528 0 -0.0444611)
(0.204742 0 -0.0429252)
(0.208601 0 -0.0411495)
(0.211228 0 -0.0392124)
(0.212719 0 -0.0371853)
(0.213119 0 -0.0351078)
(0.21246 0 -0.0330232)
(0.210722 0 -0.0309412)
(0.207886 0 -0.0288853)
(0.203922 0 -0.026874)
(0.198759 0 -0.0248992)
(0.192338 0 -0.0229642)
(0.184592 0 -0.0210732)
(0.175433 0 -0.0192126)
(0.164779 0 -0.0173719)
(0.152543 0 -0.0155422)
(0.138621 0 -0.0137064)
(0.122914 0 -0.0118448)
(0.105322 0 -0.00993581)
(0.0857384 0 -0.00795551)
(0.064047 0 -0.00587429)
(0.0401321 0 -0.00365761)
(0.0138072 0 -0.00125828)
(0.149365 0 -0.0451902)
(0.161859 0 -0.0477742)
(0.174505 0 -0.0498729)
(0.185913 0 -0.0511388)
(0.195457 0 -0.0515055)
(0.203007 0 -0.0510805)
(0.208863 0 -0.050064)
(0.213212 0 -0.048596)
(0.216291 0 -0.0468135)
(0.218299 0 -0.044827)
(0.219339 0 -0.0427025)
(0.219489 0 -0.0405043)
(0.218758 0 -0.0382616)
(0.217159 0 -0.0360202)
(0.214645 0 -0.0337896)
(0.211158 0 -0.0315814)
(0.20665 0 -0.0294173)
(0.201038 0 -0.0272932)
(0.194242 0 -0.0252086)
(0.18618 0 -0.0231617)
(0.176757 0 -0.0211424)
(0.165881 0 -0.0191398)
(0.153455 0 -0.0171414)
(0.139373 0 -0.0151301)
(0.123529 0 -0.0130855)
(0.105816 0 -0.0109843)
(0.0861213 0 -0.00879974)
(0.0643244 0 -0.00650012)
(0.0403045 0 -0.00404812)
(0.0138672 0 -0.00139256)
(0.176062 0 -0.0512449)
(0.18846 0 -0.053755)
(0.199967 0 -0.0555609)
(0.209257 0 -0.0563621)
(0.21618 0 -0.0562284)
(0.221016 0 -0.0553511)
(0.224295 0 -0.0539602)
(0.226327 0 -0.0522032)
(0.227375 0 -0.050191)
(0.227639 0 -0.0480193)
(0.227183 0 -0.045735)
(0.226078 0 -0.0433993)
(0.224292 0 -0.0410309)
(0.221806 0 -0.0386668)
(0.218548 0 -0.0363189)
(0.21444 0 -0.0339975)
(0.209404 0 -0.0317132)
(0.203347 0 -0.0294664)
(0.196176 0 -0.0272552)
(0.187795 0 -0.0250754)
(0.178103 0 -0.0229181)
(0.166999 0 -0.0207717)
(0.154379 0 -0.0186223)
(0.140131 0 -0.0164521)
(0.124146 0 -0.01424)
(0.106309 0 -0.0119613)
(0.0865005 0 -0.00958735)
(0.0645974 0 -0.00708436)
(0.0404729 0 -0.00441274)
(0.0139255 0 -0.00151789)
(0.203282 0 -0.0572726)
(0.215246 0 -0.0596119)
(0.22501 0 -0.0609323)
(0.231667 0 -0.0611009)
(0.235708 0 -0.0603726)
(0.237814 0 -0.0590227)
(0.238585 0 -0.0572633)
(0.238458 0 -0.0552423)
(0.237643 0 -0.0530328)
(0.236337 0 -0.050715)
(0.234557 0 -0.0483162)
(0.232329 0 -0.045881)
(0.2296 0 -0.0434289)
(0.226305 0 -0.0409812)
(0.222357 0 -0.0385496)
(0.217661 0 -0.0361427)
(0.21212 0 -0.0337665)
(0.205632 0 -0.031422)
(0.198093 0 -0.0291068)
(0.189398 0 -0.0268157)
(0.179439 0 -0.02454)
(0.168108 0 -0.0222677)
(0.155292 0 -0.0199842)
(0.140878 0 -0.0176712)
(0.12475 0 -0.015307)
(0.106787 0 -0.0128657)
(0.0868663 0 -0.0103172)
(0.0648588 0 -0.00762612)
(0.0406328 0 -0.00475087)
(0.0139804 0 -0.00163403)
(0.230797 0 -0.0632399)
(0.241725 0 -0.0652172)
(0.248854 0 -0.0657699)
(0.252327 0 -0.065142)
(0.253315 0 -0.0637747)
(0.252768 0 -0.0619748)
(0.251255 0 -0.0599028)
(0.24924 0 -0.057679)
(0.246855 0 -0.0553364)
(0.244223 0 -0.0529234)
(0.241331 0 -0.0504612)
(0.238142 0 -0.0479727)
(0.234584 0 -0.0454732)
(0.230568 0 -0.0429765)
(0.225993 0 -0.040492)
(0.220753 0 -0.0380265)
(0.214741 0 -0.0355841)
(0.207845 0 -0.0331653)
(0.199954 0 -0.0307675)
(0.190955 0 -0.0283852)
(0.180736 0 -0.0260095)
(0.169181 0 -0.0236286)
(0.156173 0 -0.0212274)
(0.141595 0 -0.0187874)
(0.125325 0 -0.016286)
(0.10724 0 -0.0136969)
(0.0872095 0 -0.0109888)
(0.0651017 0 -0.00812484)
(0.0407801 0 -0.00506211)
(0.0140304 0 -0.00174084)
(0.258324 0 -0.0690857)
(0.26696 0 -0.0702787)
(0.27032 0 -0.0697131)
(0.27023 0 -0.0682067)
(0.268235 0 -0.0662572)
(0.265367 0 -0.064117)
(0.262021 0 -0.061851)
(0.258508 0 -0.0595125)
(0.254903 0 -0.0571145)
(0.251222 0 -0.0546715)
(0.247421 0 -0.0521942)
(0.243432 0 -0.0496946)
(0.239166 0 -0.0471828)
(0.234521 0 -0.0446685)
(0.229391 0 -0.0421592)
(0.223661 0 -0.0396603)
(0.217217 0 -0.0371749)
(0.209942 0 -0.0347032)
(0.201721 0 -0.0322426)
(0.192435 0 -0.0297876)
(0.181966 0 -0.0273295)
(0.170196 0 -0.0248564)
(0.157004 0 -0.0223532)
(0.142267 0 -0.0198011)
(0.12586 0 -0.0171773)
(0.107656 0 -0.0144549)
(0.0875217 0 -0.0116019)
(0.0653202 0 -0.00858034)
(0.0409109 0 -0.00534632)
(0.0140744 0 -0.00183828)
(0.284842 0 -0.0744748)
(0.288983 0 -0.0741182)
(0.287713 0 -0.0722153)
(0.284351 0 -0.0699984)
(0.280032 0 -0.0677096)
(0.27545 0 -0.0654185)
(0.270829 0 -0.0631105)
(0.266266 0 -0.060774)
(0.261766 0 -0.0584004)
(0.257292 0 -0.0559887)
(0.252778 0 -0.0535431)
(0.248143 0 -0.0510707)
(0.24329 0 -0.0485788)
(0.238113 0 -0.0460751)
(0.232501 0 -0.043566)
(0.226338 0 -0.0410564)
(0.219507 0 -0.0385488)
(0.211888 0 -0.0360437)
(0.203362 0 -0.0335385)
(0.193808 0 -0.0310279)
(0.183106 0 -0.0285035)
(0.171133 0 -0.0259537)
(0.157765 0 -0.0233633)
(0.142878 0 -0.0207136)
(0.126342 0 -0.0179817)
(0.108026 0 -0.0151402)
(0.0877954 0 -0.0121567)
(0.0655087 0 -0.00899275)
(0.0410218 0 -0.00560356)
(0.0141111 0 -0.00192637)
(0.306242 0 -0.0779411)
(0.305363 0 -0.0754755)
(0.300074 0 -0.0726727)
(0.294404 0 -0.0702904)
(0.288725 0 -0.0680826)
(0.283178 0 -0.065918)
(0.277793 0 -0.0637357)
(0.272567 0 -0.0615119)
(0.267464 0 -0.0592379)
(0.262423 0 -0.0569119)
(0.257378 0 -0.0545394)
(0.252244 0 -0.0521279)
(0.24692 0 -0.049684)
(0.241304 0 -0.0472152)
(0.235286 0 -0.0447283)
(0.228749 0 -0.0422279)
(0.221578 0 -0.0397168)
(0.213651 0 -0.0371955)
(0.20485 0 -0.0346621)
(0.195052 0 -0.0321116)
(0.184135 0 -0.0295359)
(0.171974 0 -0.0269238)
(0.158443 0 -0.0242602)
(0.143415 0 -0.0215267)
(0.126759 0 -0.0187003)
(0.108341 0 -0.0157536)
(0.0880236 0 -0.0126539)
(0.0656622 0 -0.00936243)
(0.0411099 0 -0.00583402)
(0.0141396 0 -0.00200516)
(0.0109246 0 -0.000782498)
(0.0313192 0 -0.00225055)
(0.0490649 0 -0.00355355)
(0.0644985 0 -0.00472575)
(0.0779395 0 -0.00579504)
(0.0896664 0 -0.00678299)
(0.0999255 0 -0.00770653)
(0.108947 0 -0.0085805)
(0.116916 0 -0.00941295)
(0.124028 0 -0.0102145)
(0.13045 0 -0.0109924)
(0.136349 0 -0.0117565)
(0.141879 0 -0.0125148)
(0.147193 0 -0.0132753)
(0.152438 0 -0.0140457)
(0.1578 0 -0.0148461)
(0.163416 0 -0.0156883)
(0.169476 0 -0.0165963)
(0.176154 0 -0.0175968)
(0.183604 0 -0.0187191)
(0.192039 0 -0.0200077)
(0.201636 0 -0.021512)
(0.21258 0 -0.0232917)
(0.22497 0 -0.025404)
(0.238828 0 -0.0279066)
(0.254122 0 -0.030859)
(0.270546 0 -0.0342963)
(0.287429 0 -0.0382443)
(0.30342 0 -0.0427838)
(0.317606 0 -0.0488197)
(0.0110546 0 -0.000828789)
(0.0317144 0 -0.00238555)
(0.0497267 0 -0.00376968)
(0.0654296 0 -0.00501716)
(0.0791531 0 -0.0061583)
(0.0911816 0 -0.00721631)
(0.101767 0 -0.00820967)
(0.111137 0 -0.00915366)
(0.11949 0 -0.0100594)
(0.127016 0 -0.0109385)
(0.13389 0 -0.0117991)
(0.14028 0 -0.0126516)
(0.14634 0 -0.0135067)
(0.152217 0 -0.0143732)
(0.158085 0 -0.0152658)
(0.164101 0 -0.0162008)
(0.170399 0 -0.0171932)
(0.177171 0 -0.0182708)
(0.184568 0 -0.0194597)
(0.192725 0 -0.0207899)
(0.201833 0 -0.0223075)
(0.212016 0 -0.0240564)
(0.223399 0 -0.026091)
(0.235983 0 -0.0284544)
(0.249679 0 -0.0311899)
(0.264296 0 -0.0343369)
(0.279291 0 -0.0378912)
(0.293797 0 -0.0418294)
(0.306689 0 -0.0461343)
(0.316968 0 -0.0509431)
(0.0111901 0 -0.000874788)
(0.0321219 0 -0.00251953)
(0.050406 0 -0.00398436)
(0.0663839 0 -0.00530702)
(0.0803941 0 -0.00651995)
(0.0927285 0 -0.00764837)
(0.103642 0 -0.00871198)
(0.113363 0 -0.00972707)
(0.122096 0 -0.0107066)
(0.130029 0 -0.0116628)
(0.137342 0 -0.0126063)
(0.144211 0 -0.01355)
(0.150779 0 -0.0145029)
(0.157188 0 -0.0154754)
(0.163627 0 -0.0164875)
(0.170227 0 -0.0175528)
(0.177117 0 -0.0186876)
(0.184485 0 -0.0199227)
(0.192447 0 -0.0212811)
(0.201113 0 -0.0227911)
(0.210638 0 -0.0244963)
(0.221084 0 -0.0264309)
(0.232499 0 -0.0286379)
(0.24477 0 -0.0311356)
(0.257706 0 -0.0339445)
(0.270976 0 -0.0370669)
(0.283998 0 -0.0404654)
(0.296057 0 -0.0441026)
(0.306355 0 -0.0479486)
(0.31408 0 -0.0519699)
(0.0113286 0 -0.000920061)
(0.0325366 0 -0.00265139)
(0.051095 0 -0.00419581)
(0.0673511 0 -0.00559302)
(0.0816501 0 -0.00687727)
(0.0942893 0 -0.00807547)
(0.105529 0 -0.00920913)
(0.115599 0 -0.0102954)
(0.124703 0 -0.0113485)
(0.13303 0 -0.0123816)
(0.140771 0 -0.0134082)
(0.148099 0 -0.0144426)
(0.155132 0 -0.0154901)
(0.162025 0 -0.0165648)
(0.168974 0 -0.0176912)
(0.176073 0 -0.0188772)
(0.183446 0 -0.0201406)
(0.191276 0 -0.0215152)
(0.19963 0 -0.0230154)
(0.208594 0 -0.0246678)
(0.218276 0 -0.0265091)
(0.22867 0 -0.0285594)
(0.239735 0 -0.0308435)
(0.2513 0 -0.0333621)
(0.263134 0 -0.036118)
(0.274877 0 -0.0390921)
(0.286041 0 -0.0422451)
(0.296086 0 -0.0455396)
(0.304388 0 -0.0488993)
(0.31041 0 -0.0522562)
(0.0114679 0 -0.000964142)
(0.0329534 0 -0.00277993)
(0.0517857 0 -0.00440212)
(0.0683184 0 -0.00587228)
(0.0829054 0 -0.00722682)
(0.0958459 0 -0.00849373)
(0.107405 0 -0.00969597)
(0.117814 0 -0.0108525)
(0.127278 0 -0.0119778)
(0.135991 0 -0.0130878)
(0.144144 0 -0.0141976)
(0.151882 0 -0.0153165)
(0.159333 0 -0.0164537)
(0.166665 0 -0.0176267)
(0.174043 0 -0.0188567)
(0.181538 0 -0.0201489)
(0.189294 0 -0.0215267)
(0.197432 0 -0.0230136)
(0.205992 0 -0.0246207)
(0.215045 0 -0.026372)
(0.224632 0 -0.0282913)
(0.234702 0 -0.0303878)
(0.245172 0 -0.0326723)
(0.255861 0 -0.03514)
(0.266522 0 -0.0377776)
(0.276831 0 -0.0405581)
(0.286416 0 -0.04345)
(0.294825 0 -0.0463891)
(0.301631 0 -0.0492972)
(0.306535 0 -0.0521212)
(0.0116056 0 -0.00100651)
(0.0333669 0 -0.00290377)
(0.0524695 0 -0.00460115)
(0.0692724 0 -0.00614176)
(0.0841418 0 -0.00756449)
(0.0973768 0 -0.00889839)
(0.109245 0 -0.0101672)
(0.11998 0 -0.0113916)
(0.129795 0 -0.0125889)
(0.13888 0 -0.0137742)
(0.147401 0 -0.0149609)
(0.155503 0 -0.0161584)
(0.163326 0 -0.0173794)
(0.171035 0 -0.018643)
(0.178745 0 -0.0199609)
(0.186544 0 -0.0213442)
(0.194549 0 -0.0228126)
(0.20283 0 -0.0243792)
(0.211434 0 -0.0260585)
(0.220394 0 -0.0278661)
(0.229705 0 -0.0298147)
(0.239304 0 -0.0319092)
(0.249075 0 -0.0341485)
(0.258845 0 -0.0365216)
(0.268385 0 -0.0390089)
(0.277442 0 -0.0415877)
(0.285687 0 -0.0442095)
(0.292786 0 -0.0468084)
(0.298491 0 -0.049334)
(0.302631 0 -0.0517328)
(0.0117395 0 -0.0010468)
(0.0337736 0 -0.003022)
(0.053137 0 -0.00479053)
(0.070198 0 -0.00639801)
(0.0853418 0 -0.00788609)
(0.0988579 0 -0.00928396)
(0.111032 0 -0.0106186)
(0.122091 0 -0.0119102)
(0.132233 0 -0.0131756)
(0.141641 0 -0.0144288)
(0.150483 0 -0.0156845)
(0.158904 0 -0.0169538)
(0.167043 0 -0.01825)
(0.17504 0 -0.0195886)
(0.182989 0 -0.0209787)
(0.190984 0 -0.0224328)
(0.199109 0 -0.0239651)
(0.207417 0 -0.0255866)
(0.215941 0 -0.027308)
(0.224684 0 -0.0291383)
(0.233616 0 -0.0310826)
(0.242663 0 -0.0331404)
(0.251707 0 -0.0353042)
(0.260585 0 -0.0375591)
(0.269123 0 -0.0398889)
(0.277082 0 -0.0422578)
(0.284201 0 -0.0446147)
(0.290277 0 -0.0469164)
(0.295155 0 -0.0491203)
(0.298741 0 -0.05118)
(0.0118644 0 -0.00108404)
(0.0341387 0 -0.00313014)
(0.0537519 0 -0.00496525)
(0.0710777 0 -0.00663711)
(0.0864876 0 -0.0081871)
(0.100285 0 -0.00964674)
(0.112744 0 -0.0110431)
(0.124089 0 -0.0123955)
(0.134518 0 -0.0137217)
(0.14421 0 -0.0150362)
(0.153329 0 -0.0163535)
(0.162017 0 -0.0176855)
(0.170403 0 -0.0190448)
(0.178606 0 -0.0204431)
(0.186718 0 -0.0218904)
(0.194819 0 -0.0233971)
(0.202971 0 -0.0249731)
(0.211214 0 -0.0266269)
(0.219563 0 -0.0283649)
(0.228006 0 -0.0301909)
(0.236498 0 -0.0321049)
(0.244964 0 -0.0341022)
(0.253293 0 -0.0361719)
(0.261361 0 -0.038302)
(0.268995 0 -0.0404662)
(0.275997 0 -0.0426252)
(0.2822 0 -0.0447443)
(0.287468 0 -0.0467884)
(0.291708 0 -0.0487226)
(0.29487 0 -0.0505095)
(0.0119772 0 -0.00111735)
(0.0344759 0 -0.00322767)
(0.0543233 0 -0.00512383)
(0.0718935 0 -0.00685435)
(0.0875525 0 -0.00846111)
(0.101606 0 -0.00997675)
(0.114321 0 -0.0114278)
(0.125922 0 -0.0128348)
(0.136605 0 -0.0142154)
(0.146545 0 -0.0155844)
(0.155896 0 -0.0169553)
(0.164797 0 -0.01834)
(0.173368 0 -0.0197501)
(0.181714 0 -0.0211957)
(0.189919 0 -0.0226857)
(0.198049 0 -0.024228)
(0.206153 0 -0.0258295)
(0.214258 0 -0.0274955)
(0.222366 0 -0.0292289)
(0.230457 0 -0.0310298)
(0.238482 0 -0.0328945)
(0.24637 0 -0.0348155)
(0.254038 0 -0.0367849)
(0.26136 0 -0.0387823)
(0.268183 0 -0.0407776)
(0.274379 0 -0.0427437)
(0.279832 0 -0.0446517)
(0.284452 0 -0.0464733)
(0.288185 0 -0.0481807)
(0.291007 0 -0.0497452)
(0.0120765 0 -0.00114622)
(0.0347771 0 -0.00331278)
(0.0548365 0 -0.00526265)
(0.0726278 0 -0.00704497)
(0.0885132 0 -0.00870211)
(0.102798 0 -0.0102672)
(0.115742 0 -0.0117667)
(0.127569 0 -0.0132216)
(0.138471 0 -0.0146494)
(0.148618 0 -0.0160648)
(0.158159 0 -0.0174808)
(0.167224 0 -0.0189085)
(0.175924 0 -0.0203579)
(0.184354 0 -0.0218379)
(0.192589 0 -0.0233561)
(0.200688 0 -0.0249186)
(0.208684 0 -0.0265291)
(0.216597 0 -0.0281903)
(0.224423 0 -0.0299024)
(0.232136 0 -0.0316625)
(0.239689 0 -0.0334644)
(0.247033 0 -0.035303)
(0.254081 0 -0.0371644)
(0.260718 0 -0.0390242)
(0.266842 0 -0.040861)
(0.27236 0 -0.0426518)
(0.277193 0 -0.0443733)
(0.281284 0 -0.0460027)
(0.284602 0 -0.0475183)
(0.28714 0 -0.0488986)
(0.0121603 0 -0.0011701)
(0.0350352 0 -0.00338368)
(0.055281 0 -0.00537896)
(0.0732681 0 -0.00720542)
(0.0893548 0 -0.00890567)
(0.103843 0 -0.010513)
(0.116988 0 -0.0120539)
(0.12901 0 -0.0135493)
(0.140097 0 -0.0150164)
(0.150413 0 -0.0164697)
(0.160101 0 -0.0179214)
(0.169283 0 -0.0193818)
(0.178063 0 -0.0208596)
(0.186527 0 -0.0223624)
(0.194742 0 -0.0238956)
(0.202757 0 -0.0254638)
(0.210601 0 -0.027069)
(0.218286 0 -0.0287115)
(0.225805 0 -0.030389)
(0.233134 0 -0.0320973)
(0.240233 0 -0.0338293)
(0.247056 0 -0.0355775)
(0.253528 0 -0.0373259)
(0.259561 0 -0.0390541)
(0.265082 0 -0.0407441)
(0.270026 0 -0.042377)
(0.274342 0 -0.0439339)
(0.277993 0 -0.0453966)
(0.280966 0 -0.0467489)
(0.283261 0 -0.0479744)
(0.0122266 0 -0.0011884)
(0.0352442 0 -0.00343864)
(0.0556481 0 -0.00547007)
(0.073804 0 -0.00733215)
(0.090065 0 -0.00906742)
(0.104728 0 -0.0107091)
(0.118046 0 -0.0122835)
(0.130232 0 -0.0138114)
(0.141469 0 -0.0153095)
(0.151917 0 -0.0167918)
(0.161711 0 -0.0182696)
(0.170968 0 -0.0197524)
(0.179784 0 -0.0212476)
(0.188238 0 -0.0227616)
(0.196393 0 -0.0242985)
(0.204287 0 -0.0258604)
(0.211946 0 -0.0274479)
(0.21938 0 -0.0290599)
(0.226582 0 -0.0306927)
(0.233532 0 -0.032341)
(0.240197 0 -0.0339972)
(0.246534 0 -0.0356513)
(0.252483 0 -0.0372885)
(0.257984 0 -0.0388923)
(0.262985 0 -0.0404474)
(0.267441 0 -0.0419381)
(0.271319 0 -0.0433494)
(0.2746 0 -0.0446672)
(0.277279 0 -0.0458791)
(0.279361 0 -0.0469729)
(0.012274 0 -0.00120056)
(0.0353994 0 -0.00347598)
(0.0559308 0 -0.00553335)
(0.0742267 0 -0.00742165)
(0.0906336 0 -0.00918306)
(0.105443 0 -0.0108505)
(0.118904 0 -0.01245)
(0.131223 0 -0.0140018)
(0.142578 0 -0.015522)
(0.153121 0 -0.0170238)
(0.162985 0 -0.0185181)
(0.172279 0 -0.0200132)
(0.181092 0 -0.0215151)
(0.189501 0 -0.0230295)
(0.197564 0 -0.0245596)
(0.205311 0 -0.026105)
(0.212766 0 -0.0276651)
(0.219937 0 -0.0292373)
(0.226822 0 -0.0308175)
(0.233404 0 -0.0323997)
(0.239659 0 -0.0339763)
(0.245549 0 -0.0355361)
(0.251029 0 -0.037066)
(0.256063 0 -0.0385532)
(0.260612 0 -0.0399847)
(0.26465 0 -0.0413476)
(0.268154 0 -0.0426298)
(0.271118 0 -0.0438207)
(0.273542 0 -0.0449109)
(0.275436 0 -0.0458914)
(0.0123012 0 -0.00120604)
(0.0354974 0 -0.00349412)
(0.0561239 0 -0.00556626)
(0.0745297 0 -0.00747055)
(0.0910533 0 -0.0092484)
(0.10598 0 -0.0109322)
(0.119554 0 -0.0125477)
(0.131977 0 -0.0141144)
(0.143418 0 -0.0156475)
(0.154022 0 -0.0171592)
(0.163923 0 -0.0186603)
(0.173225 0 -0.0201581)
(0.181999 0 -0.021656)
(0.190337 0 -0.0231612)
(0.198288 0 -0.0246755)
(0.205869 0 -0.0261951)
(0.213107 0 -0.0277193)
(0.220013 0 -0.0292448)
(0.226587 0 -0.0307668)
(0.232817 0 -0.0322789)
(0.238686 0 -0.0337732)
(0.244166 0 -0.0352398)
(0.249231 0 -0.036668)
(0.253854 0 -0.0380467)
(0.258011 0 -0.039365)
(0.261686 0 -0.0406127)
(0.264868 0 -0.0417801)
(0.267557 0 -0.0428592)
(0.269758 0 -0.0438429)
(0.271482 0 -0.0447248)
(0.0123075 0 -0.00120431)
(0.035536 0 -0.00349155)
(0.0562242 0 -0.00556639)
(0.0747095 0 -0.00747558)
(0.0913201 0 -0.00925943)
(0.106333 0 -0.0109493)
(0.119992 0 -0.0125712)
(0.132493 0 -0.0141436)
(0.143991 0 -0.0156801)
(0.154623 0 -0.0171913)
(0.164535 0 -0.0186899)
(0.173825 0 -0.0201823)
(0.182551 0 -0.0216693)
(0.190792 0 -0.0231557)
(0.198595 0 -0.0246422)
(0.205992 0 -0.026127)
(0.213005 0 -0.0276075)
(0.219648 0 -0.0290801)
(0.225922 0 -0.0305396)
(0.231822 0 -0.0319794)
(0.237337 0 -0.0333921)
(0.242449 0 -0.0347689)
(0.247143 0 -0.0361008)
(0.251404 0 -0.0373786)
(0.255219 0 -0.0385933)
(0.258578 0 -0.0397368)
(0.26148 0 -0.0408015)
(0.263928 0 -0.0417813)
(0.26593 0 -0.0426713)
(0.2675 0 -0.0434665)
(0.0122925 0 -0.00119491)
(0.0355143 0 -0.00346685)
(0.0562306 0 -0.00553144)
(0.0747652 0 -0.00743371)
(0.0914341 0 -0.00921244)
(0.106499 0 -0.0108971)
(0.120217 0 -0.0125149)
(0.132777 0 -0.014084)
(0.14431 0 -0.0156146)
(0.154962 0 -0.0171183)
(0.164858 0 -0.0186046)
(0.174094 0 -0.0200793)
(0.182741 0 -0.0215448)
(0.190864 0 -0.0230033)
(0.198512 0 -0.0244547)
(0.205719 0 -0.0258973)
(0.212507 0 -0.0273282)
(0.218893 0 -0.0287431)
(0.224882 0 -0.030137)
(0.230475 0 -0.0315036)
(0.235666 0 -0.0328358)
(0.240448 0 -0.0341263)
(0.244813 0 -0.0353673)
(0.248755 0 -0.0365512)
(0.252268 0 -0.0376709)
(0.255351 0 -0.0387197)
(0.258007 0 -0.039692)
(0.260242 0 -0.0405832)
(0.262067 0 -0.0413897)
(0.263496 0 -0.0421081)
(0.012257 0 -0.00117738)
(0.0354336 0 -0.00341859)
(0.0561446 0 -0.00545902)
(0.0746994 0 -0.00734172)
(0.0914034 0 -0.00910394)
(0.106515 0 -0.0107747)
(0.120266 0 -0.0123776)
(0.132839 0 -0.0139303)
(0.144378 0 -0.0154443)
(0.155019 0 -0.0169297)
(0.164877 0 -0.0183941)
(0.174043 0 -0.0198425)
(0.182593 0 -0.0212773)
(0.190588 0 -0.0226996)
(0.198074 0 -0.0241089)
(0.205089 0 -0.0255031)
(0.211657 0 -0.0268792)
(0.217797 0 -0.0282328)
(0.223519 0 -0.029559)
(0.228829 0 -0.030852)
(0.233726 0 -0.0321053)
(0.238211 0 -0.0333127)
(0.242283 0 -0.0344677)
(0.245943 0 -0.035564)
(0.249191 0 -0.036596)
(0.25203 0 -0.0375584)
(0.254467 0 -0.038447)
(0.256513 0 -0.0392583)
(0.258179 0 -0.03999)
(0.259478 0 -0.0406398)
(0.012202 0 -0.00115134)
(0.0352959 0 -0.00334555)
(0.0559689 0 -0.00534706)
(0.0745148 0 -0.00719662)
(0.0912268 0 -0.00892969)
(0.106355 0 -0.0105739)
(0.120114 0 -0.0121509)
(0.132681 0 -0.0136769)
(0.144205 0 -0.0151637)
(0.154812 0 -0.0166202)
(0.164613 0 -0.018053)
(0.173697 0 -0.0194661)
(0.182138 0 -0.0208616)
(0.189996 0 -0.0222401)
(0.19732 0 -0.0236005)
(0.204146 0 -0.0249407)
(0.210502 0 -0.0262574)
(0.216409 0 -0.0275465)
(0.221883 0 -0.0288034)
(0.226933 0 -0.0300228)
(0.231564 0 -0.0311987)
(0.235782 0 -0.032326)
(0.239593 0 -0.0333993)
(0.243002 0 -0.0344136)
(0.246015 0 -0.0353641)
(0.248638 0 -0.0362471)
(0.250882 0 -0.0370592)
(0.252757 0 -0.0377981)
(0.254278 0 -0.0384622)
(0.255458 0 -0.0390499)
(0.0121279 0 -0.00111643)
(0.0351036 0 -0.00324673)
(0.0557074 0 -0.00519388)
(0.0742163 0 -0.00699604)
(0.09091 0 -0.00868655)
(0.106027 0 -0.0102913)
(0.119773 0 -0.0118303)
(0.132317 0 -0.0133186)
(0.143806 0 -0.0147673)
(0.154363 0 -0.0161845)
(0.164093 0 -0.0175757)
(0.173084 0 -0.0189445)
(0.18141 0 -0.0202924)
(0.189129 0 -0.0216195)
(0.19629 0 -0.0229246)
(0.202932 0 -0.0242053)
(0.209087 0 -0.0254585)
(0.214777 0 -0.0266803)
(0.220021 0 -0.0278664)
(0.224834 0 -0.029012)
(0.229224 0 -0.0301119)
(0.233203 0 -0.0311616)
(0.236781 0 -0.0321569)
(0.239967 0 -0.0330936)
(0.24277 0 -0.0339681)
(0.245202 0 -0.0347774)
(0.247272 0 -0.0355191)
(0.248995 0 -0.0361916)
(0.250385 0 -0.036794)
(0.251454 0 -0.0373255)
(0.0120362 0 -0.00107233)
(0.0348611 0 -0.00312109)
(0.0553667 0 -0.00499767)
(0.0738127 0 -0.00673741)
(0.0904641 0 -0.00837123)
(0.105549 0 -0.00992316)
(0.119261 0 -0.0114116)
(0.131766 0 -0.0128504)
(0.143205 0 -0.0142497)
(0.153698 0 -0.0156168)
(0.163347 0 -0.0169565)
(0.172239 0 -0.0182717)
(0.180444 0 -0.0195636)
(0.188024 0 -0.020832)
(0.195027 0 -0.0220753)
(0.201494 0 -0.0232913)
(0.207458 0 -0.0244769)
(0.212947 0 -0.0256285)
(0.21798 0 -0.0267421)
(0.222578 0 -0.0278137)
(0.226751 0 -0.0288383)
(0.230515 0 -0.0298123)
(0.233885 0 -0.0307324)
(0.236873 0 -0.0315953)
(0.23949 0 -0.032398)
(0.24175 0 -0.0331383)
(0.243666 0 -0.0338145)
(0.245251 0 -0.0344257)
(0.24652 0 -0.0349713)
(0.247487 0 -0.035451)
(0.0119293 0 -0.00101874)
(0.0345742 0 -0.0029677)
(0.0549559 0 -0.0047568)
(0.0733159 0 -0.00641833)
(0.0899042 0 -0.00798066)
(0.104937 0 -0.00946576)
(0.1186 0 -0.0108904)
(0.131051 0 -0.0122672)
(0.142429 0 -0.0136054)
(0.152848 0 -0.0149114)
(0.162409 0 -0.0161893)
(0.171197 0 -0.0174415)
(0.179282 0 -0.0186688)
(0.186725 0 -0.0198707)
(0.193576 0 -0.0210457)
(0.199878 0 -0.0221915)
(0.205665 0 -0.0233051)
(0.210967 0 -0.0243833)
(0.215809 0 -0.0254226)
(0.220212 0 -0.0264191)
(0.22419 0 -0.0273687)
(0.227762 0 -0.0282683)
(0.230946 0 -0.0291153)
(0.233757 0 -0.0299069)
(0.236209 0 -0.0306411)
(0.238316 0 -0.0313161)
(0.240092 0 -0.0319307)
(0.241553 0 -0.0324845)
(0.242713 0 -0.0329773)
(0.243586 0 -0.0334091)
(0.0118097 0 -0.00095542)
(0.0342506 0 -0.00278572)
(0.0544867 0 -0.00446975)
(0.0727412 0 -0.00603659)
(0.0892488 0 -0.00751188)
(0.104214 0 -0.00891548)
(0.117814 0 -0.0102625)
(0.130202 0 -0.0115643)
(0.141508 0 -0.0128289)
(0.151847 0 -0.0140621)
(0.161317 0 -0.0152674)
(0.169999 0 -0.0164467)
(0.177966 0 -0.0176004)
(0.185277 0 -0.0187279)
(0.191985 0 -0.0198275)
(0.198132 0 -0.0208972)
(0.203756 0 -0.0219341)
(0.208888 0 -0.0229352)
(0.213556 0 -0.0238974)
(0.217784 0 -0.0248174)
(0.221587 0 -0.0256914)
(0.224988 0 -0.0265168)
(0.228007 0 -0.0272917)
(0.230661 0 -0.028014)
(0.232965 0 -0.0286818)
(0.234935 0 -0.0292941)
(0.236587 0 -0.02985)
(0.237937 0 -0.0303494)
(0.238997 0 -0.0307924)
(0.239784 0 -0.0311793)
(0.0116807 0 -0.000882138)
(0.0338991 0 -0.00257441)
(0.0539728 0 -0.00413512)
(0.0721067 0 -0.00559008)
(0.0885202 0 -0.00696207)
(0.103406 0 -0.00826874)
(0.116934 0 -0.00952352)
(0.129249 0 -0.0107364)
(0.140479 0 -0.0119145)
(0.150735 0 -0.0130627)
(0.160111 0 -0.0141839)
(0.168691 0 -0.0152796)
(0.176543 0 -0.0163501)
(0.18373 0 -0.0173944)
(0.190304 0 -0.0184111)
(0.196309 0 -0.019398)
(0.201784 0 -0.0203526)
(0.206763 0 -0.0212722)
(0.211274 0 -0.0221539)
(0.215345 0 -0.0229948)
(0.218993 0 -0.0237916)
(0.222242 0 -0.0245422)
(0.225115 0 -0.025245)
(0.227629 0 -0.0258985)
(0.229802 0 -0.0265012)
(0.231652 0 -0.0270523)
(0.233193 0 -0.0275513)
(0.234441 0 -0.0279984)
(0.235413 0 -0.0283938)
(0.236121 0 -0.0287378)
(0.0115459 0 -0.000798696)
(0.0335302 0 -0.00233306)
(0.0534307 0 -0.00375162)
(0.0714338 0 -0.0050768)
(0.0877441 0 -0.00632845)
(0.102543 0 -0.00752198)
(0.115992 0 -0.00866906)
(0.128231 0 -0.00977833)
(0.139382 0 -0.0108559)
(0.149554 0 -0.0119059)
(0.15884 0 -0.0129308)
(0.16732 0 -0.0139315)
(0.175065 0 -0.0149082)
(0.182137 0 -0.0158598)
(0.188587 0 -0.0167849)
(0.194463 0 -0.0176815)
(0.199804 0 -0.0185472)
(0.204646 0 -0.0193796)
(0.209019 0 -0.0201762)
(0.212951 0 -0.0209345)
(0.216462 0 -0.0216514)
(0.219577 0 -0.0223252)
(0.222321 0 -0.0229548)
(0.224712 0 -0.0235389)
(0.226771 0 -0.0240764)
(0.228513 0 -0.0245668)
(0.229956 0 -0.0250098)
(0.231115 0 -0.0254055)
(0.232006 0 -0.0257545)
(0.232643 0 -0.0260572)
(0.0114096 0 -0.000704917)
(0.0331561 0 -0.00206107)
(0.052879 0 -0.00331804)
(0.0707471 0 -0.00449482)
(0.0869502 0 -0.00560831)
(0.101659 0 -0.0066716)
(0.115027 0 -0.00769461)
(0.127188 0 -0.00868462)
(0.138262 0 -0.00964677)
(0.148353 0 -0.0105844)
(0.157552 0 -0.0114995)
(0.16594 0 -0.0123927)
(0.173587 0 -0.0132638)
(0.180553 0 -0.0141119)
(0.186894 0 -0.0149356)
(0.192654 0 -0.015733)
(0.197877 0 -0.0165019)
(0.202597 0 -0.0172403)
(0.206849 0 -0.0179458)
(0.210661 0 -0.0186164)
(0.214052 0 -0.0192492)
(0.217051 0 -0.019843)
(0.219683 0 -0.0203968)
(0.221968 0 -0.0209096)
(0.223926 0 -0.0213806)
(0.225575 0 -0.0218095)
(0.226931 0 -0.022196)
(0.228012 0 -0.0225404)
(0.228832 0 -0.0228434)
(0.229406 0 -0.0231052)
(0.0112766 0 -0.000600642)
(0.0327907 0 -0.00175787)
(0.0523394 0 -0.00283323)
(0.0700746 0 -0.00384231)
(0.0861721 0 -0.00479899)
(0.100793 0 -0.00571402)
(0.114082 0 -0.00659555)
(0.126169 0 -0.00744953)
(0.137169 0 -0.00828009)
(0.147184 0 -0.0090899)
(0.156305 0 -0.00988039)
(0.164609 0 -0.010652)
(0.172168 0 -0.0114044)
(0.179042 0 -0.0121368)
(0.185286 0 -0.0128476)
(0.190947 0 -0.0135352)
(0.196067 0 -0.0141979)
(0.200684 0 -0.0148335)
(0.204831 0 -0.0154403)
(0.20854 0 -0.0160164)
(0.211829 0 -0.0165593)
(0.214729 0 -0.017068)
(0.217266 0 -0.0175419)
(0.21946 0 -0.01798)
(0.221333 0 -0.0183817)
(0.222901 0 -0.0187468)
(0.224184 0 -0.0190753)
(0.225196 0 -0.0193673)
(0.225955 0 -0.0196234)
(0.226473 0 -0.0198441)
(0.0111526 0 -0.000485737)
(0.03245 0 -0.00142295)
(0.0518367 0 -0.00229616)
(0.0694485 0 -0.00311752)
(0.085448 0 -0.00389787)
(0.099987 0 -0.00464562)
(0.113204 0 -0.00536714)
(0.125223 0 -0.00606703)
(0.136158 0 -0.00674848)
(0.146107 0 -0.00741348)
(0.155158 0 -0.00806305)
(0.163391 0 -0.0086974)
(0.170875 0 -0.00931614)
(0.177671 0 -0.0099184)
(0.183833 0 -0.010503)
(0.18941 0 -0.0110684)
(0.194445 0 -0.011613)
(0.198976 0 -0.0121352)
(0.203038 0 -0.0126334)
(0.206661 0 -0.0131062)
(0.209867 0 -0.0135512)
(0.212685 0 -0.0139679)
(0.215142 0 -0.0143556)
(0.217262 0 -0.0147136)
(0.219064 0 -0.0150416)
(0.220566 0 -0.0153391)
(0.221787 0 -0.0156064)
(0.222743 0 -0.0158436)
(0.22345 0 -0.0160511)
(0.223922 0 -0.0162292)
(0.0110441 0 -0.000360091)
(0.0321528 0 -0.00105589)
(0.0513999 0 -0.0017059)
(0.0689058 0 -0.00231883)
(0.0848217 0 -0.00290247)
(0.0992912 0 -0.00346287)
(0.112447 0 -0.0040046)
(0.12441 0 -0.00453096)
(0.13529 0 -0.00504419)
(0.145184 0 -0.00554565)
(0.15418 0 -0.00603599)
(0.162356 0 -0.00651528)
(0.169779 0 -0.00698311)
(0.176513 0 -0.00743875)
(0.182611 0 -0.00788117)
(0.188122 0 -0.00830921)
(0.19309 0 -0.0087216)
(0.197554 0 -0.00911703)
(0.201548 0 -0.00949425)
(0.205105 0 -0.00985206)
(0.208245 0 -0.0101888)
(0.210999 0 -0.0105039)
(0.213396 0 -0.0107969)
(0.215457 0 -0.0110673)
(0.217203 0 -0.0113147)
(0.218653 0 -0.011539)
(0.219826 0 -0.0117402)
(0.220737 0 -0.0119185)
(0.221403 0 -0.0120742)
(0.221838 0 -0.0122075)
(0.0109594 0 -0.000223637)
(0.031922 0 -0.000656389)
(0.0510632 0 -0.00106172)
(0.0684896 0 -0.00144486)
(0.0843431 0 -0.00181054)
(0.0987609 0 -0.00216243)
(0.111872 0 -0.00250329)
(0.123794 0 -0.00283509)
(0.134634 0 -0.00315917)
(0.144489 0 -0.00347633)
(0.153444 0 -0.0037869)
(0.161579 0 -0.00409086)
(0.16896 0 -0.0043879)
(0.17565 0 -0.00467748)
(0.181702 0 -0.00495891)
(0.187167 0 -0.00523138)
(0.192088 0 -0.00549404)
(0.196505 0 -0.00574603)
(0.200452 0 -0.00598648)
(0.203962 0 -0.00621461)
(0.207057 0 -0.00642935)
(0.209766 0 -0.00663021)
(0.21212 0 -0.00681697)
(0.214139 0 -0.00698925)
(0.215846 0 -0.00714681)
(0.21726 0 -0.00728956)
(0.218398 0 -0.00741751)
(0.219278 0 -0.00753081)
(0.219915 0 -0.00762975)
(0.220323 0 -0.00771456)
(0.0109096 0 -7.63731e-05)
(0.0317876 0 -0.000224322)
(0.0508693 0 -0.000363161)
(0.0682517 0 -0.000494642)
(0.0840707 0 -0.000620349)
(0.0984603 0 -0.000741519)
(0.111547 0 -0.000859077)
(0.123446 0 -0.000973689)
(0.134265 0 -0.0010858)
(0.144098 0 -0.00119566)
(0.153032 0 -0.00130337)
(0.161145 0 -0.00140891)
(0.168503 0 -0.00151216)
(0.175169 0 -0.00161291)
(0.181198 0 -0.00171091)
(0.186639 0 -0.00180587)
(0.191535 0 -0.00189747)
(0.195926 0 -0.0019854)
(0.199849 0 -0.00206934)
(0.203334 0 -0.002149)
(0.206405 0 -0.00222402)
(0.20909 0 -0.0022942)
(0.211421 0 -0.00235944)
(0.213419 0 -0.00241963)
(0.215105 0 -0.00247467)
(0.216499 0 -0.00252452)
(0.217619 0 -0.00256919)
(0.218481 0 -0.00260876)
(0.219102 0 -0.00264334)
(0.219496 0 -0.0026731)
(0.327069 0 -0.0555132)
(0.327045 0 -0.0610146)
(0.324917 0 -0.0668923)
(0.322336 0 -0.0552169)
(0.323131 0 -0.0585969)
(0.322274 0 -0.0618511)
(0.317428 0 -0.0552047)
(0.318424 0 -0.0574028)
(0.31837 0 -0.0595042)
(0.31296 0 -0.0547728)
(0.313939 0 -0.0563969)
(0.314253 0 -0.0579335)
(0.308703 0 -0.054145)
(0.309648 0 -0.0554269)
(0.310127 0 -0.0566324)
(0.304562 0 -0.0534075)
(0.305472 0 -0.0544598)
(0.306028 0 -0.0554469)
(0.300496 0 -0.0525964)
(0.301366 0 -0.0534829)
(0.301954 0 -0.0543138)
(0.296477 0 -0.0517271)
(0.297303 0 -0.0524877)
(0.297897 0 -0.0532006)
(0.292486 0 -0.0508053)
(0.293264 0 -0.0514666)
(0.293848 0 -0.0520864)
(0.288501 0 -0.0498298)
(0.289231 0 -0.0504105)
(0.289796 0 -0.0509549)
(0.284513 0 -0.0487986)
(0.285194 0 -0.0493122)
(0.28573 0 -0.0497937)
(0.280511 0 -0.0477066)
(0.281142 0 -0.0481634)
(0.281646 0 -0.0485916)
(0.27649 0 -0.0465474)
(0.277072 0 -0.0469555)
(0.277541 0 -0.0473378)
(0.272446 0 -0.0453134)
(0.27298 0 -0.0456791)
(0.273411 0 -0.0460215)
(0.268379 0 -0.0439959)
(0.268866 0 -0.0443244)
(0.26926 0 -0.0446316)
(0.264294 0 -0.042585)
(0.264735 0 -0.0428805)
(0.26509 0 -0.0431563)
(0.260199 0 -0.0410697)
(0.260596 0 -0.0413356)
(0.260912 0 -0.0415834)
(0.256107 0 -0.0394376)
(0.256461 0 -0.0396768)
(0.256739 0 -0.0398993)
(0.252034 0 -0.0376747)
(0.252347 0 -0.0378897)
(0.252589 0 -0.0380891)
(0.248003 0 -0.0357651)
(0.248277 0 -0.035958)
(0.248483 0 -0.0361364)
(0.244042 0 -0.0336907)
(0.244279 0 -0.0338632)
(0.244451 0 -0.0340222)
(0.240184 0 -0.0314306)
(0.240387 0 -0.0315842)
(0.240527 0 -0.0317252)
(0.236469 0 -0.0289605)
(0.23664 0 -0.0290962)
(0.23675 0 -0.0292204)
(0.232944 0 -0.0262523)
(0.233085 0 -0.0263709)
(0.233168 0 -0.026479)
(0.229664 0 -0.0232734)
(0.229779 0 -0.0233752)
(0.229836 0 -0.0234678)
(0.226695 0 -0.0199852)
(0.226786 0 -0.0200704)
(0.22682 0 -0.0201475)
(0.224111 0 -0.0163427)
(0.224183 0 -0.016411)
(0.224198 0 -0.0164725)
(0.222002 0 -0.0122922)
(0.222057 0 -0.0123431)
(0.222057 0 -0.0123887)
(0.22047 0 -0.00776863)
(0.220514 0 -0.00780122)
(0.220502 0 -0.00782928)
(0.219633 0 -0.00269226)
(0.21967 0 -0.00270396)
(0.219653 0 -0.00271331)
(0.318009 0 -0.0702791)
(0.312779 0 -0.0710103)
(0.306797 0 -0.0704045)
(0.300719 0 -0.0691303)
(0.294712 0 -0.0675297)
(0.288848 0 -0.0657431)
(0.283141 0 -0.0638258)
(0.277578 0 -0.0618034)
(0.272127 0 -0.0596918)
(0.266724 0 -0.0574979)
(0.261303 0 -0.0552332)
(0.255795 0 -0.0529122)
(0.2501 0 -0.0505403)
(0.244126 0 -0.0481276)
(0.237768 0 -0.0456822)
(0.230911 0 -0.0432084)
(0.223441 0 -0.0407099)
(0.21524 0 -0.0381877)
(0.20619 0 -0.0356403)
(0.196169 0 -0.0330634)
(0.185053 0 -0.0304493)
(0.172717 0 -0.0277872)
(0.159035 0 -0.0250625)
(0.143876 0 -0.0222567)
(0.12711 0 -0.0193474)
(0.108599 0 -0.0163071)
(0.0882045 0 -0.013103)
(0.0657793 0 -0.00969642)
(0.0411741 0 -0.00604209)
(0.0141595 0 -0.00207619)
(0.318999 0 -0.065655)
(0.314324 0 -0.0675763)
(0.309296 0 -0.067921)
(0.303888 0 -0.0674249)
(0.298279 0 -0.0664102)
(0.292609 0 -0.0650566)
(0.286952 0 -0.0634661)
(0.281337 0 -0.0616982)
(0.275755 0 -0.0597897)
(0.270175 0 -0.0577649)
(0.264535 0 -0.0556419)
(0.258781 0 -0.0534386)
(0.25282 0 -0.0511624)
(0.246565 0 -0.0488243)
(0.239932 0 -0.0464385)
(0.232805 0 -0.0440074)
(0.225077 0 -0.0415363)
(0.216637 0 -0.0390274)
(0.207364 0 -0.0364795)
(0.197141 0 -0.033889)
(0.185844 0 -0.0312488)
(0.173349 0 -0.0285484)
(0.159528 0 -0.0257738)
(0.14425 0 -0.022907)
(0.127384 0 -0.0199257)
(0.108791 0 -0.0168028)
(0.0883301 0 -0.0135057)
(0.0658538 0 -0.00999597)
(0.0412107 0 -0.00622852)
(0.0141694 0 -0.00213969)
(0.317032 0 -0.0623706)
(0.313695 0 -0.0646043)
(0.309603 0 -0.0655003)
(0.304983 0 -0.0655354)
(0.299987 0 -0.0649896)
(0.294752 0 -0.0640303)
(0.289373 0 -0.0627653)
(0.283905 0 -0.0612658)
(0.278368 0 -0.0595804)
(0.272751 0 -0.0577428)
(0.267018 0 -0.0557785)
(0.261122 0 -0.0537076)
(0.254994 0 -0.0515449)
(0.248551 0 -0.0493022)
(0.241717 0 -0.0469933)
(0.234382 0 -0.0446209)
(0.226441 0 -0.0421903)
(0.217797 0 -0.0397073)
(0.208334 0 -0.0371714)
(0.197935 0 -0.0345795)
(0.186479 0 -0.0319251)
(0.173843 0 -0.0291983)
(0.159899 0 -0.0263855)
(0.144517 0 -0.0234692)
(0.127564 0 -0.0204277)
(0.108902 0 -0.0172342)
(0.0883903 0 -0.0138567)
(0.0658786 0 -0.010257)
(0.041215 0 -0.00639077)
(0.0141678 0 -0.0021948)
(0.313851 0 -0.0600801)
(0.311697 0 -0.0621306)
(0.308525 0 -0.0632603)
(0.304679 0 -0.0636289)
(0.300331 0 -0.0634288)
(0.295612 0 -0.0627944)
(0.29062 0 -0.0618211)
(0.28542 0 -0.0605777)
(0.280047 0 -0.059115)
(0.274505 0 -0.0574703)
(0.268779 0 -0.0556728)
(0.262833 0 -0.0537454)
(0.256614 0 -0.0517059)
(0.250052 0 -0.0495683)
(0.243072 0 -0.0473445)
(0.235586 0 -0.0450437)
(0.227499 0 -0.0426716)
(0.218697 0 -0.0402286)
(0.209073 0 -0.0377157)
(0.198527 0 -0.0351338)
(0.186936 0 -0.0324765)
(0.17418 0 -0.0297347)
(0.160131 0 -0.026895)
(0.144661 0 -0.0239407)
(0.127637 0 -0.0208508)
(0.108924 0 -0.017599)
(0.0883766 0 -0.014154)
(0.0658473 0 -0.0104781)
(0.0411834 0 -0.00652789)
(0.0141536 0 -0.00224119)
(0.310204 0 -0.0583215)
(0.308884 0 -0.060083)
(0.306521 0 -0.0612402)
(0.303378 0 -0.0617879)
(0.299648 0 -0.0618233)
(0.295454 0 -0.0614393)
(0.290889 0 -0.0607105)
(0.286017 0 -0.0596958)
(0.28088 0 -0.0584416)
(0.275493 0 -0.0569845)
(0.26985 0 -0.0553537)
(0.263928 0 -0.0535734)
(0.257685 0 -0.0516624)
(0.251066 0 -0.0496366)
(0.244 0 -0.0475078)
(0.236408 0 -0.0452855)
(0.228201 0 -0.0429761)
(0.219284 0 -0.0405842)
(0.209557 0 -0.038111)
(0.198898 0 -0.0355517)
(0.187195 0 -0.0329018)
(0.174343 0 -0.0301559)
(0.160209 0 -0.0273002)
(0.144668 0 -0.0243192)
(0.127592 0 -0.0211927)
(0.108844 0 -0.0178952)
(0.0882813 0 -0.0143958)
(0.0657545 0 -0.0106578)
(0.0411124 0 -0.00663906)
(0.0141254 0 -0.00227861)
(0.306363 0 -0.0568319)
(0.305614 0 -0.0583352)
(0.303886 0 -0.0594219)
(0.301349 0 -0.0600429)
(0.298179 0 -0.060225)
(0.294482 0 -0.0600233)
(0.290343 0 -0.0594896)
(0.285822 0 -0.0586696)
(0.28096 0 -0.057602)
(0.275775 0 -0.0563192)
(0.27027 0 -0.0548485)
(0.264428 0 -0.053213)
(0.258216 0 -0.0514317)
(0.251589 0 -0.0495201)
(0.244486 0 -0.0474911)
(0.236836 0 -0.0453542)
(0.228555 0 -0.0431162)
(0.219554 0 -0.0407814)
(0.209736 0 -0.0383512)
(0.198998 0 -0.035825)
(0.187237 0 -0.0331989)
(0.17432 0 -0.0304618)
(0.160117 0 -0.0275998)
(0.144526 0 -0.0246031)
(0.127418 0 -0.0214519)
(0.108656 0 -0.0181212)
(0.0880973 0 -0.0145808)
(0.0655951 0 -0.0107953)
(0.040999 0 -0.00672366)
(0.0140824 0 -0.00230684)
(0.302434 0 -0.0554812)
(0.30207 0 -0.0567753)
(0.300812 0 -0.0577598)
(0.29878 0 -0.0583918)
(0.296097 0 -0.0586564)
(0.292852 0 -0.0585806)
(0.289116 0 -0.0581966)
(0.284944 0 -0.0575364)
(0.280371 0 -0.0566301)
(0.275415 0 -0.055504)
(0.270082 0 -0.0541819)
(0.26436 0 -0.0526846)
(0.258224 0 -0.0510299)
(0.251632 0 -0.0492326)
(0.244533 0 -0.0473051)
(0.236861 0 -0.0452568)
(0.228544 0 -0.0430953)
(0.219496 0 -0.0408248)
(0.209625 0 -0.0384467)
(0.19883 0 -0.0359595)
(0.187014 0 -0.0333612)
(0.174068 0 -0.0306447)
(0.159845 0 -0.0277929)
(0.144223 0 -0.0247911)
(0.127103 0 -0.0216269)
(0.108351 0 -0.0182759)
(0.0878191 0 -0.0147081)
(0.0653649 0 -0.0108897)
(0.0408408 0 -0.00678121)
(0.0140238 0 -0.00232573)
(0.298455 0 -0.0542033)
(0.298345 0 -0.0553292)
(0.297436 0 -0.0562093)
(0.295812 0 -0.0568172)
(0.293537 0 -0.0571215)
(0.290688 0 -0.0571284)
(0.28732 0 -0.0568552)
(0.283478 0 -0.0563226)
(0.279192 0 -0.0555517)
(0.274476 0 -0.0545628)
(0.269334 0 -0.0533751)
(0.263759 0 -0.0520065)
(0.257728 0 -0.0504725)
(0.251205 0 -0.0487867)
(0.244145 0 -0.0469603)
(0.236487 0 -0.0450025)
(0.228164 0 -0.0429202)
(0.219098 0 -0.0407178)
(0.209204 0 -0.038398)
(0.198385 0 -0.0359583)
(0.186541 0 -0.0333958)
(0.173568 0 -0.0307038)
(0.159353 0 -0.0278727)
(0.143748 0 -0.0248822)
(0.126641 0 -0.0217169)
(0.107924 0 -0.0183588)
(0.0874424 0 -0.0147771)
(0.065061 0 -0.0109405)
(0.0406358 0 -0.00681145)
(0.0139488 0 -0.00233521)
(0.294443 0 -0.0529593)
(0.294501 0 -0.0539481)
(0.293852 0 -0.0547347)
(0.29254 0 -0.0552994)
(0.290597 0 -0.0556145)
(0.288087 0 -0.0556721)
(0.285046 0 -0.0554785)
(0.281508 0 -0.0550451)
(0.277494 0 -0.0543857)
(0.273015 0 -0.0535143)
(0.268073 0 -0.0524457)
(0.26266 0 -0.0511943)
(0.256756 0 -0.0497732)
(0.250328 0 -0.0481938)
(0.243333 0 -0.0464663)
(0.235717 0 -0.0445988)
(0.227418 0 -0.0425976)
(0.218363 0 -0.0404668)
(0.20847 0 -0.0382085)
(0.19765 0 -0.0358219)
(0.185808 0 -0.0333033)
(0.172837 0 -0.0306457)
(0.158626 0 -0.0278386)
(0.143058 0 -0.0248689)
(0.126026 0 -0.0217214)
(0.107378 0 -0.0183706)
(0.086965 0 -0.0147877)
(0.0646812 0 -0.0109477)
(0.040383 0 -0.00681427)
(0.0138574 0 -0.00233525)
(0.2904 0 -0.0517224)
(0.290566 0 -0.0525962)
(0.290104 0 -0.0532999)
(0.289022 0 -0.0538147)
(0.287352 0 -0.0541238)
(0.285126 0 -0.0542097)
(0.28237 0 -0.0540716)
(0.279103 0 -0.0537139)
(0.275341 0 -0.0531445)
(0.271089 0 -0.0523721)
(0.266345 0 -0.0514072)
(0.261101 0 -0.050261)
(0.255336 0 -0.0489435)
(0.24902 0 -0.0474644)
(0.242112 0 -0.0458319)
(0.234563 0 -0.044053)
(0.226312 0 -0.0421333)
(0.217292 0 -0.0400763)
(0.207425 0 -0.0378835)
(0.196628 0 -0.0355542)
(0.184808 0 -0.0330849)
(0.171867 0 -0.0304699)
(0.157694 0 -0.0276983)
(0.142178 0 -0.0247574)
(0.125208 0 -0.0216322)
(0.106667 0 -0.0183037)
(0.0863862 0 -0.01474)
(0.0642248 0 -0.0109111)
(0.0400822 0 -0.00678974)
(0.0137495 0 -0.00232592)
(0.286323 0 -0.0504727)
(0.286553 0 -0.0512487)
(0.286218 0 -0.0518784)
(0.285313 0 -0.0523437)
(0.28386 0 -0.0526351)
(0.281871 0 -0.0527351)
(0.279354 0 -0.0526342)
(0.276326 0 -0.0523333)
(0.272791 0 -0.0518355)
(0.26875 0 -0.0511453)
(0.264197 0 -0.0502697)
(0.259121 0 -0.0492165)
(0.253502 0 -0.0479932)
(0.247308 0 -0.0466071)
(0.240503 0 -0.0450649)
(0.233037 0 -0.043372)
(0.224855 0 -0.041533)
(0.215891 0 -0.0395508)
(0.206074 0 -0.0374264)
(0.195322 0 -0.0351588)
(0.183547 0 -0.0327446)
(0.170655 0 -0.030178)
(0.156543 0 -0.0274499)
(0.141103 0 -0.024548)
(0.124223 0 -0.0214569)
(0.105784 0 -0.0181573)
(0.0856656 0 -0.0146272)
(0.0636951 0 -0.0108316)
(0.039735 0 -0.00673826)
(0.0136259 0 -0.00230737)
(0.282216 0 -0.0491955)
(0.282475 0 -0.049887)
(0.282225 0 -0.0504514)
(0.281454 0 -0.0508719)
(0.28017 0 -0.0511388)
(0.278374 0 -0.0512406)
(0.276056 0 -0.0511631)
(0.27323 0 -0.0509035)
(0.269895 0 -0.0504618)
(0.266045 0 -0.0498392)
(0.261671 0 -0.0490396)
(0.256759 0 -0.048068)
(0.251286 0 -0.0469294)
(0.245221 0 -0.045629)
(0.238528 0 -0.0441716)
(0.231159 0 -0.0425614)
(0.223062 0 -0.0408017)
(0.214173 0 -0.0388946)
(0.204424 0 -0.0368406)
(0.193738 0 -0.0346383)
(0.18203 0 -0.0322844)
(0.169209 0 -0.029773)
(0.155178 0 -0.0270958)
(0.139834 0 -0.024241)
(0.123067 0 -0.0211948)
(0.104762 0 -0.017938)
(0.0847973 0 -0.0144488)
(0.0630501 0 -0.0107021)
(0.0393479 0 -0.006661)
(0.013489 0 -0.00228007)
(0.278077 0 -0.047877)
(0.278344 0 -0.0484947)
(0.278148 0 -0.0490005)
(0.277475 0 -0.0493798)
(0.276318 0 -0.0496212)
(0.274665 0 -0.049715)
(0.272511 0 -0.0496503)
(0.26986 0 -0.0494209)
(0.266701 0 -0.0490232)
(0.263021 0 -0.0484555)
(0.258811 0 -0.0477202)
(0.254053 0 -0.0468199)
(0.248723 0 -0.0457571)
(0.242789 0 -0.0445352)
(0.236214 0 -0.0431572)
(0.228952 0 -0.041626)
(0.220951 0 -0.0399436)
(0.212153 0 -0.0381114)
(0.202489 0 -0.0361292)
(0.191886 0 -0.0339954)
(0.180265 0 -0.0317064)
(0.167536 0 -0.0292565)
(0.153607 0 -0.0266377)
(0.138379 0 -0.0238392)
(0.121746 0 -0.0208472)
(0.103599 0 -0.0176449)
(0.0838189 0 -0.0142113)
(0.0622866 0 -0.0105225)
(0.038879 0 -0.006551)
(0.0133459 0 -0.00224525)
(0.273908 0 -0.046504)
(0.274164 0 -0.0470564)
(0.273997 0 -0.047509)
(0.273388 0 -0.0478485)
(0.272323 0 -0.0480641)
(0.270781 0 -0.0481453)
(0.268761 0 -0.0480871)
(0.266253 0 -0.0478783)
(0.263245 0 -0.0475149)
(0.259718 0 -0.0469929)
(0.255657 0 -0.0463123)
(0.251044 0 -0.0454741)
(0.245851 0 -0.0444791)
(0.240045 0 -0.0433288)
(0.23359 0 -0.042025)
(0.226441 0 -0.040569)
(0.218547 0 -0.0389619)
(0.209849 0 -0.0372042)
(0.200284 0 -0.035295)
(0.189781 0 -0.0332323)
(0.178263 0 -0.0310125)
(0.165645 0 -0.02863)
(0.151838 0 -0.026077)
(0.136747 0 -0.0233434)
(0.12027 0 -0.0204163)
(0.102303 0 -0.0172798)
(0.0827329 0 -0.0139149)
(0.0614477 0 -0.0102996)
(0.0383387 0 -0.0064101)
(0.0131581 0 -0.00219637)
(0.269712 0 -0.0450639)
(0.269944 0 -0.0455581)
(0.269786 0 -0.0459622)
(0.269216 0 -0.0462648)
(0.268216 0 -0.0464561)
(0.266761 0 -0.0465231)
(0.264849 0 -0.0464652)
(0.262456 0 -0.0462702)
(0.259574 0 -0.0459328)
(0.256179 0 -0.0454481)
(0.252251 0 -0.044814)
(0.247769 0 -0.0440301)
(0.242705 0 -0.0430959)
(0.237025 0 -0.0420113)
(0.23069 0 -0.0407767)
(0.223656 0 -0.0393925)
(0.215873 0 -0.0378587)
(0.207286 0 -0.0361748)
(0.197832 0 -0.0343397)
(0.187441 0 -0.0323508)
(0.176041 0 -0.0302043)
(0.16355 0 -0.0278948)
(0.149883 0 -0.0254149)
(0.134948 0 -0.0227549)
(0.118649 0 -0.0199028)
(0.100884 0 -0.0168439)
(0.081547 0 -0.0135607)
(0.060529 0 -0.0100326)
(0.0377165 0 -0.00623618)
(0.0129227 0 -0.00213305)
(0.265496 0 -0.0435439)
(0.265694 0 -0.0439857)
(0.265529 0 -0.0443456)
(0.26498 0 -0.0446134)
(0.264022 0 -0.0447805)
(0.262632 0 -0.0448348)
(0.260798 0 -0.0447719)
(0.258503 0 -0.0445868)
(0.255726 0 -0.04427)
(0.252443 0 -0.0438159)
(0.248632 0 -0.0432216)
(0.24427 0 -0.0424855)
(0.239325 0 -0.0416059)
(0.233763 0 -0.0405818)
(0.227546 0 -0.0394123)
(0.220629 0 -0.0380968)
(0.212962 0 -0.0366346)
(0.204491 0 -0.0350243)
(0.195155 0 -0.0332643)
(0.184889 0 -0.0313518)
(0.173619 0 -0.0292827)
(0.16127 0 -0.0270519)
(0.147758 0 -0.0246521)
(0.132997 0 -0.0220744)
(0.116894 0 -0.0193076)
(0.0993522 0 -0.0163381)
(0.0802717 0 -0.0131499)
(0.059548 0 -0.00972412)
(0.0370751 0 -0.00603958)
(0.0126924 0 -0.0020639)
(0.261269 0 -0.0419308)
(0.261425 0 -0.0423252)
(0.261242 0 -0.0426445)
(0.260696 0 -0.0428795)
(0.25976 0 -0.0430221)
(0.258417 0 -0.0430637)
(0.256649 0 -0.0429968)
(0.254434 0 -0.0428183)
(0.251741 0 -0.0425172)
(0.248552 0 -0.0420886)
(0.244842 0 -0.0415288)
(0.240586 0 -0.0408353)
(0.23575 0 -0.0400056)
(0.2303 0 -0.0390377)
(0.224196 0 -0.03793)
(0.217394 0 -0.0366808)
(0.209845 0 -0.0352888)
(0.201494 0 -0.0337522)
(0.192284 0 -0.0320687)
(0.182149 0 -0.0302353)
(0.171021 0 -0.0282479)
(0.158826 0 -0.0261014)
(0.145484 0 -0.023789)
(0.130911 0 -0.0213024)
(0.115021 0 -0.0186311)
(0.0977219 0 -0.0157628)
(0.0789181 0 -0.0126829)
(0.0585124 0 -0.00937445)
(0.036407 0 -0.00581867)
(0.0124569 0 -0.00198709)
(0.257046 0 -0.0402104)
(0.257156 0 -0.0405616)
(0.256946 0 -0.0408439)
(0.256392 0 -0.0410489)
(0.255467 0 -0.0411692)
(0.254155 0 -0.0411977)
(0.252438 0 -0.0411274)
(0.250279 0 -0.0409516)
(0.247654 0 -0.0406632)
(0.244544 0 -0.0402565)
(0.240921 0 -0.0397273)
(0.236758 0 -0.0390726)
(0.232022 0 -0.0382892)
(0.226676 0 -0.0373743)
(0.22068 0 -0.0363258)
(0.21399 0 -0.0351413)
(0.206558 0 -0.033819)
(0.19833 0 -0.0323566)
(0.189249 0 -0.0307514)
(0.179252 0 -0.0290003)
(0.168274 0 -0.0270991)
(0.156242 0 -0.025043)
(0.143081 0 -0.0228254)
(0.128711 0 -0.0204387)
(0.113049 0 -0.0178733)
(0.0960078 0 -0.0151181)
(0.0774986 0 -0.0121599)
(0.0574303 0 -0.00898369)
(0.0357132 0 -0.00557278)
(0.0122141 0 -0.00190203)
(0.252846 0 -0.0383672)
(0.252906 0 -0.0386791)
(0.252663 0 -0.0389275)
(0.252093 0 -0.0391047)
(0.251169 0 -0.0392041)
(0.249874 0 -0.0392197)
(0.248189 0 -0.0391444)
(0.246075 0 -0.0389713)
(0.243505 0 -0.0386944)
(0.24046 0 -0.0383077)
(0.236911 0 -0.0378067)
(0.23283 0 -0.0371881)
(0.228183 0 -0.0364485)
(0.222933 0 -0.0355846)
(0.21704 0 -0.0345938)
(0.210458 0 -0.0334733)
(0.203141 0 -0.0322209)
(0.195036 0 -0.0308339)
(0.186086 0 -0.0293094)
(0.176232 0 -0.0276443)
(0.165409 0 -0.0258344)
(0.153549 0 -0.0238749)
(0.140577 0 -0.02176)
(0.12642 0 -0.0194825)
(0.110997 0 -0.0170338)
(0.0942273 0 -0.0144038)
(0.0760269 0 -0.0115808)
(0.0563113 0 -0.00855162)
(0.034998 0 -0.00530155)
(0.0119645 0 -0.00180845)
(0.248692 0 -0.0363842)
(0.248701 0 -0.0366602)
(0.24842 0 -0.0368774)
(0.247827 0 -0.0370287)
(0.246892 0 -0.0371077)
(0.245606 0 -0.0371121)
(0.243942 0 -0.0370318)
(0.241857 0 -0.03686)
(0.239334 0 -0.0365955)
(0.236343 0 -0.036228)
(0.232857 0 -0.035754)
(0.228847 0 -0.0351702)
(0.22428 0 -0.0344731)
(0.219118 0 -0.0336593)
(0.21332 0 -0.0327257)
(0.206842 0 -0.0316695)
(0.199637 0 -0.0304881)
(0.191653 0 -0.0291786)
(0.182835 0 -0.027738)
(0.173126 0 -0.0261632)
(0.162462 0 -0.0244502)
(0.150777 0 -0.0225945)
(0.138002 0 -0.0205905)
(0.124065 0 -0.0184319)
(0.10889 0 -0.016111)
(0.0924004 0 -0.0136187)
(0.0745187 0 -0.0109449)
(0.0551665 0 -0.00807773)
(0.0342678 0 -0.00500465)
(0.0117102 0 -0.00170622)
(0.244613 0 -0.0342423)
(0.24457 0 -0.0344855)
(0.24425 0 -0.0346745)
(0.243629 0 -0.0348028)
(0.242682 0 -0.0348644)
(0.241396 0 -0.0348577)
(0.239738 0 -0.034773)
(0.23768 0 -0.0346046)
(0.235195 0 -0.0343513)
(0.232242 0 -0.034002)
(0.228806 0 -0.0335541)
(0.224858 0 -0.0330047)
(0.220361 0 -0.0323499)
(0.215278 0 -0.0315863)
(0.209569 0 -0.0307107)
(0.203189 0 -0.0297202)
(0.196091 0 -0.0286119)
(0.188226 0 -0.027383)
(0.17954 0 -0.0260305)
(0.169974 0 -0.0245513)
(0.15947 0 -0.0229416)
(0.147964 0 -0.0211973)
(0.135388 0 -0.0193135)
(0.121675 0 -0.0172842)
(0.106752 0 -0.0151028)
(0.090549 0 -0.0127613)
(0.072992 0 -0.0102508)
(0.0540089 0 -0.00756115)
(0.0335304 0 -0.00468155)
(0.0114538 0 -0.00159516)
(0.240644 0 -0.0319196)
(0.240551 0 -0.0321329)
(0.240191 0 -0.0322964)
(0.239541 0 -0.0324047)
(0.238579 0 -0.0324523)
(0.237283 0 -0.0324349)
(0.235628 0 -0.0323472)
(0.233588 0 -0.0321843)
(0.231125 0 -0.0319409)
(0.228204 0 -0.0316098)
(0.22481 0 -0.0311887)
(0.220913 0 -0.0306743)
(0.216478 0 -0.0300628)
(0.211467 0 -0.0293508)
(0.205839 0 -0.0285351)
(0.199551 0 -0.0276128)
(0.192556 0 -0.026581)
(0.184805 0 -0.0254369)
(0.176246 0 -0.0241777)
(0.166823 0 -0.0228004)
(0.156477 0 -0.0213016)
(0.145148 0 -0.0196775)
(0.132772 0 -0.0179237)
(0.119283 0 -0.016035)
(0.104615 0 -0.0140056)
(0.0886983 0 -0.0118287)
(0.0714668 0 -0.00949654)
(0.0528534 0 -0.00700055)
(0.0327951 0 -0.00433149)
(0.0111984 0 -0.00147503)
(0.236824 0 -0.0293909)
(0.236684 0 -0.0295764)
(0.236284 0 -0.0297169)
(0.235606 0 -0.0298078)
(0.234621 0 -0.0298409)
(0.233312 0 -0.0298154)
(0.231655 0 -0.0297264)
(0.229623 0 -0.0295692)
(0.227176 0 -0.0293384)
(0.224281 0 -0.0290279)
(0.220921 0 -0.0286354)
(0.217069 0 -0.0281581)
(0.212688 0 -0.0275923)
(0.207741 0 -0.0269346)
(0.202188 0 -0.026182)
(0.195984 0 -0.0253317)
(0.189086 0 -0.0243811)
(0.181444 0 -0.0233274)
(0.173007 0 -0.022168)
(0.163722 0 -0.0209002)
(0.153531 0 -0.019521)
(0.142375 0 -0.018027)
(0.130195 0 -0.0164143)
(0.116927 0 -0.0146787)
(0.102509 0 -0.0128149)
(0.0868759 0 -0.0108173)
(0.0699655 0 -0.00867944)
(0.0517166 0 -0.00639402)
(0.0320721 0 -0.00395337)
(0.0109475 0 -0.00134546)
(0.233203 0 -0.0266268)
(0.233016 0 -0.0267858)
(0.232578 0 -0.0269038)
(0.231864 0 -0.0269762)
(0.230856 0 -0.0269992)
(0.229535 0 -0.0269688)
(0.227872 0 -0.0268809)
(0.225843 0 -0.0267315)
(0.223408 0 -0.0265158)
(0.220533 0 -0.0262288)
(0.217202 0 -0.0258683)
(0.213387 0 -0.0254314)
(0.209054 0 -0.0249148)
(0.204163 0 -0.0243155)
(0.198676 0 -0.0236307)
(0.192551 0 -0.0228579)
(0.185742 0 -0.0219945)
(0.178202 0 -0.0210382)
(0.16988 0 -0.0199867)
(0.160725 0 -0.0188375)
(0.150682 0 -0.0175881)
(0.139694 0 -0.0162355)
(0.127703 0 -0.0147766)
(0.114649 0 -0.0132076)
(0.100472 0 -0.0115244)
(0.0851129 0 -0.00972227)
(0.0685133 0 -0.00779575)
(0.0506171 0 -0.00573899)
(0.031373 0 -0.0035457)
(0.010705 0 -0.00120597)
(0.229835 0 -0.0235937)
(0.229605 0 -0.023728)
(0.22913 0 -0.0238265)
(0.228383 0 -0.0238807)
(0.227355 0 -0.0238953)
(0.226017 0 -0.023862)
(0.224345 0 -0.0237774)
(0.222314 0 -0.023638)
(0.219886 0 -0.0234388)
(0.217029 0 -0.0231809)
(0.213721 0 -0.0228568)
(0.209938 0 -0.0224649)
(0.205644 0 -0.0220025)
(0.200802 0 -0.0214671)
(0.195375 0 -0.0208563)
(0.189319 0 -0.0201678)
(0.182591 0 -0.0193995)
(0.175144 0 -0.0185494)
(0.166929 0 -0.0176156)
(0.157896 0 -0.0165959)
(0.147991 0 -0.0154882)
(0.137159 0 -0.0142902)
(0.125345 0 -0.0129993)
(0.112493 0 -0.0116125)
(0.0985441 0 -0.0101264)
(0.083444 0 -0.00853721)
(0.0671383 0 -0.0068407)
(0.0495758 0 -0.00503214)
(0.0307107 0 -0.00310654)
(0.0104754 0 -0.00105593)
(0.226787 0 -0.0202518)
(0.226519 0 -0.0203616)
(0.226008 0 -0.02044)
(0.225235 0 -0.020484)
(0.224184 0 -0.0204906)
(0.222829 0 -0.0204563)
(0.221146 0 -0.020378)
(0.21911 0 -0.0202523)
(0.216692 0 -0.0200758)
(0.213851 0 -0.0198499)
(0.210558 0 -0.0195661)
(0.206798 0 -0.0192243)
(0.202536 0 -0.0188223)
(0.197736 0 -0.0183577)
(0.192359 0 -0.0178287)
(0.186364 0 -0.0172334)
(0.179708 0 -0.01657)
(0.172344 0 -0.0158369)
(0.164225 0 -0.0150326)
(0.155301 0 -0.0141553)
(0.145521 0 -0.0132034)
(0.134832 0 -0.0121752)
(0.12318 0 -0.0110686)
(0.110511 0 -0.00988141)
(0.0967715 0 -0.00861096)
(0.0819086 0 -0.00725436)
(0.0658724 0 -0.00580835)
(0.0486164 0 -0.00426931)
(0.0301001 0 -0.00263343)
(0.0102636 0 -0.000894524)
(0.224136 0 -0.0165553)
(0.223834 0 -0.016641)
(0.223293 0 -0.0166999)
(0.222499 0 -0.0167339)
(0.221427 0 -0.016736)
(0.220056 0 -0.0167042)
(0.218363 0 -0.016636)
(0.216323 0 -0.0165293)
(0.213909 0 -0.0163821)
(0.211075 0 -0.0161908)
(0.207794 0 -0.015953)
(0.204053 0 -0.0156681)
(0.199818 0 -0.0153342)
(0.195052 0 -0.0149495)
(0.189717 0 -0.0145122)
(0.183773 0 -0.014021)
(0.177177 0 -0.0134746)
(0.169884 0 -0.0128717)
(0.161848 0 -0.0122111)
(0.153019 0 -0.0114917)
(0.143348 0 -0.0107122)
(0.132783 0 -0.00987155)
(0.121272 0 -0.00896813)
(0.108764 0 -0.00800039)
(0.0952067 0 -0.00696649)
(0.0805518 0 -0.00586432)
(0.0647524 0 -0.00469152)
(0.0477663 0 -0.00344547)
(0.0295581 0 -0.00212342)
(0.0100755 0 -0.000720787)
(0.221974 0 -0.0124498)
(0.221645 0 -0.0125126)
(0.221082 0 -0.0125558)
(0.220265 0 -0.0125777)
(0.219176 0 -0.0125761)
(0.217791 0 -0.012549)
(0.216089 0 -0.0124944)
(0.214044 0 -0.0124108)
(0.211631 0 -0.0122965)
(0.208802 0 -0.0121483)
(0.20553 0 -0.011965)
(0.201803 0 -0.0117462)
(0.197588 0 -0.0114906)
(0.192848 0 -0.0111968)
(0.187547 0 -0.0108638)
(0.181643 0 -0.0104903)
(0.175096 0 -0.0100757)
(0.16786 0 -0.00961893)
(0.159889 0 -0.00911939)
(0.151137 0 -0.0085763)
(0.141554 0 -0.00798893)
(0.13109 0 -0.00735648)
(0.119694 0 -0.00667806)
(0.107317 0 -0.00595265)
(0.0939102 0 -0.00517906)
(0.0794259 0 -0.00435594)
(0.0638211 0 -0.00348172)
(0.0470577 0 -0.00255469)
(0.0291048 0 -0.00157301)
(0.00991784 0 -0.000533568)
(0.220403 0 -0.00786685)
(0.220055 0 -0.00790539)
(0.219474 0 -0.00793147)
(0.218642 0 -0.00794374)
(0.217539 0 -0.00794095)
(0.216144 0 -0.00792186)
(0.214435 0 -0.00788529)
(0.212386 0 -0.00783014)
(0.209972 0 -0.00775537)
(0.207145 0 -0.00765901)
(0.203879 0 -0.00754019)
(0.200162 0 -0.00739892)
(0.19596 0 -0.00723433)
(0.191239 0 -0.00704564)
(0.185961 0 -0.00683216)
(0.180086 0 -0.00659332)
(0.173573 0 -0.00632863)
(0.166377 0 -0.00603766)
(0.158454 0 -0.00572003)
(0.149757 0 -0.00537537)
(0.140237 0 -0.00500333)
(0.129846 0 -0.00460352)
(0.118534 0 -0.00417549)
(0.106252 0 -0.00371872)
(0.0929534 0 -0.00323259)
(0.078593 0 -0.00271637)
(0.0631301 0 -0.00216921)
(0.0465295 0 -0.00159017)
(0.0287649 0 -0.000978208)
(0.00979917 0 -0.000331566)
(0.219545 0 -0.00272586)
(0.219187 0 -0.0027388)
(0.218596 0 -0.00274747)
(0.217756 0 -0.00275134)
(0.216646 0 -0.00274994)
(0.215245 0 -0.00274284)
(0.213531 0 -0.00272961)
(0.21148 0 -0.00270988)
(0.209065 0 -0.00268328)
(0.206239 0 -0.00264916)
(0.202975 0 -0.0026072)
(0.199263 0 -0.00255743)
(0.195068 0 -0.00249956)
(0.190357 0 -0.00243333)
(0.185091 0 -0.00235853)
(0.179231 0 -0.00227498)
(0.172735 0 -0.00218252)
(0.165562 0 -0.00208105)
(0.157664 0 -0.00197044)
(0.148996 0 -0.00185061)
(0.139511 0 -0.00172146)
(0.129159 0 -0.00158289)
(0.117891 0 -0.00143476)
(0.105661 0 -0.00127695)
(0.0924212 0 -0.00110925)
(0.078128 0 -0.000931453)
(0.0627422 0 -0.000743296)
(0.0462307 0 -0.000544481)
(0.0285703 0 -0.00033469)
(0.00973051 0 -0.000113374)
)
;

boundaryField
{
    inlet
    {
        type            cellMotion;
        value           uniform (0 0 0);
    }
    outlet
    {
        type            cellMotion;
        value           uniform (0 0 0);
    }
    flap
    {
        type            cellMotion;
        value           nonuniform List<vector> 
33
(
(0.00214725 0 0.00212833)
(0.00911561 0 0.00583439)
(0.0212318 0 0.00825386)
(0.0377407 0 0.00916099)
(0.0576422 0 0.00857594)
(0.0801268 0 0.00664919)
(0.104533 0 0.00356587)
(0.130318 0 -0.000465635)
(0.157034 0 -0.00523137)
(0.184305 0 -0.0105393)
(0.211833 0 -0.0162016)
(0.239409 0 -0.022048)
(0.266933 0 -0.0279576)
(0.294371 0 -0.0338569)
(0.321779 0 -0.0397415)
(0.334044 0 -0.0495593)
(0.331122 0 -0.0632515)
(0.328141 0 -0.0769346)
(0.00189829 0 -0.00241546)
(0.00810452 0 -0.00716968)
(0.0190557 0 -0.0118868)
(0.0342255 0 -0.0167627)
(0.0527997 0 -0.0219174)
(0.074091 0 -0.0273873)
(0.0974983 0 -0.0331341)
(0.122505 0 -0.0390874)
(0.148665 0 -0.0451623)
(0.17559 0 -0.0512586)
(0.202947 0 -0.0573013)
(0.230475 0 -0.0632609)
(0.258015 0 -0.0691472)
(0.285485 0 -0.0749998)
(0.312916 0 -0.0808615)
)
;
    }
    upperWall
    {
        type            slip;
    }
    lowerWall
    {
        type            slip;
    }
    frontAndBack
    {
        type            empty;
    }
}


// ************************************************************************* //
