/*--------------------------------*- C++ -*----------------------------------*\
| =========                 |                                                 |
| \\      /  F ield         | OpenFOAM: The Open Source CFD Toolbox           |
|  \\    /   O peration     | Version:  dev                                   |
|   \\  /    A nd           | Web:      www.OpenFOAM.org                      |
|    \\/     M anipulation  |                                                 |
\*---------------------------------------------------------------------------*/
FoamFile
{
    version     2.0;
    format      ascii;
    class       volVectorField;
    location    "2.31";
    object      cellDisplacement;
}
// * * * * * * * * * * * * * * * * * * * * * * * * * * * * * * * * * * * * * //

dimensions      [0 1 0 0 0 0 0];

internalField   nonuniform List<vector> 
2790
(
(0.0125007 0 -5.99476e-05)
(0.0356277 0 -0.000171224)
(0.0552406 0 -0.000268005)
(0.0716607 0 -0.000352925)
(0.0852403 0 -0.000428044)
(0.0962897 0 -0.000494891)
(0.105077 0 -0.000554582)
(0.111826 0 -0.000609153)
(0.116738 0 -0.000656159)
(0.119998 0 -0.000696922)
(0.121756 0 -0.00073122)
(0.122145 0 -0.000758524)
(0.121281 0 -0.000778057)
(0.119268 0 -0.000788798)
(0.116199 0 -0.000789497)
(0.112159 0 -0.00077866)
(0.107229 0 -0.000754365)
(0.101481 0 -0.000714276)
(0.0949892 0 -0.000655618)
(0.0878275 0 -0.000575105)
(0.080073 0 -0.000468868)
(0.0718103 0 -0.000332375)
(0.0631314 0 -0.000160103)
(0.0541424 0 5.44971e-05)
(0.0449716 0 0.000319067)
(0.0357834 0 0.000642589)
(0.0268046 0 0.00103696)
(0.0184528 0 0.00152287)
(0.0114072 0 0.00210837)
(0.00741441 0 0.00272028)
(0.0125173 0 -0.000180182)
(0.035677 0 -0.000514718)
(0.0553221 0 -0.0008058)
(0.0717743 0 -0.00106137)
(0.0853873 0 -0.00128757)
(0.0964731 0 -0.00148901)
(0.105303 0 -0.0016687)
(0.112095 0 -0.00182811)
(0.117055 0 -0.00196919)
(0.12037 0 -0.00209202)
(0.122191 0 -0.00219567)
(0.122651 0 -0.00227859)
(0.121868 0 -0.00233848)
(0.119946 0 -0.00237237)
(0.116981 0 -0.00237658)
(0.11306 0 -0.00234684)
(0.108265 0 -0.00227753)
(0.102672 0 -0.00216187)
(0.0963601 0 -0.0019918)
(0.089406 0 -0.00175788)
(0.081894 0 -0.001449)
(0.073919 0 -0.00105241)
(0.0655869 0 -0.000552446)
(0.0570241 0 6.93869e-05)
(0.0483914 0 0.000834491)
(0.0399049 0 0.00176686)
(0.0318015 0 0.00289891)
(0.0245344 0 0.00425219)
(0.0189863 0 0.00580928)
(0.0173812 0 0.00726937)
(0.0125507 0 -0.000300562)
(0.0357755 0 -0.000858714)
(0.0554843 0 -0.00134459)
(0.0720004 0 -0.00177152)
(0.0856797 0 -0.00214963)
(0.0968373 0 -0.00248672)
(0.105743 0 -0.00278756)
(0.112624 0 -0.0030531)
(0.117687 0 -0.00329035)
(0.121115 0 -0.0034977)
(0.123062 0 -0.00367367)
(0.123665 0 -0.00381584)
(0.123042 0 -0.00392061)
(0.121303 0 -0.00398314)
(0.118545 0 -0.00399754)
(0.114861 0 -0.0039574)
(0.110336 0 -0.00385377)
(0.105055 0 -0.00367591)
(0.0990994 0 -0.00341132)
(0.092558 0 -0.0030454)
(0.0855248 0 -0.00256107)
(0.0781145 0 -0.00194007)
(0.0704542 0 -0.00115939)
(0.062699 0 -0.00019269)
(0.0550522 0 0.000989064)
(0.0478385 0 0.00241124)
(0.0414475 0 0.00409269)
(0.0364003 0 0.00601916)
(0.0335113 0 0.0081136)
(0.0355342 0 0.00970862)
(0.0126003 0 -0.000420483)
(0.0359216 0 -0.00120147)
(0.0557256 0 -0.00188164)
(0.0723365 0 -0.00247985)
(0.0861139 0 -0.00300991)
(0.0973784 0 -0.00348316)
(0.106401 0 -0.00390666)
(0.113415 0 -0.00428429)
(0.118628 0 -0.00462086)
(0.122223 0 -0.00491625)
(0.124358 0 -0.00516892)
(0.125172 0 -0.00537588)
(0.124789 0 -0.00553245)
(0.123321 0 -0.00563224)
(0.120869 0 -0.00566722)
(0.117535 0 -0.00563032)
(0.113411 0 -0.00550958)
(0.108589 0 -0.00529126)
(0.103162 0 -0.0049597)
(0.0972322 0 -0.00449699)
(0.090903 0 -0.00388149)
(0.0843281 0 -0.00309529)
(0.0776651 0 -0.00211244)
(0.0711104 0 -0.000906248)
(0.0649092 0 0.000551276)
(0.0594256 0 0.00227383)
(0.0552371 0 0.00423592)
(0.0532064 0 0.00633389)
(0.0541711 0 0.00836961)
(0.0604382 0 0.00936581)
(0.0126651 0 -0.000539826)
(0.0361133 0 -0.00154269)
(0.0560435 0 -0.00241657)
(0.0727795 0 -0.00318624)
(0.0866853 0 -0.00386846)
(0.098091 0 -0.00447876)
(0.10727 0 -0.00502649)
(0.114458 0 -0.00551759)
(0.119867 0 -0.00595644)
(0.12368 0 -0.00634381)
(0.12606 0 -0.00667837)
(0.127151 0 -0.00695695)
(0.127081 0 -0.00717424)
(0.125968 0 -0.00732272)
(0.123915 0 -0.00739152)
(0.121038 0 -0.0073765)
(0.117438 0 -0.0072623)
(0.113217 0 -0.00703358)
(0.108483 0 -0.00667352)
(0.10336 0 -0.0061642)
(0.0979675 0 -0.00548278)
(0.0924662 0 -0.0046072)
(0.0870721 0 -0.00351953)
(0.0820202 0 -0.00219906)
(0.0776956 0 -0.000647677)
(0.0744722 0 0.00112634)
(0.0729821 0 0.00305794)
(0.0742625 0 0.00493313)
(0.0796873 0 0.00630632)
(0.0906738 0 0.00609266)
(0.0127448 0 -0.000659024)
(0.036349 0 -0.00188367)
(0.0564371 0 -0.00295149)
(0.0733257 0 -0.00389054)
(0.087388 0 -0.00472511)
(0.0989687 0 -0.00547365)
(0.10834 0 -0.00614757)
(0.115743 0 -0.00675455)
(0.121391 0 -0.0072995)
(0.125471 0 -0.00778398)
(0.128152 0 -0.00820711)
(0.129583 0 -0.00856616)
(0.129898 0 -0.00885572)
(0.129222 0 -0.00906838)
(0.12767 0 -0.00919509)
(0.125356 0 -0.00922535)
(0.122396 0 -0.00914596)
(0.118907 0 -0.00894194)
(0.115011 0 -0.00859685)
(0.110857 0 -0.0080956)
(0.106601 0 -0.00741994)
(0.10241 0 -0.00654774)
(0.0985639 0 -0.00547672)
(0.0953329 0 -0.00419709)
(0.0931185 0 -0.00272971)
(0.0924997 0 -0.00114955)
(0.0942113 0 0.000403196)
(0.0991154 0 0.00165998)
(0.109086 0 0.00190933)
(0.125034 0 2.70503e-05)
(0.0128393 0 -0.000777903)
(0.0366261 0 -0.0022239)
(0.0568867 0 -0.00348508)
(0.0739571 0 -0.00459424)
(0.0882181 0 -0.00558317)
(0.100008 0 -0.00647209)
(0.109608 0 -0.00727506)
(0.117264 0 -0.00800159)
(0.123194 0 -0.00865758)
(0.12759 0 -0.00924552)
(0.130625 0 -0.0097652)
(0.132454 0 -0.010215)
(0.13322 0 -0.0105899)
(0.133055 0 -0.0108829)
(0.132087 0 -0.0110873)
(0.130431 0 -0.0111882)
(0.128219 0 -0.0111756)
(0.125582 0 -0.0110361)
(0.122656 0 -0.0107548)
(0.119627 0 -0.0103254)
(0.116673 0 -0.00973319)
(0.114003 0 -0.00896767)
(0.111912 0 -0.00803487)
(0.110775 0 -0.00696087)
(0.111008 0 -0.00579254)
(0.113239 0 -0.00464643)
(0.118379 0 -0.00376972)
(0.127385 0 -0.00353382)
(0.14183 0 -0.00473739)
(0.16256 0 -0.00856716)
(0.0129466 0 -0.000895677)
(0.0369414 0 -0.00256123)
(0.0574026 0 -0.00401511)
(0.0746833 0 -0.0052969)
(0.089169 0 -0.00644149)
(0.101199 0 -0.00747288)
(0.11106 0 -0.00840782)
(0.119006 0 -0.00925779)
(0.125258 0 -0.0100301)
(0.130013 0 -0.0107282)
(0.133449 0 -0.0113528)
(0.135733 0 -0.0119044)
(0.13701 0 -0.0123785)
(0.137421 0 -0.0127685)
(0.137094 0 -0.0130651)
(0.13618 0 -0.0132644)
(0.134812 0 -0.0133544)
(0.133143 0 -0.0133261)
(0.131327 0 -0.013169)
(0.129559 0 -0.0128789)
(0.128058 0 -0.0124535)
(0.127081 0 -0.0118995)
(0.126949 0 -0.011239)
(0.128076 0 -0.0105226)
(0.130984 0 -0.00984723)
(0.136386 0 -0.00939269)
(0.145096 0 -0.00944192)
(0.158474 0 -0.0105604)
(0.177325 0 -0.0134681)
(0.202448 0 -0.0193525)
(0.0130656 0 -0.00101217)
(0.0372921 0 -0.00289522)
(0.057979 0 -0.00454071)
(0.0754937 0 -0.00599433)
(0.0902283 0 -0.00729493)
(0.102525 0 -0.00847008)
(0.112678 0 -0.00953931)
(0.120945 0 -0.0105162)
(0.127553 0 -0.0114099)
(0.132706 0 -0.0122251)
(0.136586 0 -0.0129625)
(0.139372 0 -0.0136279)
(0.141214 0 -0.0142163)
(0.142264 0 -0.0147232)
(0.142667 0 -0.0151438)
(0.142569 0 -0.0154714)
(0.142126 0 -0.0156994)
(0.141512 0 -0.0158258)
(0.140901 0 -0.0158461)
(0.140514 0 -0.0157651)
(0.140595 0 -0.0155923)
(0.141448 0 -0.015353)
(0.143419 0 -0.0150881)
(0.147023 0 -0.0148948)
(0.152776 0 -0.0148941)
(0.161484 0 -0.0153344)
(0.173989 0 -0.0165593)
(0.191673 0 -0.0192339)
(0.214968 0 -0.0240456)
(0.244014 0 -0.0319563)
(0.0131952 0 -0.00112717)
(0.037675 0 -0.00322535)
(0.05861 0 -0.00506099)
(0.0763807 0 -0.00668565)
(0.0913867 0 -0.00814253)
(0.103975 0 -0.00946275)
(0.114446 0 -0.0106687)
(0.123063 0 -0.0117763)
(0.130061 0 -0.0127966)
(0.135648 0 -0.0137369)
(0.140021 0 -0.0146023)
(0.143355 0 -0.0153942)
(0.14581 0 -0.0161122)
(0.14755 0 -0.016755)
(0.148738 0 -0.0173228)
(0.149519 0 -0.017807)
(0.150062 0 -0.0182068)
(0.150581 0 -0.0185332)
(0.151268 0 -0.0187886)
(0.152346 0 -0.0189819)
(0.154097 0 -0.0191398)
(0.156907 0 -0.0193207)
(0.161121 0 -0.0195776)
(0.167273 0 -0.0200336)
(0.176048 0 -0.0208876)
(0.188159 0 -0.0224013)
(0.204718 0 -0.0250434)
(0.226522 0 -0.0293822)
(0.254197 0 -0.0361994)
(0.286652 0 -0.0460075)
(0.0133353 0 -0.00124107)
(0.038089 0 -0.00355263)
(0.0592931 0 -0.00557757)
(0.0773408 0 -0.00737312)
(0.0926405 0 -0.00898718)
(0.105544 0 -0.0104543)
(0.116359 0 -0.0117999)
(0.125354 0 -0.0130423)
(0.13277 0 -0.0141949)
(0.138826 0 -0.0152682)
(0.143726 0 -0.0162709)
(0.147638 0 -0.0171995)
(0.150744 0 -0.0180611)
(0.153213 0 -0.0188567)
(0.15521 0 -0.0195864)
(0.156921 0 -0.0202567)
(0.15853 0 -0.0208718)
(0.160236 0 -0.0214402)
(0.162285 0 -0.0219831)
(0.16489 0 -0.0225131)
(0.168408 0 -0.0230855)
(0.173207 0 -0.0237647)
(0.179737 0 -0.0246512)
(0.188551 0 -0.0258939)
(0.200357 0 -0.0277256)
(0.216022 0 -0.0304874)
(0.236577 0 -0.0346759)
(0.26251 0 -0.0408015)
(0.294403 0 -0.0496299)
(0.329775 0 -0.0611458)
(0.0134849 0 -0.00135359)
(0.0385306 0 -0.00387626)
(0.0600216 0 -0.00608911)
(0.0783649 0 -0.00805502)
(0.093978 0 -0.00982677)
(0.107218 0 -0.0114424)
(0.118398 0 -0.0129301)
(0.127793 0 -0.0143109)
(0.135652 0 -0.0156003)
(0.142201 0 -0.0168125)
(0.147642 0 -0.0179551)
(0.152157 0 -0.0190297)
(0.155944 0 -0.0200494)
(0.159176 0 -0.021016)
(0.16204 0 -0.0219377)
(0.164717 0 -0.0228206)
(0.167424 0 -0.0236815)
(0.17034 0 -0.0245257)
(0.173758 0 -0.0253941)
(0.177953 0 -0.026324)
(0.183266 0 -0.0273749)
(0.190085 0 -0.0286321)
(0.198915 0 -0.0302256)
(0.21043 0 -0.032365)
(0.225262 0 -0.0352847)
(0.244464 0 -0.0394151)
(0.268796 0 -0.0452019)
(0.298945 0 -0.0532279)
(0.334826 0 -0.0640048)
(0.372725 0 -0.0770363)
(0.013641 0 -0.00146376)
(0.0389926 0 -0.00419364)
(0.0607842 0 -0.00659156)
(0.0794378 0 -0.00872595)
(0.0953805 0 -0.0106548)
(0.108973 0 -0.0124193)
(0.120535 0 -0.0140508)
(0.130348 0 -0.0155726)
(0.138666 0 -0.0170022)
(0.145729 0 -0.0183595)
(0.151735 0 -0.0196515)
(0.15689 0 -0.0208884)
(0.161384 0 -0.0220795)
(0.165401 0 -0.0232327)
(0.169152 0 -0.024365)
(0.172802 0 -0.025479)
(0.176601 0 -0.0266061)
(0.180765 0 -0.027766)
(0.185563 0 -0.0289987)
(0.191347 0 -0.0303731)
(0.198429 0 -0.0319505)
(0.207248 0 -0.0338442)
(0.218395 0 -0.0362297)
(0.232454 0 -0.0393088)
(0.250272 0 -0.0434113)
(0.272738 0 -0.0489417)
(0.300705 0 -0.0563972)
(0.334869 0 -0.0663468)
(0.374388 0 -0.0789649)
(0.41458 0 -0.0933951)
(0.0138021 0 -0.00157129)
(0.0394709 0 -0.00450398)
(0.0615737 0 -0.00708368)
(0.0805498 0 -0.00938417)
(0.0968368 0 -0.0114694)
(0.110796 0 -0.0133827)
(0.122755 0 -0.0151593)
(0.132998 0 -0.0168249)
(0.141802 0 -0.0184034)
(0.149398 0 -0.0199121)
(0.155991 0 -0.0213621)
(0.161797 0 -0.0227692)
(0.167004 0 -0.0241406)
(0.171808 0 -0.0254903)
(0.176438 0 -0.0268435)
(0.181085 0 -0.0282142)
(0.185988 0 -0.0296328)
(0.191382 0 -0.0311318)
(0.197568 0 -0.0327661)
(0.204874 0 -0.0346064)
(0.213668 0 -0.0367443)
(0.224429 0 -0.0393182)
(0.237726 0 -0.0425161)
(0.254186 0 -0.0465765)
(0.274676 0 -0.0518613)
(0.30002 0 -0.058783)
(0.331223 0 -0.0679096)
(0.368821 0 -0.0797424)
(0.411379 0 -0.0941302)
(0.453832 0 -0.110044)
(0.0139667 0 -0.00167588)
(0.0399623 0 -0.00480654)
(0.0623841 0 -0.00756432)
(0.081698 0 -0.0100311)
(0.0983439 0 -0.0122723)
(0.112681 0 -0.0143346)
(0.12505 0 -0.0162576)
(0.135744 0 -0.0180704)
(0.145041 0 -0.0198003)
(0.153173 0 -0.0214632)
(0.160355 0 -0.0230754)
(0.166802 0 -0.0246523)
(0.172726 0 -0.026213)
(0.178336 0 -0.0277761)
(0.183851 0 -0.0293656)
(0.189477 0 -0.0310044)
(0.195457 0 -0.0327287)
(0.202053 0 -0.0345842)
(0.209567 0 -0.0366343)
(0.218316 0 -0.038956)
(0.228708 0 -0.0416634)
(0.241264 0 -0.0449263)
(0.256469 0 -0.0489229)
(0.275056 0 -0.0539517)
(0.297722 0 -0.0603463)
(0.325387 0 -0.0685904)
(0.358931 0 -0.0792547)
(0.398596 0 -0.0927928)
(0.442409 0 -0.108812)
(0.487078 0 -0.126732)
(0.0112301 0 -0.003813)
(0.0258832 0 -0.0048008)
(0.058325 0 -0.00617071)
(0.109037 0 -0.00761982)
(0.168428 0 -0.00878517)
(0.223099 0 -0.00941469)
(0.266208 0 -0.00957555)
(0.297909 0 -0.00945047)
(0.320581 0 -0.0091485)
(0.336393 0 -0.00874014)
(0.346931 0 -0.00826564)
(0.353302 0 -0.00775749)
(0.356255 0 -0.00722659)
(0.356293 0 -0.00668207)
(0.353735 0 -0.00617351)
(0.348759 0 -0.00569169)
(0.341458 0 -0.00523581)
(0.331872 0 -0.00480432)
(0.32 0 -0.00439485)
(0.305815 0 -0.00400438)
(0.289271 0 -0.00362951)
(0.270304 0 -0.00326651)
(0.248843 0 -0.00291139)
(0.224806 0 -0.00255992)
(0.198109 0 -0.00220755)
(0.168662 0 -0.00184935)
(0.136378 0 -0.00147987)
(0.101167 0 -0.00109294)
(0.0629567 0 -0.000681619)
(0.021531 0 -0.000235905)
(0.0191516 0 -0.0116724)
(0.0353439 0 -0.0146557)
(0.0686002 0 -0.0185259)
(0.118856 0 -0.0226824)
(0.176645 0 -0.0259984)
(0.229294 0 -0.0277005)
(0.270761 0 -0.0281247)
(0.301304 0 -0.0277508)
(0.323155 0 -0.0268651)
(0.338375 0 -0.0256717)
(0.348478 0 -0.0242835)
(0.354527 0 -0.0227995)
(0.357237 0 -0.0212439)
(0.357095 0 -0.0196927)
(0.354397 0 -0.0182179)
(0.34931 0 -0.0168153)
(0.341919 0 -0.0154846)
(0.33226 0 -0.014222)
(0.320328 0 -0.0130211)
(0.306094 0 -0.0118735)
(0.289509 0 -0.0107696)
(0.270508 0 -0.00969861)
(0.249017 0 -0.00864906)
(0.224956 0 -0.00760866)
(0.198237 0 -0.00656413)
(0.168771 0 -0.00550101)
(0.136469 0 -0.00440327)
(0.101239 0 -0.00325273)
(0.0630069 0 -0.00202887)
(0.0215515 0 -0.00070221)
(0.0340889 0 -0.0200454)
(0.052999 0 -0.0250003)
(0.0876536 0 -0.031189)
(0.137208 0 -0.0376194)
(0.191964 0 -0.0425127)
(0.240971 0 -0.0449872)
(0.279459 0 -0.0455191)
(0.307841 0 -0.0448785)
(0.328126 0 -0.0434343)
(0.342207 0 -0.0415097)
(0.351469 0 -0.0392681)
(0.356893 0 -0.0368877)
(0.359138 0 -0.0344179)
(0.358645 0 -0.0319854)
(0.355673 0 -0.0296427)
(0.350368 0 -0.0274037)
(0.342801 0 -0.0252715)
(0.332999 0 -0.0232416)
(0.32095 0 -0.0213048)
(0.306619 0 -0.0194484)
(0.289953 0 -0.0176575)
(0.270885 0 -0.0159154)
(0.249339 0 -0.0142041)
(0.22523 0 -0.0125038)
(0.198471 0 -0.0107935)
(0.168969 0 -0.00904968)
(0.136632 0 -0.00724652)
(0.101367 0 -0.00535453)
(0.0630948 0 -0.00334038)
(0.0215866 0 -0.00115609)
(0.055277 0 -0.0293605)
(0.0773546 0 -0.0361108)
(0.113784 0 -0.04446)
(0.162056 0 -0.0526224)
(0.212786 0 -0.0584848)
(0.257139 0 -0.0614004)
(0.291692 0 -0.0618917)
(0.317105 0 -0.0608595)
(0.33521 0 -0.0588543)
(0.347689 0 -0.0562404)
(0.355768 0 -0.0532438)
(0.360299 0 -0.0500219)
(0.361879 0 -0.0467533)
(0.36088 0 -0.0435309)
(0.35751 0 -0.0404122)
(0.351887 0 -0.0374199)
(0.344064 0 -0.03456)
(0.334053 0 -0.0318278)
(0.321833 0 -0.0292122)
(0.307361 0 -0.0266972)
(0.290578 0 -0.0242636)
(0.271413 0 -0.0218896)
(0.249786 0 -0.0195513)
(0.225608 0 -0.0172226)
(0.19879 0 -0.0148752)
(0.169235 0 -0.0124776)
(0.136849 0 -0.00999481)
(0.101535 0 -0.00738683)
(0.0632081 0 -0.00460853)
(0.0216304 0 -0.0015947)
(0.0817466 0 -0.039874)
(0.107139 0 -0.0483226)
(0.145159 0 -0.0584364)
(0.191565 0 -0.067724)
(0.237645 0 -0.0740419)
(0.276671 0 -0.076976)
(0.306662 0 -0.0772444)
(0.328551 0 -0.0757341)
(0.344041 0 -0.0731424)
(0.354559 0 -0.0698545)
(0.361163 0 -0.066144)
(0.364592 0 -0.062191)
(0.365349 0 -0.0582127)
(0.36371 0 -0.0542936)
(0.359834 0 -0.0504897)
(0.353806 0 -0.0468275)
(0.345656 0 -0.0433148)
(0.335377 0 -0.0399471)
(0.322938 0 -0.0367118)
(0.308285 0 -0.0335905)
(0.291352 0 -0.0305605)
(0.272063 0 -0.0275958)
(0.250332 0 -0.0246676)
(0.226067 0 -0.0217443)
(0.199173 0 -0.0187909)
(0.169553 0 -0.0157689)
(0.137106 0 -0.0126349)
(0.101731 0 -0.00933948)
(0.0633374 0 -0.00582669)
(0.0216794 0 -0.00201564)
(0.112606 0 -0.0516997)
(0.141176 0 -0.0617099)
(0.180358 0 -0.0731587)
(0.224233 0 -0.0829542)
(0.265099 0 -0.0891449)
(0.298406 0 -0.0916906)
(0.323492 0 -0.0914857)
(0.341566 0 -0.0894485)
(0.354145 0 -0.0862492)
(0.36245 0 -0.0822995)
(0.367399 0 -0.0779223)
(0.369602 0 -0.0733595)
(0.369412 0 -0.0687714)
(0.367029 0 -0.0642496)
(0.362562 0 -0.0598499)
(0.356057 0 -0.0556003)
(0.347519 0 -0.0515096)
(0.336922 0 -0.0475736)
(0.324222 0 -0.0437786)
(0.309354 0 -0.0401045)
(0.292243 0 -0.0365258)
(0.272806 0 -0.0330133)
(0.250951 0 -0.0295339)
(0.226583 0 -0.0260513)
(0.199601 0 -0.022525)
(0.169903 0 -0.01891)
(0.137386 0 -0.0151556)
(0.101941 0 -0.0112038)
(0.0634747 0 -0.00698924)
(0.0217305 0 -0.00241686)
(0.147052 0 -0.0648146)
(0.178469 0 -0.0761984)
(0.218132 0 -0.0884875)
(0.258679 0 -0.0981422)
(0.293864 0 -0.103663)
(0.321273 0 -0.105464)
(0.341342 0 -0.104577)
(0.355465 0 -0.101904)
(0.364996 0 -0.0980733)
(0.37101 0 -0.0935272)
(0.37425 0 -0.0886067)
(0.37514 0 -0.0835225)
(0.373922 0 -0.0784191)
(0.370722 0 -0.0733863)
(0.365598 0 -0.0684778)
(0.35856 0 -0.0637216)
(0.349587 0 -0.0591267)
(0.338634 0 -0.054689)
(0.325639 0 -0.0503943)
(0.310528 0 -0.046221)
(0.293216 0 -0.0421421)
(0.273612 0 -0.0381253)
(0.251618 0 -0.0341344)
(0.227132 0 -0.0301291)
(0.200052 0 -0.0260643)
(0.170269 0 -0.0218894)
(0.137674 0 -0.0175473)
(0.102156 0 -0.0129726)
(0.0636126 0 -0.00809149)
(0.021781 0 -0.00279669)
(0.184389 0 -0.0791074)
(0.218187 0 -0.0916218)
(0.257396 0 -0.104173)
(0.293698 0 -0.113029)
(0.322822 0 -0.117405)
(0.344318 0 -0.118174)
(0.359429 0 -0.116443)
(0.36963 0 -0.113061)
(0.37617 0 -0.108626)
(0.379945 0 -0.103577)
(0.381467 0 -0.0982001)
(0.381012 0 -0.0926834)
(0.378724 0 -0.0871562)
(0.374665 0 -0.0817011)
(0.368844 0 -0.0763679)
(0.361236 0 -0.0711833)
(0.351795 0 -0.0661559)
(0.340456 0 -0.0612817)
(0.327141 0 -0.0565462)
(0.311765 0 -0.0519272)
(0.294235 0 -0.0473963)
(0.274449 0 -0.0429192)
(0.252304 0 -0.0384569)
(0.227693 0 -0.0339662)
(0.200506 0 -0.0293984)
(0.170633 0 -0.0246981)
(0.137958 0 -0.0198025)
(0.102364 0 -0.0146399)
(0.0637444 0 -0.00912969)
(0.0218286 0 -0.00315381)
(0.22403 0 -0.094417)
(0.25963 0 -0.107756)
(0.297148 0 -0.119881)
(0.328206 0 -0.12729)
(0.350991 0 -0.130132)
(0.36669 0 -0.129664)
(0.37704 0 -0.12699)
(0.383549 0 -0.122897)
(0.387313 0 -0.117936)
(0.38896 0 -0.112464)
(0.388812 0 -0.106716)
(0.387026 0 -0.100855)
(0.383665 0 -0.0949928)
(0.378734 0 -0.0892007)
(0.372197 0 -0.0835233)
(0.364001 0 -0.077985)
(0.354072 0 -0.0725941)
(0.342329 0 -0.0673464)
(0.328679 0 -0.0622275)
(0.313025 0 -0.057215)
(0.295264 0 -0.0522797)
(0.275289 0 -0.047386)
(0.252985 0 -0.0424924)
(0.228241 0 -0.0375541)
(0.200945 0 -0.0325194)
(0.170979 0 -0.0273291)
(0.138224 0 -0.0219153)
(0.102556 0 -0.0162014)
(0.0638642 0 -0.010101)
(0.0218711 0 -0.00348725)
(0.265518 0 -0.110566)
(0.302153 0 -0.124325)
(0.336352 0 -0.135183)
(0.361156 0 -0.140538)
(0.377472 0 -0.14157)
(0.387629 0 -0.139755)
(0.393619 0 -0.13614)
(0.396847 0 -0.131418)
(0.398106 0 -0.126016)
(0.397787 0 -0.120208)
(0.396065 0 -0.114178)
(0.393001 0 -0.10806)
(0.388599 0 -0.101948)
(0.382808 0 -0.0959002)
(0.375561 0 -0.0899548)
(0.366773 0 -0.0841336)
(0.356351 0 -0.0784446)
(0.344197 0 -0.0728834)
(0.330205 0 -0.0674363)
(0.314266 0 -0.0620809)
(0.29627 0 -0.0567878)
(0.2761 0 -0.0515207)
(0.253634 0 -0.046235)
(0.228755 0 -0.0408866)
(0.201348 0 -0.0354216)
(0.171292 0 -0.0297773)
(0.13846 0 -0.0238815)
(0.102723 0 -0.0176537)
(0.0639667 0 -0.0110035)
(0.0219069 0 -0.00379636)
(0.308533 0 -0.127398)
(0.344989 0 -0.140947)
(0.373795 0 -0.149523)
(0.391486 0 -0.152329)
(0.401423 0 -0.151418)
(0.406561 0 -0.148295)
(0.408814 0 -0.143861)
(0.409227 0 -0.138625)
(0.408284 0 -0.132886)
(0.406195 0 -0.126838)
(0.403029 0 -0.120617)
(0.398774 0 -0.114326)
(0.39339 0 -0.10805)
(0.386777 0 -0.101823)
(0.37884 0 -0.0956808)
(0.369473 0 -0.0896428)
(0.358567 0 -0.0837168)
(0.346005 0 -0.0778989)
(0.331672 0 -0.0721758)
(0.315449 0 -0.0665259)
(0.297217 0 -0.06092)
(0.276857 0 -0.0553222)
(0.254228 0 -0.0496812)
(0.229212 0 -0.04396)
(0.201699 0 -0.0381015)
(0.17156 0 -0.0320398)
(0.138656 0 -0.0256983)
(0.102858 0 -0.0189948)
(0.0640476 0 -0.0118359)
(0.0219349 0 -0.00408086)
(0.352836 0 -0.144762)
(0.38691 0 -0.156984)
(0.407969 0 -0.162182)
(0.418089 0 -0.162165)
(0.42224 0 -0.159419)
(0.423216 0 -0.155204)
(0.42241 0 -0.150132)
(0.420468 0 -0.144532)
(0.417633 0 -0.138578)
(0.413994 0 -0.132394)
(0.409538 0 -0.126074)
(0.404196 0 -0.119687)
(0.397892 0 -0.113305)
(0.390515 0 -0.10697)
(0.381929 0 -0.100695)
(0.372013 0 -0.0945021)
(0.360642 0 -0.0883972)
(0.347688 0 -0.082377)
(0.333025 0 -0.0764288)
(0.316525 0 -0.0705319)
(0.298065 0 -0.0646584)
(0.27753 0 -0.0587761)
(0.254749 0 -0.0528307)
(0.229592 0 -0.0467731)
(0.201979 0 -0.040558)
(0.171769 0 -0.0341161)
(0.138804 0 -0.0273646)
(0.102951 0 -0.0202235)
(0.0641037 0 -0.0125981)
(0.0219547 0 -0.00434084)
(0.397878 0 -0.162312)
(0.425706 0 -0.171313)
(0.437062 0 -0.172266)
(0.440263 0 -0.169633)
(0.439791 0 -0.165431)
(0.437517 0 -0.160433)
(0.434252 0 -0.154948)
(0.430352 0 -0.14914)
(0.425932 0 -0.143103)
(0.420975 0 -0.136891)
(0.415408 0 -0.130563)
(0.409125 0 -0.124169)
(0.402003 0 -0.117752)
(0.393926 0 -0.111363)
(0.384746 0 -0.105016)
(0.374323 0 -0.0987254)
(0.362518 0 -0.092496)
(0.349195 0 -0.0863247)
(0.334219 0 -0.0801998)
(0.317456 0 -0.0741013)
(0.298775 0 -0.0680022)
(0.278044 0 -0.0618687)
(0.255119 0 -0.0556585)
(0.229864 0 -0.0493112)
(0.202167 0 -0.0427785)
(0.171912 0 -0.0359984)
(0.138902 0 -0.0288812)
(0.102997 0 -0.0213396)
(0.0641347 0 -0.0132908)
(0.0219682 0 -0.00457694)
(0.441503 0 -0.17882)
(0.457825 0 -0.182102)
(0.460282 0 -0.179076)
(0.458071 0 -0.174435)
(0.454044 0 -0.169289)
(0.449277 0 -0.163907)
(0.444127 0 -0.158305)
(0.438703 0 -0.152494)
(0.43302 0 -0.146507)
(0.426996 0 -0.140371)
(0.420512 0 -0.134122)
(0.413436 0 -0.127796)
(0.405628 0 -0.12143)
(0.396945 0 -0.115056)
(0.387237 0 -0.108695)
(0.376355 0 -0.10236)
(0.364155 0 -0.0960553)
(0.350492 0 -0.0897795)
(0.335226 0 -0.0835215)
(0.318218 0 -0.0772627)
(0.299331 0 -0.0709771)
(0.278427 0 -0.0646309)
(0.255366 0 -0.0581818)
(0.230011 0 -0.051577)
(0.202235 0 -0.0447619)
(0.171906 0 -0.0376715)
(0.138866 0 -0.0302273)
(0.102973 0 -0.022336)
(0.0641411 0 -0.0139127)
(0.0219886 0 -0.00479226)
(0.476787 0 -0.190555)
(0.482597 0 -0.187643)
(0.477406 0 -0.181538)
(0.471277 0 -0.176126)
(0.464809 0 -0.17091)
(0.458334 0 -0.165656)
(0.451886 0 -0.160248)
(0.44541 0 -0.15465)
(0.438821 0 -0.148867)
(0.431997 0 -0.142919)
(0.424799 0 -0.136836)
(0.417084 0 -0.130648)
(0.408704 0 -0.12439)
(0.399508 0 -0.118088)
(0.389345 0 -0.111764)
(0.378061 0 -0.105432)
(0.365509 0 -0.0990974)
(0.351541 0 -0.0927594)
(0.336013 0 -0.0864086)
(0.318783 0 -0.0800278)
(0.299709 0 -0.0735924)
(0.278652 0 -0.0670695)
(0.255471 0 -0.0604183)
(0.230027 0 -0.0535887)
(0.202187 0 -0.0465249)
(0.171811 0 -0.0391612)
(0.138753 0 -0.0314204)
(0.102868 0 -0.0232134)
(0.0640348 0 -0.0144468)
(0.0219308 0 -0.00496859)
(0.0141377 0 -0.00177956)
(0.040475 0 -0.00510723)
(0.0632473 0 -0.00804535)
(0.0829128 0 -0.0106791)
(0.0999182 0 -0.013076)
(0.114647 0 -0.0152891)
(0.127443 0 -0.0173616)
(0.138599 0 -0.0193245)
(0.148393 0 -0.0212049)
(0.157076 0 -0.0230278)
(0.164861 0 -0.0248098)
(0.171978 0 -0.0265723)
(0.178635 0 -0.0283339)
(0.185051 0 -0.0301196)
(0.191443 0 -0.0319564)
(0.198039 0 -0.0338767)
(0.205083 0 -0.0359225)
(0.212838 0 -0.0381467)
(0.221611 0 -0.0406216)
(0.231726 0 -0.0434354)
(0.243634 0 -0.0467303)
(0.25774 0 -0.0506512)
(0.27464 0 -0.0554364)
(0.294873 0 -0.0613393)
(0.31915 0 -0.0687348)
(0.348238 0 -0.0781013)
(0.382639 0 -0.0899648)
(0.421779 0 -0.104699)
(0.462724 0 -0.122331)
(0.499649 0 -0.143186)
(0.0143145 0 -0.00188281)
(0.041008 0 -0.0054074)
(0.0641445 0 -0.00852623)
(0.0841758 0 -0.0113266)
(0.101557 0 -0.0138809)
(0.116693 0 -0.0162469)
(0.129934 0 -0.0184729)
(0.141566 0 -0.0205901)
(0.151887 0 -0.0226323)
(0.161142 0 -0.0246231)
(0.169553 0 -0.0265844)
(0.177351 0 -0.0285415)
(0.184734 0 -0.0305092)
(0.191958 0 -0.0325284)
(0.199232 0 -0.0346261)
(0.206777 0 -0.036838)
(0.214841 0 -0.0392117)
(0.223707 0 -0.0418133)
(0.233668 0 -0.044719)
(0.245058 0 -0.0480298)
(0.258268 0 -0.0518803)
(0.273699 0 -0.0564289)
(0.291893 0 -0.0619153)
(0.313234 0 -0.0685606)
(0.338356 0 -0.0767413)
(0.367648 0 -0.0868395)
(0.400822 0 -0.09912)
(0.436297 0 -0.113538)
(0.470133 0 -0.129219)
(0.496803 0 -0.144312)
(0.0144916 0 -0.00198352)
(0.0415495 0 -0.00570152)
(0.0650601 0 -0.00899878)
(0.0854691 0 -0.0119651)
(0.103239 0 -0.0146774)
(0.118802 0 -0.0172007)
(0.132505 0 -0.0195834)
(0.144634 0 -0.0218595)
(0.15549 0 -0.0240672)
(0.165311 0 -0.0262269)
(0.174345 0 -0.028371)
(0.182809 0 -0.0305222)
(0.190931 0 -0.0327088)
(0.19895 0 -0.0349674)
(0.207065 0 -0.0373264)
(0.215514 0 -0.039831)
(0.224541 0 -0.0425327)
(0.234432 0 -0.0455059)
(0.245448 0 -0.0488235)
(0.257939 0 -0.0526022)
(0.272196 0 -0.0569531)
(0.288675 0 -0.0620677)
(0.307648 0 -0.0681031)
(0.329501 0 -0.0753016)
(0.35457 0 -0.0839422)
(0.382697 0 -0.0942054)
(0.412918 0 -0.10604)
(0.443168 0 -0.119023)
(0.470019 0 -0.132074)
(0.490412 0 -0.144162)
(0.0146654 0 -0.00208074)
(0.0420966 0 -0.00598881)
(0.065995 0 -0.00946279)
(0.0867918 0 -0.0125936)
(0.104975 0 -0.0154657)
(0.120974 0 -0.0181472)
(0.135132 0 -0.020685)
(0.147756 0 -0.0231193)
(0.159139 0 -0.0254898)
(0.16954 0 -0.0278258)
(0.179197 0 -0.0301558)
(0.188326 0 -0.0325066)
(0.197159 0 -0.0349105)
(0.205936 0 -0.0374067)
(0.214859 0 -0.0400284)
(0.22415 0 -0.0428202)
(0.234067 0 -0.0458436)
(0.244846 0 -0.049162)
(0.256794 0 -0.0528719)
(0.270134 0 -0.0570539)
(0.285208 0 -0.0618471)
(0.302301 0 -0.0673935)
(0.321566 0 -0.0738147)
(0.343285 0 -0.0813197)
(0.367425 0 -0.0900478)
(0.393351 0 -0.0999521)
(0.419858 0 -0.110801)
(0.445017 0 -0.122038)
(0.46661 0 -0.13291)
(0.48279 0 -0.142765)
(0.0148608 0 -0.00217771)
(0.0426693 0 -0.00627062)
(0.0669417 0 -0.00991476)
(0.088131 0 -0.0132072)
(0.106725 0 -0.0162355)
(0.123157 0 -0.0190698)
(0.137778 0 -0.0217632)
(0.150907 0 -0.0243592)
(0.162832 0 -0.0268971)
(0.173806 0 -0.0294092)
(0.184057 0 -0.031921)
(0.193826 0 -0.0344691)
(0.203349 0 -0.0370902)
(0.212846 0 -0.0398206)
(0.222502 0 -0.0426918)
(0.232559 0 -0.0457583)
(0.243266 0 -0.0490847)
(0.254816 0 -0.0527242)
(0.267489 0 -0.0567715)
(0.281456 0 -0.0612952)
(0.29704 0 -0.0664344)
(0.314314 0 -0.0722591)
(0.333426 0 -0.0788927)
(0.354423 0 -0.0864496)
(0.376943 0 -0.0949204)
(0.400162 0 -0.10413)
(0.422967 0 -0.113791)
(0.443923 0 -0.123442)
(0.461673 0 -0.132607)
(0.475 0 -0.140779)
(0.0150476 0 -0.00226944)
(0.0432297 0 -0.00653865)
(0.0678832 0 -0.0103477)
(0.0894664 0 -0.0137971)
(0.108467 0 -0.016977)
(0.125341 0 -0.0199643)
(0.140446 0 -0.0228152)
(0.154074 0 -0.0255715)
(0.166513 0 -0.02827)
(0.178029 0 -0.0309499)
(0.188871 0 -0.0336456)
(0.199262 0 -0.0363894)
(0.209429 0 -0.0392201)
(0.219579 0 -0.0421713)
(0.229904 0 -0.04528)
(0.240657 0 -0.0486088)
(0.252004 0 -0.0521983)
(0.264187 0 -0.0561239)
(0.277358 0 -0.0604392)
(0.291738 0 -0.065236)
(0.307484 0 -0.0705974)
(0.324587 0 -0.0765631)
(0.343127 0 -0.0832262)
(0.36293 0 -0.0906027)
(0.383447 0 -0.0985761)
(0.403923 0 -0.106952)
(0.423477 0 -0.115469)
(0.441126 0 -0.123793)
(0.456015 0 -0.131604)
(0.467335 0 -0.138499)
(0.0152213 0 -0.00235429)
(0.0437746 0 -0.00679138)
(0.068815 0 -0.0107594)
(0.0907932 0 -0.0143602)
(0.110214 0 -0.0176895)
(0.127526 0 -0.0208254)
(0.143087 0 -0.0238253)
(0.15719 0 -0.0267324)
(0.170141 0 -0.0295916)
(0.182199 0 -0.0324396)
(0.193601 0 -0.0353128)
(0.204574 0 -0.0382449)
(0.21533 0 -0.0412714)
(0.226071 0 -0.0444301)
(0.236991 0 -0.0477592)
(0.248312 0 -0.0513154)
(0.26018 0 -0.0551353)
(0.272806 0 -0.0592876)
(0.28628 0 -0.0638075)
(0.300817 0 -0.0687851)
(0.316427 0 -0.0742513)
(0.333075 0 -0.0802328)
(0.350714 0 -0.0867644)
(0.369008 0 -0.0937792)
(0.387434 0 -0.10114)
(0.405414 0 -0.108685)
(0.422276 0 -0.116198)
(0.437339 0 -0.12343)
(0.450026 0 -0.130141)
(0.459836 0 -0.136038)
(0.0154129 0 -0.00243658)
(0.0443292 0 -0.00703066)
(0.0697264 0 -0.0111449)
(0.0920927 0 -0.014889)
(0.11192 0 -0.0183595)
(0.129663 0 -0.0216376)
(0.14568 0 -0.0247823)
(0.160256 0 -0.027837)
(0.173697 0 -0.0308499)
(0.186262 0 -0.033858)
(0.198193 0 -0.0368991)
(0.209698 0 -0.0400067)
(0.220983 0 -0.0432147)
(0.232237 0 -0.0465584)
(0.243669 0 -0.050086)
(0.255421 0 -0.0538277)
(0.26768 0 -0.0578377)
(0.280567 0 -0.0621552)
(0.294169 0 -0.066816)
(0.308623 0 -0.0718813)
(0.323859 0 -0.07735)
(0.3398 0 -0.0832262)
(0.356284 0 -0.0894872)
(0.372967 0 -0.0960436)
(0.389449 0 -0.102785)
(0.405264 0 -0.109565)
(0.419911 0 -0.116211)
(0.432921 0 -0.122538)
(0.443891 0 -0.128355)
(0.452509 0 -0.133459)
(0.0155896 0 -0.00251036)
(0.044852 0 -0.00724694)
(0.0705968 0 -0.011496)
(0.0933499 0 -0.0153757)
(0.113595 0 -0.0189827)
(0.131755 0 -0.0223947)
(0.148192 0 -0.0256724)
(0.163229 0 -0.0288689)
(0.177143 0 -0.0320272)
(0.190175 0 -0.0351825)
(0.202587 0 -0.0383785)
(0.214572 0 -0.0416454)
(0.226322 0 -0.0450165)
(0.238014 0 -0.0485245)
(0.249843 0 -0.0522137)
(0.261913 0 -0.0561053)
(0.274424 0 -0.0602577)
(0.287418 0 -0.0646843)
(0.30096 0 -0.0694123)
(0.315124 0 -0.0744787)
(0.329787 0 -0.0798562)
(0.344825 0 -0.0855231)
(0.360056 0 -0.091436)
(0.375207 0 -0.0975187)
(0.389946 0 -0.103669)
(0.403908 0 -0.109763)
(0.416729 0 -0.115664)
(0.428079 0 -0.121232)
(0.437679 0 -0.126319)
(0.445323 0 -0.130778)
(0.0157518 0 -0.0025748)
(0.0453429 0 -0.0074383)
(0.0714489 0 -0.0118134)
(0.0945773 0 -0.0158175)
(0.115192 0 -0.0195441)
(0.133751 0 -0.0230791)
(0.150616 0 -0.0264849)
(0.166086 0 -0.0298121)
(0.180417 0 -0.0330984)
(0.193888 0 -0.0363895)
(0.206735 0 -0.0397253)
(0.219133 0 -0.0431308)
(0.231276 0 -0.0466418)
(0.24333 0 -0.0502888)
(0.255445 0 -0.0541033)
(0.267735 0 -0.0581099)
(0.280352 0 -0.0623517)
(0.293302 0 -0.0668286)
(0.306625 0 -0.0715571)
(0.320315 0 -0.0765413)
(0.334245 0 -0.0817466)
(0.348305 0 -0.0871466)
(0.362321 0 -0.092692)
(0.376062 0 -0.0983107)
(0.38926 0 -0.103913)
(0.401642 0 -0.109397)
(0.412954 0 -0.114663)
(0.42294 0 -0.119591)
(0.431406 0 -0.124066)
(0.438236 0 -0.127995)
(0.0158982 0 -0.0026288)
(0.0457889 0 -0.00759999)
(0.0722405 0 -0.0120864)
(0.0957323 0 -0.0162011)
(0.11672 0 -0.020038)
(0.135653 0 -0.023683)
(0.152903 0 -0.027201)
(0.168772 0 -0.0306434)
(0.1835 0 -0.034047)
(0.197372 0 -0.0374598)
(0.210595 0 -0.0409144)
(0.223352 0 -0.0444401)
(0.235813 0 -0.048065)
(0.24813 0 -0.0518175)
(0.260435 0 -0.0557227)
(0.272834 0 -0.0598028)
(0.285422 0 -0.0640816)
(0.298189 0 -0.0685509)
(0.311134 0 -0.0732102)
(0.324224 0 -0.0780491)
(0.337371 0 -0.0830417)
(0.350459 0 -0.0881516)
(0.363332 0 -0.0933284)
(0.375796 0 -0.0985058)
(0.38764 0 -0.103605)
(0.398689 0 -0.10856)
(0.40873 0 -0.113275)
(0.417565 0 -0.117651)
(0.425086 0 -0.121616)
(0.431217 0 -0.1251)
(0.0160285 0 -0.00267131)
(0.0462183 0 -0.00773373)
(0.0729936 0 -0.0123134)
(0.0967986 0 -0.0165175)
(0.118134 0 -0.0204493)
(0.13744 0 -0.0241931)
(0.155042 0 -0.0278074)
(0.171266 0 -0.0313477)
(0.186368 0 -0.0348554)
(0.200591 0 -0.0383707)
(0.214136 0 -0.0419238)
(0.227182 0 -0.0455438)
(0.239882 0 -0.049254)
(0.252367 0 -0.0530767)
(0.264781 0 -0.0570402)
(0.27718 0 -0.0611511)
(0.289598 0 -0.0654102)
(0.302045 0 -0.0698139)
(0.314516 0 -0.0743557)
(0.32697 0 -0.0790189)
(0.339328 0 -0.0837759)
(0.351481 0 -0.0885874)
(0.363297 0 -0.0934056)
(0.374623 0 -0.0981726)
(0.385299 0 -0.102825)
(0.395187 0 -0.107303)
(0.404135 0 -0.111534)
(0.412 0 -0.11544)
(0.418717 0 -0.118972)
(0.424239 0 -0.122078)
(0.0161333 0 -0.00269973)
(0.0465828 0 -0.00782852)
(0.0736652 0 -0.0124822)
(0.097796 0 -0.0167635)
(0.119441 0 -0.02077)
(0.139068 0 -0.0245914)
(0.157008 0 -0.0282874)
(0.173563 0 -0.0319106)
(0.188988 0 -0.0355017)
(0.203511 0 -0.0390978)
(0.217319 0 -0.0427257)
(0.230583 0 -0.0464127)
(0.243446 0 -0.0501788)
(0.256029 0 -0.0540425)
(0.268434 0 -0.0580195)
(0.280693 0 -0.0621058)
(0.292849 0 -0.0663036)
(0.304913 0 -0.0706069)
(0.31687 0 -0.0750029)
(0.328678 0 -0.0794706)
(0.340264 0 -0.0839806)
(0.351536 0 -0.0884947)
(0.362386 0 -0.09297)
(0.372695 0 -0.0973568)
(0.382357 0 -0.101609)
(0.391249 0 -0.105668)
(0.399248 0 -0.109471)
(0.40628 0 -0.112971)
(0.412302 0 -0.116131)
(0.417281 0 -0.118913)
(0.0162502 0 -0.0027193)
(0.0469119 0 -0.00788594)
(0.0742467 0 -0.0125861)
(0.098685 0 -0.0169251)
(0.120623 0 -0.0209881)
(0.14055 0 -0.0248693)
(0.158789 0 -0.0286268)
(0.175631 0 -0.0323113)
(0.19133 0 -0.0359636)
(0.206102 0 -0.0396168)
(0.220108 0 -0.0432931)
(0.233521 0 -0.0470179)
(0.24647 0 -0.0508087)
(0.259047 0 -0.0546733)
(0.271337 0 -0.0586203)
(0.283387 0 -0.0626495)
(0.29523 0 -0.0667571)
(0.306872 0 -0.0709332)
(0.318296 0 -0.0751619)
(0.329463 0 -0.079421)
(0.340311 0 -0.0836807)
(0.350763 0 -0.087905)
(0.360736 0 -0.0920562)
(0.370156 0 -0.0960993)
(0.378923 0 -0.0999872)
(0.386932 0 -0.103667)
(0.394116 0 -0.107099)
(0.400426 0 -0.110247)
(0.405838 0 -0.113084)
(0.410332 0 -0.115582)
(0.0163442 0 -0.00272297)
(0.0472 0 -0.00790172)
(0.0747637 0 -0.0126239)
(0.0994605 0 -0.0169934)
(0.12167 0 -0.0210925)
(0.141867 0 -0.0250116)
(0.160363 0 -0.0288079)
(0.177445 0 -0.032529)
(0.193377 0 -0.0362196)
(0.20834 0 -0.0399044)
(0.222476 0 -0.0436002)
(0.235956 0 -0.0473301)
(0.248897 0 -0.0511073)
(0.261392 0 -0.0549391)
(0.273514 0 -0.0588288)
(0.285311 0 -0.0627739)
(0.296806 0 -0.0667672)
(0.308005 0 -0.0707963)
(0.318893 0 -0.0748434)
(0.329437 0 -0.0788861)
(0.339589 0 -0.0828967)
(0.349286 0 -0.0868415)
(0.358483 0 -0.0906951)
(0.367105 0 -0.0944201)
(0.375065 0 -0.0979719)
(0.382305 0 -0.101316)
(0.388779 0 -0.10442)
(0.394458 0 -0.107259)
(0.39933 0 -0.109815)
(0.403383 0 -0.112064)
(0.0164164 0 -0.00270973)
(0.0474459 0 -0.00787206)
(0.0752077 0 -0.0125879)
(0.100109 0 -0.016958)
(0.122576 0 -0.021071)
(0.143006 0 -0.0250033)
(0.161723 0 -0.0288139)
(0.179018 0 -0.0325513)
(0.1951 0 -0.0362467)
(0.210161 0 -0.0399275)
(0.224361 0 -0.0436124)
(0.237845 0 -0.047318)
(0.250726 0 -0.0510544)
(0.263092 0 -0.0548263)
(0.275008 0 -0.0586339)
(0.286518 0 -0.0624721)
(0.297645 0 -0.0663314)
(0.308395 0 -0.070198)
(0.318756 0 -0.0740537)
(0.328704 0 -0.0778767)
(0.338202 0 -0.0816413)
(0.347224 0 -0.0853251)
(0.355718 0 -0.0888985)
(0.363612 0 -0.0923242)
(0.37086 0 -0.0955723)
(0.377423 0 -0.0986155)
(0.383273 0 -0.10143)
(0.388395 0 -0.103997)
(0.392784 0 -0.106303)
(0.396437 0 -0.108332)
(0.0164622 0 -0.00267752)
(0.0476528 0 -0.00779329)
(0.0755792 0 -0.0124721)
(0.10066 0 -0.0168147)
(0.123339 0 -0.020912)
(0.143952 0 -0.0248292)
(0.162834 0 -0.0286245)
(0.180254 0 -0.0323427)
(0.19643 0 -0.0360148)
(0.211547 0 -0.0396652)
(0.225761 0 -0.0433111)
(0.239205 0 -0.0469652)
(0.251985 0 -0.0506349)
(0.264185 0 -0.0543224)
(0.275866 0 -0.0580252)
(0.287069 0 -0.0617368)
(0.297819 0 -0.0654461)
(0.308123 0 -0.0691385)
(0.317975 0 -0.0727958)
(0.327355 0 -0.0763963)
(0.336264 0 -0.0799272)
(0.344668 0 -0.0833608)
(0.35251 0 -0.0866658)
(0.359753 0 -0.0898163)
(0.366369 0 -0.0927886)
(0.372334 0 -0.0955615)
(0.377633 0 -0.0981173)
(0.382258 0 -0.100442)
(0.386215 0 -0.102526)
(0.389501 0 -0.104358)
(0.0165249 0 -0.00263196)
(0.047827 0 -0.00766238)
(0.0758742 0 -0.0122696)
(0.101088 0 -0.0165514)
(0.123893 0 -0.0205951)
(0.144639 0 -0.0244657)
(0.163636 0 -0.0282161)
(0.181144 0 -0.0318869)
(0.197375 0 -0.0355078)
(0.212509 0 -0.0391004)
(0.226696 0 -0.04268)
(0.240062 0 -0.0462565)
(0.252709 0 -0.0498346)
(0.264716 0 -0.0534147)
(0.276142 0 -0.0569925)
(0.287029 0 -0.06056)
(0.297402 0 -0.0641059)
(0.307273 0 -0.0676153)
(0.316641 0 -0.071071)
(0.325498 0 -0.0744536)
(0.333853 0 -0.0777514)
(0.341682 0 -0.0809427)
(0.348938 0 -0.0839965)
(0.3556 0 -0.0868927)
(0.361654 0 -0.089613)
(0.367087 0 -0.092141)
(0.371894 0 -0.0944636)
(0.376076 0 -0.0965707)
(0.37964 0 -0.098456)
(0.38259 0 -0.10011)
(0.0165493 0 -0.00256313)
(0.0479037 0 -0.00746624)
(0.0760272 0 -0.0119645)
(0.10133 0 -0.0161515)
(0.124228 0 -0.0201095)
(0.145065 0 -0.0239014)
(0.164139 0 -0.0275757)
(0.181697 0 -0.0311697)
(0.197947 0 -0.0347105)
(0.213064 0 -0.0382175)
(0.227192 0 -0.0417036)
(0.240452 0 -0.0451766)
(0.252941 0 -0.0486393)
(0.264736 0 -0.0520902)
(0.275896 0 -0.0555239)
(0.286464 0 -0.0589319)
(0.296467 0 -0.0623025)
(0.305923 0 -0.0656215)
(0.314837 0 -0.0688731)
(0.32321 0 -0.07204)
(0.331053 0 -0.0751105)
(0.338353 0 -0.0780669)
(0.345079 0 -0.080883)
(0.35122 0 -0.0835422)
(0.356772 0 -0.0860301)
(0.36173 0 -0.0883342)
(0.366098 0 -0.0904446)
(0.36988 0 -0.0923545)
(0.373088 0 -0.0940595)
(0.37573 0 -0.0955527)
(0.016536 0 -0.0024705)
(0.0478847 0 -0.00720247)
(0.0760394 0 -0.0115524)
(0.101393 0 -0.0156078)
(0.124348 0 -0.0194458)
(0.145241 0 -0.0231254)
(0.164356 0 -0.0266913)
(0.181932 0 -0.0301775)
(0.198171 0 -0.0336084)
(0.213242 0 -0.0370011)
(0.227284 0 -0.0403665)
(0.240415 0 -0.0437104)
(0.252729 0 -0.047034)
(0.264302 0 -0.0503346)
(0.275192 0 -0.0536062)
(0.285445 0 -0.0568397)
(0.295091 0 -0.060024)
(0.304153 0 -0.0631456)
(0.312642 0 -0.0661901)
(0.320567 0 -0.0691423)
(0.32794 0 -0.0719903)
(0.334759 0 -0.0747196)
(0.341006 0 -0.0773093)
(0.346679 0 -0.0797457)
(0.351781 0 -0.0820172)
(0.356314 0 -0.0841144)
(0.360286 0 -0.0860299)
(0.363708 0 -0.087759)
(0.366593 0 -0.0892992)
(0.368951 0 -0.0906454)
(0.0164911 0 -0.00235387)
(0.0477799 0 -0.00686914)
(0.0759221 0 -0.0110291)
(0.10129 0 -0.0149141)
(0.124269 0 -0.0185955)
(0.145184 0 -0.0221275)
(0.164309 0 -0.0255513)
(0.181875 0 -0.0288973)
(0.198077 0 -0.0321873)
(0.213078 0 -0.0354362)
(0.227015 0 -0.038653)
(0.240001 0 -0.0418418)
(0.252129 0 -0.0450027)
(0.263475 0 -0.048132)
(0.274098 0 -0.0512233)
(0.284045 0 -0.0542678)
(0.293351 0 -0.0572544)
(0.302042 0 -0.0601711)
(0.310137 0 -0.0630046)
(0.317649 0 -0.0657416)
(0.324594 0 -0.0683703)
(0.330977 0 -0.0708791)
(0.336792 0 -0.0732514)
(0.342044 0 -0.075476)
(0.346742 0 -0.0775439)
(0.350894 0 -0.0794476)
(0.354511 0 -0.0811819)
(0.357607 0 -0.0827436)
(0.360198 0 -0.0841315)
(0.362295 0 -0.0853419)
(0.0164197 0 -0.0022129)
(0.0476 0 -0.00646449)
(0.0756895 0 -0.0103909)
(0.101036 0 -0.0140647)
(0.124009 0 -0.0175508)
(0.144917 0 -0.0208983)
(0.164027 0 -0.0241445)
(0.181559 0 -0.0273163)
(0.197703 0 -0.0304331)
(0.212616 0 -0.0335075)
(0.226433 0 -0.0365468)
(0.239265 0 -0.0395538)
(0.251203 0 -0.0425276)
(0.262323 0 -0.045464)
(0.272686 0 -0.0483564)
(0.28234 0 -0.0511962)
(0.291326 0 -0.0539732)
(0.299672 0 -0.0566761)
(0.307403 0 -0.0592932)
(0.314538 0 -0.0618128)
(0.321094 0 -0.0642234)
(0.327084 0 -0.0665157)
(0.332511 0 -0.0686768)
(0.337386 0 -0.0706978)
(0.341722 0 -0.0725713)
(0.345532 0 -0.0742917)
(0.34883 0 -0.0758553)
(0.351633 0 -0.07726)
(0.353956 0 -0.0785054)
(0.355815 0 -0.079589)
(0.0163264 0 -0.00204722)
(0.0473575 0 -0.00598694)
(0.0753593 0 -0.00963456)
(0.100655 0 -0.0130545)
(0.123594 0 -0.0163046)
(0.144472 0 -0.0194288)
(0.163544 0 -0.0224599)
(0.181023 0 -0.0254219)
(0.197093 0 -0.0283314)
(0.211907 0 -0.0311991)
(0.225596 0 -0.0340306)
(0.238269 0 -0.0368277)
(0.250018 0 -0.0395887)
(0.260918 0 -0.0423093)
(0.271032 0 -0.0449828)
(0.280412 0 -0.0476009)
(0.289099 0 -0.0501543)
(0.297128 0 -0.0526328)
(0.304527 0 -0.0550259)
(0.311321 0 -0.0573234)
(0.317526 0 -0.0595144)
(0.323163 0 -0.0615913)
(0.328243 0 -0.0635445)
(0.332781 0 -0.0653666)
(0.336795 0 -0.0670517)
(0.340299 0 -0.0685957)
(0.343311 0 -0.0699958)
(0.345849 0 -0.0712509)
(0.347931 0 -0.0723612)
(0.349573 0 -0.0733248)
(0.0162165 0 -0.00185648)
(0.0470662 0 -0.00543516)
(0.0749521 0 -0.00875727)
(0.100172 0 -0.0118788)
(0.123055 0 -0.0148503)
(0.143884 0 -0.0177103)
(0.162902 0 -0.0204871)
(0.180315 0 -0.0232016)
(0.1963 0 -0.0258677)
(0.211008 0 -0.0284944)
(0.224566 0 -0.0310859)
(0.237082 0 -0.033643)
(0.248648 0 -0.0361636)
(0.259339 0 -0.0386432)
(0.269221 0 -0.0410754)
(0.278346 0 -0.0434526)
(0.28676 0 -0.045766)
(0.294501 0 -0.0480066)
(0.3016 0 -0.0501652)
(0.308086 0 -0.0522327)
(0.313979 0 -0.0541991)
(0.319303 0 -0.0560584)
(0.324074 0 -0.0578033)
(0.328314 0 -0.0594276)
(0.332041 0 -0.0609269)
(0.335274 0 -0.0622979)
(0.338031 0 -0.0635386)
(0.340333 0 -0.0646486)
(0.342199 0 -0.0656284)
(0.343645 0 -0.0664766)
(0.0160954 0 -0.00164044)
(0.0467418 0 -0.00480803)
(0.0744919 0 -0.0077566)
(0.0996189 0 -0.0105336)
(0.122431 0 -0.0131821)
(0.143197 0 -0.0157347)
(0.162149 0 -0.0182158)
(0.179487 0 -0.0206426)
(0.195383 0 -0.023027)
(0.209983 0 -0.0253758)
(0.223413 0 -0.0276923)
(0.235779 0 -0.0299767)
(0.247172 0 -0.0322264)
(0.257671 0 -0.034437)
(0.267339 0 -0.0366025)
(0.276234 0 -0.0387159)
(0.284402 0 -0.0407695)
(0.291886 0 -0.0427552)
(0.298719 0 -0.0446648)
(0.304933 0 -0.0464907)
(0.310551 0 -0.0482236)
(0.315598 0 -0.0498588)
(0.3201 0 -0.0513907)
(0.324078 0 -0.0528145)
(0.327554 0 -0.0541264)
(0.330548 0 -0.0553241)
(0.333082 0 -0.0564061)
(0.335175 0 -0.0573723)
(0.336849 0 -0.0582235)
(0.33812 0 -0.0589587)
(0.0159697 0 -0.0013989)
(0.0464026 0 -0.00410471)
(0.0740066 0 -0.00663054)
(0.0990304 0 -0.00901527)
(0.121763 0 -0.0112942)
(0.142459 0 -0.0134944)
(0.161341 0 -0.0156357)
(0.178602 0 -0.0177322)
(0.194409 0 -0.0197934)
(0.208906 0 -0.0218245)
(0.222215 0 -0.0238279)
(0.234442 0 -0.0258031)
(0.24568 0 -0.0277476)
(0.256004 0 -0.0296572)
(0.265484 0 -0.0315265)
(0.274175 0 -0.0333492)
(0.282128 0 -0.0351185)
(0.289386 0 -0.0368273)
(0.295988 0 -0.0384689)
(0.301967 0 -0.0400364)
(0.307347 0 -0.0415218)
(0.312157 0 -0.0429214)
(0.316427 0 -0.0442309)
(0.320179 0 -0.0454465)
(0.323439 0 -0.0465652)
(0.326228 0 -0.0475851)
(0.328568 0 -0.0485051)
(0.330481 0 -0.0493254)
(0.331988 0 -0.0500466)
(0.333107 0 -0.0506682)
(0.0158467 0 -0.00113178)
(0.0460693 0 -0.00332464)
(0.073528 0 -0.00537754)
(0.0984481 0 -0.00732076)
(0.1211 0 -0.00918193)
(0.141725 0 -0.0109822)
(0.160539 0 -0.012737)
(0.177727 0 -0.0144575)
(0.193452 0 -0.0161506)
(0.207854 0 -0.0178205)
(0.221056 0 -0.0194684)
(0.233162 0 -0.0210937)
(0.244264 0 -0.022694)
(0.254439 0 -0.0242656)
(0.263757 0 -0.0258037)
(0.272275 0 -0.0273029)
(0.280046 0 -0.0287576)
(0.287115 0 -0.0301619)
(0.293522 0 -0.03151)
(0.299305 0 -0.0327964)
(0.304486 0 -0.0340142)
(0.309098 0 -0.0351605)
(0.313174 0 -0.0362322)
(0.316738 0 -0.0372263)
(0.319817 0 -0.0381403)
(0.322434 0 -0.0389727)
(0.324612 0 -0.0397228)
(0.326374 0 -0.0403906)
(0.32774 0 -0.040977)
(0.328731 0 -0.0414813)
(0.0157349 0 -0.000839093)
(0.0457663 0 -0.00246761)
(0.0730934 0 -0.00399659)
(0.0979194 0 -0.00544774)
(0.120498 0 -0.00684094)
(0.141061 0 -0.00819139)
(0.159813 0 -0.0095103)
(0.176938 0 -0.0108055)
(0.192593 0 -0.012082)
(0.206916 0 -0.0133424)
(0.220029 0 -0.0145877)
(0.232036 0 -0.0158169)
(0.243028 0 -0.017028)
(0.253083 0 -0.018218)
(0.26227 0 -0.0193831)
(0.27065 0 -0.0205191)
(0.278276 0 -0.0216216)
(0.285194 0 -0.0226858)
(0.291448 0 -0.0237074)
(0.297075 0 -0.024682)
(0.302099 0 -0.0256042)
(0.306555 0 -0.026472)
(0.310477 0 -0.0272832)
(0.313893 0 -0.0280352)
(0.316829 0 -0.0287264)
(0.31931 0 -0.0293554)
(0.321359 0 -0.0299218)
(0.323 0 -0.0304256)
(0.324254 0 -0.0308674)
(0.325142 0 -0.0312466)
(0.0156449 0 -0.000521004)
(0.0455233 0 -0.00153381)
(0.0727469 0 -0.00248738)
(0.0974994 0 -0.0033948)
(0.120021 0 -0.00426811)
(0.140535 0 -0.00511655)
(0.159241 0 -0.00594692)
(0.176318 0 -0.00676394)
(0.191921 0 -0.00757059)
(0.206187 0 -0.00836842)
(0.219235 0 -0.00915776)
(0.23117 0 -0.00993798)
(0.242082 0 -0.0107076)
(0.25205 0 -0.0114647)
(0.261145 0 -0.0122065)
(0.269426 0 -0.0129305)
(0.276949 0 -0.0136335)
(0.283761 0 -0.0143125)
(0.289905 0 -0.0149646)
(0.295421 0 -0.0155869)
(0.300334 0 -0.0161757)
(0.304679 0 -0.01673)
(0.308492 0 -0.0172481)
(0.311803 0 -0.0177286)
(0.314637 0 -0.0181701)
(0.31702 0 -0.0185719)
(0.318978 0 -0.0189335)
(0.320532 0 -0.0192549)
(0.321706 0 -0.0195365)
(0.32252 0 -0.0197778)
(0.0155912 0 -0.000177876)
(0.045379 0 -0.00052407)
(0.0725428 0 -0.000850671)
(0.0972535 0 -0.00116207)
(0.119743 0 -0.00146231)
(0.140229 0 -0.00175452)
(0.15891 0 -0.00204098)
(0.17596 0 -0.00232327)
(0.191534 0 -0.00260241)
(0.205768 0 -0.00287887)
(0.218781 0 -0.00315276)
(0.230677 0 -0.00342381)
(0.241547 0 -0.00369149)
(0.251469 0 -0.00395505)
(0.260513 0 -0.00421359)
(0.268742 0 -0.0044661)
(0.276209 0 -0.00471149)
(0.282964 0 -0.00494867)
(0.28905 0 -0.00517658)
(0.294507 0 -0.00539417)
(0.29936 0 -0.00560012)
(0.303645 0 -0.00579406)
(0.3074 0 -0.00597547)
(0.310653 0 -0.00614373)
(0.313432 0 -0.00629836)
(0.315763 0 -0.00643906)
(0.317671 0 -0.00656568)
(0.319179 0 -0.0066782)
(0.320309 0 -0.00677672)
(0.321082 0 -0.00686109)
(0.517428 0 -0.159682)
(0.516633 0 -0.16876)
(0.512819 0 -0.176782)
(0.50987 0 -0.154517)
(0.511452 0 -0.161492)
(0.509982 0 -0.166541)
(0.499565 0 -0.152053)
(0.502466 0 -0.156731)
(0.503035 0 -0.160496)
(0.490232 0 -0.149054)
(0.493358 0 -0.152717)
(0.494903 0 -0.155788)
(0.481488 0 -0.145962)
(0.484582 0 -0.149008)
(0.486558 0 -0.151626)
(0.473152 0 -0.142877)
(0.476134 0 -0.145481)
(0.478279 0 -0.147762)
(0.46512 0 -0.139807)
(0.467955 0 -0.142072)
(0.470138 0 -0.144083)
(0.457329 0 -0.136745)
(0.459997 0 -0.138734)
(0.462143 0 -0.140521)
(0.449726 0 -0.13367)
(0.452217 0 -0.135431)
(0.454281 0 -0.137026)
(0.442256 0 -0.130556)
(0.444569 0 -0.132124)
(0.446525 0 -0.133553)
(0.434886 0 -0.127381)
(0.43702 0 -0.128782)
(0.438853 0 -0.130065)
(0.427582 0 -0.124118)
(0.429542 0 -0.125374)
(0.431244 0 -0.126528)
(0.420321 0 -0.120742)
(0.422114 0 -0.12187)
(0.423682 0 -0.122911)
(0.413089 0 -0.117227)
(0.41472 0 -0.118243)
(0.416153 0 -0.11918)
(0.405877 0 -0.113545)
(0.407354 0 -0.11446)
(0.408654 0 -0.115306)
(0.398683 0 -0.109668)
(0.400014 0 -0.110493)
(0.401184 0 -0.111255)
(0.391516 0 -0.105563)
(0.392707 0 -0.106307)
(0.393753 0 -0.106994)
(0.38439 0 -0.101197)
(0.38545 0 -0.101867)
(0.386375 0 -0.102486)
(0.377328 0 -0.0965323)
(0.378264 0 -0.0971353)
(0.379075 0 -0.0976915)
(0.370362 0 -0.0915266)
(0.371181 0 -0.0920682)
(0.371884 0 -0.0925669)
(0.363533 0 -0.0861323)
(0.364243 0 -0.0866172)
(0.364844 0 -0.0870629)
(0.356892 0 -0.0802948)
(0.357502 0 -0.0807269)
(0.358008 0 -0.0811233)
(0.350503 0 -0.0739508)
(0.35102 0 -0.0743333)
(0.351438 0 -0.0746834)
(0.344441 0 -0.0670263)
(0.344873 0 -0.0673615)
(0.345211 0 -0.0676675)
(0.338797 0 -0.0594339)
(0.339153 0 -0.0597231)
(0.339419 0 -0.0599865)
(0.333678 0 -0.0510691)
(0.333968 0 -0.0513126)
(0.33417 0 -0.0515339)
(0.329213 0 -0.0418059)
(0.329446 0 -0.0420027)
(0.329594 0 -0.0421813)
(0.325552 0 -0.0314904)
(0.32574 0 -0.031638)
(0.325844 0 -0.0317717)
(0.322879 0 -0.0199328)
(0.323034 0 -0.0200266)
(0.323106 0 -0.0201113)
(0.321413 0 -0.00691525)
(0.32155 0 -0.00694795)
(0.321605 0 -0.00697752)
(0.502633 0 -0.180272)
(0.495269 0 -0.180354)
(0.48723 0 -0.178066)
(0.479544 0 -0.17459)
(0.472093 0 -0.17045)
(0.464839 0 -0.165879)
(0.457706 0 -0.16097)
(0.450602 0 -0.155771)
(0.443418 0 -0.150323)
(0.436028 0 -0.144659)
(0.428297 0 -0.138817)
(0.420082 0 -0.132831)
(0.411238 0 -0.126734)
(0.401616 0 -0.120554)
(0.391064 0 -0.114313)
(0.379431 0 -0.108026)
(0.366568 0 -0.1017)
(0.352329 0 -0.0953371)
(0.336565 0 -0.0889283)
(0.319135 0 -0.0824587)
(0.299895 0 -0.0759051)
(0.278703 0 -0.0692363)
(0.255418 0 -0.0624129)
(0.2299 0 -0.0553871)
(0.202011 0 -0.0481031)
(0.17161 0 -0.0404959)
(0.138552 0 -0.0324899)
(0.102694 0 -0.0239981)
(0.063902 0 -0.0149264)
(0.0218712 0 -0.00512716)
(0.505136 0 -0.171515)
(0.498068 0 -0.173939)
(0.490844 0 -0.173605)
(0.483577 0 -0.171635)
(0.47627 0 -0.168622)
(0.468963 0 -0.164894)
(0.461652 0 -0.160635)
(0.454287 0 -0.15596)
(0.446788 0 -0.150943)
(0.439052 0 -0.145643)
(0.430958 0 -0.140108)
(0.422379 0 -0.134379)
(0.413179 0 -0.128493)
(0.403215 0 -0.12248)
(0.392343 0 -0.116363)
(0.380416 0 -0.110161)
(0.367287 0 -0.103882)
(0.352811 0 -0.0975281)
(0.336842 0 -0.0910946)
(0.319237 0 -0.0845678)
(0.299852 0 -0.0779264)
(0.278546 0 -0.071141)
(0.255176 0 -0.064174)
(0.229603 0 -0.0569795)
(0.201684 0 -0.049503)
(0.17128 0 -0.0416808)
(0.138246 0 -0.033439)
(0.102439 0 -0.0246932)
(0.0637228 0 -0.0153508)
(0.0218012 0 -0.00526794)
(0.501534 0 -0.16491)
(0.496883 0 -0.167955)
(0.491052 0 -0.168795)
(0.484644 0 -0.167964)
(0.477919 0 -0.165932)
(0.470962 0 -0.163023)
(0.463815 0 -0.159446)
(0.456473 0 -0.155341)
(0.448893 0 -0.150808)
(0.441004 0 -0.145921)
(0.432709 0 -0.140738)
(0.423898 0 -0.135308)
(0.41445 0 -0.129671)
(0.404233 0 -0.123862)
(0.393114 0 -0.117905)
(0.380953 0 -0.111822)
(0.367608 0 -0.105622)
(0.352938 0 -0.099311)
(0.336799 0 -0.0928845)
(0.31905 0 -0.0863314)
(0.299548 0 -0.0796325)
(0.278153 0 -0.0727603)
(0.254722 0 -0.0656794)
(0.229115 0 -0.0583458)
(0.201191 0 -0.0507067)
(0.170809 0 -0.0427005)
(0.137825 0 -0.0342555)
(0.102097 0 -0.0252898)
(0.063491 0 -0.0157141)
(0.0217144 0 -0.00538792)
(0.495348 0 -0.159601)
(0.492885 0 -0.16268)
(0.488705 0 -0.164049)
(0.483454 0 -0.163981)
(0.477524 0 -0.162725)
(0.471136 0 -0.160533)
(0.464367 0 -0.157597)
(0.457249 0 -0.154057)
(0.44977 0 -0.15002)
(0.441884 0 -0.145565)
(0.433523 0 -0.140758)
(0.424599 0 -0.135654)
(0.415005 0 -0.130296)
(0.404624 0 -0.124719)
(0.393331 0 -0.118952)
(0.380998 0 -0.113017)
(0.36749 0 -0.106926)
(0.35267 0 -0.100686)
(0.3364 0 -0.0942958)
(0.318541 0 -0.0877454)
(0.298953 0 -0.0810179)
(0.277496 0 -0.0740881)
(0.254031 0 -0.0669226)
(0.228416 0 -0.0594794)
(0.200513 0 -0.0517083)
(0.170181 0 -0.0435497)
(0.137278 0 -0.0349348)
(0.101661 0 -0.0257848)
(0.0632003 0 -0.0160139)
(0.0216075 0 -0.0054861)
(0.488064 0 -0.154963)
(0.487251 0 -0.157934)
(0.48453 0 -0.159531)
(0.480472 0 -0.159908)
(0.475461 0 -0.159224)
(0.469754 0 -0.157622)
(0.46349 0 -0.155252)
(0.456726 0 -0.152236)
(0.449477 0 -0.148676)
(0.441719 0 -0.144651)
(0.433406 0 -0.140228)
(0.424468 0 -0.135462)
(0.414817 0 -0.130398)
(0.404353 0 -0.125075)
(0.392958 0 -0.11952)
(0.380515 0 -0.113756)
(0.366895 0 -0.107799)
(0.351973 0 -0.101656)
(0.335613 0 -0.0953283)
(0.31768 0 -0.0888077)
(0.298039 0 -0.0820793)
(0.276552 0 -0.0751199)
(0.253082 0 -0.0678985)
(0.227489 0 -0.0603756)
(0.199636 0 -0.0525031)
(0.169384 0 -0.0442244)
(0.136593 0 -0.0354737)
(0.101123 0 -0.0261757)
(0.0628455 0 -0.0162488)
(0.0214785 0 -0.00556193)
(0.480348 0 -0.150722)
(0.480671 0 -0.153527)
(0.47912 0 -0.155219)
(0.476131 0 -0.155863)
(0.472035 0 -0.155568)
(0.467058 0 -0.154428)
(0.461359 0 -0.152535)
(0.455026 0 -0.149985)
(0.448092 0 -0.146867)
(0.440552 0 -0.143252)
(0.432374 0 -0.139204)
(0.423507 0 -0.134776)
(0.413878 0 -0.130014)
(0.403397 0 -0.124954)
(0.391966 0 -0.119626)
(0.379472 0 -0.114053)
(0.365797 0 -0.10825)
(0.350819 0 -0.102227)
(0.334409 0 -0.0959847)
(0.316442 0 -0.0895185)
(0.296783 0 -0.0828151)
(0.275299 0 -0.0758532)
(0.251855 0 -0.068604)
(0.226316 0 -0.0610306)
(0.198545 0 -0.0530877)
(0.168406 0 -0.0447215)
(0.135763 0 -0.0358696)
(0.100477 0 -0.0264606)
(0.0624228 0 -0.0164177)
(0.021326 0 -0.0056151)
(0.472487 0 -0.14673)
(0.473557 0 -0.14935)
(0.472895 0 -0.151057)
(0.470795 0 -0.151869)
(0.467516 0 -0.151841)
(0.463254 0 -0.151044)
(0.458143 0 -0.149541)
(0.452272 0 -0.14739)
(0.445704 0 -0.144667)
(0.43844 0 -0.141431)
(0.430463 0 -0.13774)
(0.421734 0 -0.133642)
(0.41219 0 -0.129178)
(0.401757 0 -0.124386)
(0.390343 0 -0.119292)
(0.37785 0 -0.113921)
(0.364169 0 -0.108289)
(0.349183 0 -0.102405)
(0.33277 0 -0.0962701)
(0.314805 0 -0.0898802)
(0.295165 0 -0.0832259)
(0.273719 0 -0.0762871)
(0.250336 0 -0.0690375)
(0.224884 0 -0.0614426)
(0.197229 0 -0.0534599)
(0.167239 0 -0.0450389)
(0.134779 0 -0.0361208)
(0.0997165 0 -0.0266385)
(0.061929 0 -0.0165199)
(0.0211491 0 -0.00564545)
(0.464603 0 -0.1429)
(0.46614 0 -0.14533)
(0.466122 0 -0.147003)
(0.464728 0 -0.147907)
(0.462145 0 -0.148069)
(0.458529 0 -0.147528)
(0.453978 0 -0.146327)
(0.448582 0 -0.144515)
(0.442402 0 -0.142137)
(0.435451 0 -0.139244)
(0.427719 0 -0.135884)
(0.419175 0 -0.132098)
(0.409769 0 -0.127925)
(0.399434 0 -0.123398)
(0.388091 0 -0.118542)
(0.375646 0 -0.113381)
(0.362002 0 -0.10793)
(0.347048 0 -0.102197)
(0.330674 0 -0.0961883)
(0.312755 0 -0.0898972)
(0.293172 0 -0.0833143)
(0.271799 0 -0.0764227)
(0.248512 0 -0.069199)
(0.223182 0 -0.0616109)
(0.195679 0 -0.0536189)
(0.165874 0 -0.0451757)
(0.133637 0 -0.0362266)
(0.0988391 0 -0.0267088)
(0.061362 0 -0.0165552)
(0.0209471 0 -0.005653)
(0.456747 0 -0.13917)
(0.458553 0 -0.141412)
(0.458978 0 -0.143019)
(0.458122 0 -0.143963)
(0.456106 0 -0.144251)
(0.45304 0 -0.143902)
(0.44901 0 -0.142941)
(0.444081 0 -0.141409)
(0.438285 0 -0.139327)
(0.431658 0 -0.136737)
(0.424195 0 -0.133676)
(0.415871 0 -0.130182)
(0.406642 0 -0.126286)
(0.396447 0 -0.122017)
(0.385215 0 -0.117398)
(0.372862 0 -0.11245)
(0.359296 0 -0.107187)
(0.344416 0 -0.101618)
(0.328114 0 -0.0957471)
(0.310279 0 -0.0895719)
(0.290791 0 -0.0830824)
(0.269531 0 -0.0762627)
(0.246375 0 -0.0690896)
(0.221203 0 -0.0615362)
(0.193889 0 -0.0535649)
(0.164307 0 -0.0451321)
(0.132333 0 -0.036187)
(0.0978421 0 -0.0266716)
(0.0607207 0 -0.0165238)
(0.0207199 0 -0.00563788)
(0.448932 0 -0.135489)
(0.450867 0 -0.137551)
(0.451582 0 -0.139072)
(0.451118 0 -0.14002)
(0.449548 0 -0.140387)
(0.446945 0 -0.140179)
(0.44337 0 -0.139411)
(0.438856 0 -0.138098)
(0.433444 0 -0.13627)
(0.427137 0 -0.133943)
(0.419954 0 -0.131152)
(0.41187 0 -0.127926)
(0.402843 0 -0.12429)
(0.39282 0 -0.120268)
(0.381735 0 -0.115881)
(0.36951 0 -0.111145)
(0.356059 0 -0.106075)
(0.341288 0 -0.100678)
(0.325097 0 -0.0949585)
(0.307377 0 -0.0889131)
(0.288019 0 -0.0825341)
(0.266908 0 -0.0758081)
(0.243923 0 -0.0687123)
(0.218945 0 -0.0612204)
(0.191857 0 -0.0532991)
(0.162537 0 -0.0449089)
(0.130867 0 -0.0360029)
(0.096725 0 -0.0265275)
(0.0600049 0 -0.0164262)
(0.0204676 0 -0.00560032)
(0.441153 0 -0.131814)
(0.44312 0 -0.133703)
(0.444007 0 -0.135129)
(0.443818 0 -0.136055)
(0.442586 0 -0.136466)
(0.440353 0 -0.136359)
(0.437155 0 -0.135736)
(0.433021 0 -0.134607)
(0.427952 0 -0.132984)
(0.421962 0 -0.130888)
(0.415058 0 -0.128336)
(0.407224 0 -0.125354)
(0.398418 0 -0.12196)
(0.388589 0 -0.118173)
(0.377676 0 -0.114009)
(0.365608 0 -0.109484)
(0.352304 0 -0.104609)
(0.337675 0 -0.0993903)
(0.321627 0 -0.0938313)
(0.304059 0 -0.0879296)
(0.284863 0 -0.081678)
(0.263932 0 -0.0750636)
(0.241152 0 -0.0680677)
(0.216408 0 -0.0606649)
(0.189585 0 -0.052824)
(0.160565 0 -0.0445078)
(0.129238 0 -0.0356755)
(0.0954892 0 -0.0262776)
(0.0592158 0 -0.0162632)
(0.0201907 0 -0.00554063)
(0.43341 0 -0.128109)
(0.435337 0 -0.129835)
(0.436304 0 -0.131158)
(0.43629 0 -0.132044)
(0.435305 0 -0.132473)
(0.433362 0 -0.132435)
(0.430475 0 -0.131923)
(0.426655 0 -0.13094)
(0.421905 0 -0.129492)
(0.416219 0 -0.127593)
(0.409574 0 -0.125248)
(0.401996 0 -0.122488)
(0.393418 0 -0.119318)
(0.383797 0 -0.115751)
(0.373076 0 -0.111802)
(0.361187 0 -0.107482)
(0.348055 0 -0.102801)
(0.333596 0 -0.097765)
(0.317722 0 -0.092375)
(0.300334 0 -0.0866291)
(0.281334 0 -0.0805204)
(0.260616 0 -0.074037)
(0.238073 0 -0.0671618)
(0.213595 0 -0.059872)
(0.187074 0 -0.0521402)
(0.158396 0 -0.0439312)
(0.127453 0 -0.0352067)
(0.0941378 0 -0.0259234)
(0.0583556 0 -0.0160356)
(0.01989 0 -0.00545919)
(0.425695 0 -0.124339)
(0.427534 0 -0.125911)
(0.428513 0 -0.127132)
(0.428598 0 -0.127965)
(0.427778 0 -0.128391)
(0.42605 0 -0.128395)
(0.423412 0 -0.127967)
(0.419861 0 -0.127104)
(0.415387 0 -0.125804)
(0.409954 0 -0.124064)
(0.403588 0 -0.12191)
(0.396258 0 -0.119348)
(0.387903 0 -0.11638)
(0.378494 0 -0.113018)
(0.367975 0 -0.109272)
(0.356282 0 -0.105152)
(0.343342 0 -0.100664)
(0.329077 0 -0.0958129)
(0.313401 0 -0.0905987)
(0.296223 0 -0.0850193)
(0.277447 0 -0.0790678)
(0.256973 0 -0.0727333)
(0.2347 0 -0.0660002)
(0.210522 0 -0.0588479)
(0.184335 0 -0.0512511)
(0.156034 0 -0.0431796)
(0.125515 0 -0.0345978)
(0.0926764 0 -0.0254665)
(0.0574275 0 -0.0157446)
(0.0195667 0 -0.0053564)
(0.418005 0 -0.120472)
(0.41972 0 -0.1219)
(0.420661 0 -0.123017)
(0.420785 0 -0.123792)
(0.420068 0 -0.1242)
(0.418492 0 -0.124227)
(0.416043 0 -0.123858)
(0.412705 0 -0.123087)
(0.408462 0 -0.121909)
(0.403281 0 -0.120318)
(0.397164 0 -0.118332)
(0.390059 0 -0.11594)
(0.381934 0 -0.113157)
(0.372736 0 -0.109985)
(0.362423 0 -0.106432)
(0.350936 0 -0.102505)
(0.338204 0 -0.0982078)
(0.324151 0 -0.093543)
(0.308696 0 -0.0885104)
(0.291752 0 -0.083107)
(0.273226 0 -0.0773262)
(0.253025 0 -0.0711577)
(0.23105 0 -0.0645873)
(0.207203 0 -0.0575964)
(0.181384 0 -0.0501621)
(0.153494 0 -0.0422573)
(0.123434 0 -0.0338507)
(0.09111 0 -0.0249077)
(0.0564364 0 -0.0153914)
(0.0192225 0 -0.00523267)
(0.410338 0 -0.116472)
(0.411908 0 -0.117766)
(0.412774 0 -0.118784)
(0.41289 0 -0.119495)
(0.412223 0 -0.119877)
(0.410747 0 -0.119911)
(0.408438 0 -0.119585)
(0.40527 0 -0.118886)
(0.40122 0 -0.117809)
(0.396259 0 -0.116347)
(0.39034 0 -0.114496)
(0.383446 0 -0.112261)
(0.375555 0 -0.109652)
(0.366584 0 -0.106662)
(0.356473 0 -0.103289)
(0.345197 0 -0.0995479)
(0.332684 0 -0.0954388)
(0.318858 0 -0.0909621)
(0.303642 0 -0.0861164)
(0.286952 0 -0.0808981)
(0.268699 0 -0.0753008)
(0.248795 0 -0.0693148)
(0.227147 0 -0.062927)
(0.20366 0 -0.0561208)
(0.178239 0 -0.0488757)
(0.150791 0 -0.0411676)
(0.121224 0 -0.032969)
(0.0894487 0 -0.024249)
(0.0553868 0 -0.0149764)
(0.0188596 0 -0.00508846)
(0.402701 0 -0.112307)
(0.404109 0 -0.113477)
(0.404874 0 -0.114399)
(0.404947 0 -0.115044)
(0.404291 0 -0.115392)
(0.402871 0 -0.115425)
(0.400657 0 -0.115126)
(0.397617 0 -0.114484)
(0.393721 0 -0.113489)
(0.388929 0 -0.112131)
(0.383202 0 -0.110405)
(0.376526 0 -0.108322)
(0.368836 0 -0.105866)
(0.360068 0 -0.103038)
(0.350174 0 -0.0998422)
(0.339118 0 -0.0962834)
(0.326831 0 -0.0923611)
(0.313244 0 -0.0880744)
(0.298281 0 -0.0834209)
(0.281861 0 -0.0783967)
(0.263902 0 -0.0729953)
(0.244317 0 -0.0672079)
(0.223018 0 -0.0610224)
(0.199916 0 -0.054424)
(0.174921 0 -0.0473945)
(0.147944 0 -0.0399127)
(0.1189 0 -0.0319544)
(0.0877047 0 -0.0234929)
(0.0542867 0 -0.0145011)
(0.0184798 0 -0.00492385)
(0.395104 0 -0.107942)
(0.396342 0 -0.108996)
(0.396988 0 -0.109826)
(0.396991 0 -0.110407)
(0.396313 0 -0.110718)
(0.394914 0 -0.110741)
(0.39276 0 -0.110459)
(0.389812 0 -0.109861)
(0.386037 0 -0.108935)
(0.381391 0 -0.107669)
(0.375837 0 -0.106058)
(0.369319 0 -0.104094)
(0.361804 0 -0.101779)
(0.353263 0 -0.0991147)
(0.343599 0 -0.0960926)
(0.332761 0 -0.0927123)
(0.320705 0 -0.0889759)
(0.307362 0 -0.0848812)
(0.292661 0 -0.0804254)
(0.276525 0 -0.0756043)
(0.258874 0 -0.0704115)
(0.239626 0 -0.0648388)
(0.218697 0 -0.0588753)
(0.196001 0 -0.0525077)
(0.171455 0 -0.04572)
(0.144974 0 -0.0384938)
(0.116479 0 -0.0308082)
(0.0858907 0 -0.0226402)
(0.0531447 0 -0.0139668)
(0.0180865 0 -0.00473945)
(0.387564 0 -0.103339)
(0.388629 0 -0.104285)
(0.389144 0 -0.105029)
(0.389059 0 -0.105547)
(0.388334 0 -0.105818)
(0.386929 0 -0.105827)
(0.384803 0 -0.105556)
(0.381918 0 -0.104992)
(0.378233 0 -0.104123)
(0.373701 0 -0.102936)
(0.36828 0 -0.101423)
(0.361922 0 -0.0995776)
(0.354597 0 -0.0974042)
(0.34624 0 -0.0948899)
(0.336798 0 -0.0920332)
(0.326194 0 -0.0888312)
(0.314367 0 -0.0852805)
(0.301271 0 -0.0813803)
(0.286838 0 -0.0771282)
(0.270994 0 -0.0725197)
(0.253663 0 -0.0675486)
(0.234765 0 -0.0622071)
(0.214221 0 -0.0564855)
(0.191949 0 -0.050372)
(0.167871 0 -0.0438527)
(0.141906 0 -0.0369116)
(0.11398 0 -0.029531)
(0.0840215 0 -0.0216913)
(0.0519698 0 -0.0133736)
(0.0176829 0 -0.00453542)
(0.380106 0 -0.098457)
(0.380998 0 -0.0993043)
(0.381375 0 -0.0999673)
(0.38119 0 -0.100424)
(0.380401 0 -0.100656)
(0.378967 0 -0.100647)
(0.376846 0 -0.100382)
(0.373998 0 -0.0998464)
(0.370379 0 -0.0990282)
(0.36594 0 -0.0979132)
(0.360638 0 -0.0964933)
(0.354427 0 -0.0947636)
(0.347262 0 -0.0927197)
(0.339077 0 -0.090347)
(0.329833 0 -0.0876515)
(0.319466 0 -0.0846273)
(0.30789 0 -0.0812689)
(0.295032 0 -0.0775646)
(0.280869 0 -0.0735231)
(0.265323 0 -0.0691379)
(0.248319 0 -0.0644026)
(0.229782 0 -0.0593097)
(0.209634 0 -0.0538505)
(0.187799 0 -0.0480149)
(0.164202 0 -0.0417909)
(0.138768 0 -0.035165)
(0.111427 0 -0.0281221)
(0.0821138 0 -0.0206461)
(0.0507723 0 -0.0127214)
(0.0172723 0 -0.00431168)
(0.372765 0 -0.093252)
(0.373487 0 -0.0940074)
(0.373723 0 -0.0945946)
(0.373429 0 -0.0949935)
(0.372564 0 -0.0951874)
(0.371085 0 -0.0951607)
(0.368951 0 -0.0948985)
(0.366119 0 -0.0943873)
(0.362546 0 -0.0936147)
(0.358179 0 -0.0925664)
(0.352976 0 -0.0912339)
(0.346894 0 -0.0896121)
(0.339856 0 -0.0876864)
(0.331832 0 -0.0854572)
(0.322791 0 -0.082927)
(0.312648 0 -0.0800836)
(0.301304 0 -0.0769123)
(0.288705 0 -0.0734176)
(0.274817 0 -0.0695984)
(0.259573 0 -0.0654495)
(0.2429 0 -0.0609654)
(0.224728 0 -0.0561396)
(0.204983 0 -0.0509648)
(0.183593 0 -0.0454321)
(0.160485 0 -0.0395313)
(0.135591 0 -0.0332513)
(0.108845 0 -0.0265797)
(0.0801862 0 -0.0195033)
(0.0495638 0 -0.0120097)
(0.0168588 0 -0.00406803)
(0.365583 0 -0.0876736)
(0.36614 0 -0.0883438)
(0.366236 0 -0.0888606)
(0.365829 0 -0.0892055)
(0.364879 0 -0.0893633)
(0.363345 0 -0.0893193)
(0.361183 0 -0.0890596)
(0.358352 0 -0.088571)
(0.354806 0 -0.0878416)
(0.350493 0 -0.0868567)
(0.345367 0 -0.0856074)
(0.339381 0 -0.0840865)
(0.332478 0 -0.0822842)
(0.324623 0 -0.0802055)
(0.315751 0 -0.0778356)
(0.3058 0 -0.0751692)
(0.294704 0 -0.0722001)
(0.282379 0 -0.068925)
(0.26876 0 -0.0653394)
(0.253812 0 -0.0614406)
(0.237469 0 -0.0572247)
(0.219662 0 -0.0526864)
(0.200322 0 -0.0478192)
(0.179378 0 -0.0426157)
(0.156762 0 -0.0370676)
(0.132411 0 -0.0311658)
(0.106262 0 -0.0249002)
(0.0782592 0 -0.0182604)
(0.048357 0 -0.0112369)
(0.0164465 0 -0.003804)
(0.358613 0 -0.0816649)
(0.359011 0 -0.0822559)
(0.358971 0 -0.0827072)
(0.358451 0 -0.0830022)
(0.357413 0 -0.0831267)
(0.355815 0 -0.0830674)
(0.353616 0 -0.0828112)
(0.350773 0 -0.0823458)
(0.347241 0 -0.0816596)
(0.342967 0 -0.0807385)
(0.337906 0 -0.0795738)
(0.332011 0 -0.078159)
(0.325231 0 -0.0764866)
(0.317515 0 -0.0745516)
(0.308805 0 -0.0723469)
(0.299042 0 -0.0698668)
(0.288165 0 -0.067106)
(0.276109 0 -0.0640609)
(0.262782 0 -0.060727)
(0.248116 0 -0.0570917)
(0.232095 0 -0.0531629)
(0.214649 0 -0.0489343)
(0.195708 0 -0.0444003)
(0.175206 0 -0.0395546)
(0.153079 0 -0.0343906)
(0.129266 0 -0.028901)
(0.103709 0 -0.023078)
(0.0763557 0 -0.0169137)
(0.0471659 0 -0.010401)
(0.0160401 0 -0.00351888)
(0.351918 0 -0.0751602)
(0.352168 0 -0.0756773)
(0.351997 0 -0.0760679)
(0.351367 0 -0.0763169)
(0.350239 0 -0.0764118)
(0.348574 0 -0.0763401)
(0.346331 0 -0.0760899)
(0.343467 0 -0.0756498)
(0.339939 0 -0.075009)
(0.335694 0 -0.0741542)
(0.330685 0 -0.0730772)
(0.324868 0 -0.0717718)
(0.318192 0 -0.0702307)
(0.310603 0 -0.0684478)
(0.302046 0 -0.0664171)
(0.292463 0 -0.0641335)
(0.281795 0 -0.0615927)
(0.269986 0 -0.0587919)
(0.256924 0 -0.0557166)
(0.242553 0 -0.0523717)
(0.226851 0 -0.0487544)
(0.209756 0 -0.0448617)
(0.191206 0 -0.0406896)
(0.171136 0 -0.0362332)
(0.149486 0 -0.0314874)
(0.126198 0 -0.0264467)
(0.101219 0 -0.0211054)
(0.0745006 0 -0.0154577)
(0.0460059 0 -0.0094987)
(0.0156449 0 -0.00321163)
(0.345577 0 -0.068083)
(0.345689 0 -0.0685305)
(0.345395 0 -0.0688646)
(0.344658 0 -0.0690718)
(0.343443 0 -0.0691408)
(0.34171 0 -0.0690605)
(0.33942 0 -0.0688201)
(0.336531 0 -0.0684093)
(0.332999 0 -0.0678182)
(0.328772 0 -0.0670344)
(0.323806 0 -0.0660505)
(0.318055 0 -0.0648607)
(0.311469 0 -0.0634583)
(0.303994 0 -0.061837)
(0.295576 0 -0.0599916)
(0.286157 0 -0.0579173)
(0.27568 0 -0.05561)
(0.264083 0 -0.0530656)
(0.2513 0 -0.0502796)
(0.237235 0 -0.0472516)
(0.221825 0 -0.0439691)
(0.205064 0 -0.0404411)
(0.186887 0 -0.0366629)
(0.167231 0 -0.0326308)
(0.146039 0 -0.0283409)
(0.123256 0 -0.0237894)
(0.0988312 0 -0.0189721)
(0.0727218 0 -0.0138853)
(0.044894 0 -0.00852588)
(0.0152664 0 -0.00288085)
(0.339681 0 -0.0603429)
(0.339667 0 -0.0607243)
(0.33926 0 -0.0610054)
(0.338425 0 -0.0611746)
(0.337127 0 -0.0612218)
(0.335328 0 -0.0611374)
(0.33299 0 -0.0609118)
(0.330072 0 -0.0605358)
(0.326531 0 -0.0600006)
(0.322316 0 -0.0592952)
(0.317382 0 -0.0584128)
(0.311687 0 -0.0573483)
(0.305178 0 -0.0560956)
(0.297804 0 -0.0546492)
(0.289512 0 -0.0530044)
(0.280243 0 -0.051157)
(0.269943 0 -0.0491036)
(0.258551 0 -0.0468414)
(0.246013 0 -0.0443687)
(0.232215 0 -0.0416735)
(0.217099 0 -0.0387639)
(0.200657 0 -0.0356363)
(0.18283 0 -0.0322895)
(0.163563 0 -0.0287213)
(0.1428 0 -0.0249295)
(0.120491 0 -0.0209115)
(0.0965875 0 -0.0166648)
(0.0710503 0 -0.0121872)
(0.0438492 0 -0.00747706)
(0.0149112 0 -0.00252476)
(0.334341 0 -0.0518324)
(0.334215 0 -0.0521495)
(0.333706 0 -0.0523804)
(0.332782 0 -0.0525149)
(0.331408 0 -0.0525447)
(0.329547 0 -0.0524612)
(0.327163 0 -0.0522565)
(0.324215 0 -0.0519224)
(0.320663 0 -0.0514517)
(0.316454 0 -0.0508346)
(0.311546 0 -0.0500654)
(0.305896 0 -0.0491397)
(0.299453 0 -0.0480523)
(0.292167 0 -0.0467982)
(0.283984 0 -0.0453736)
(0.274848 0 -0.0437755)
(0.264704 0 -0.0420008)
(0.253493 0 -0.0400474)
(0.241155 0 -0.0379127)
(0.227626 0 -0.035594)
(0.212806 0 -0.0330954)
(0.196638 0 -0.0304052)
(0.179128 0 -0.0275317)
(0.160213 0 -0.0244725)
(0.139842 0 -0.0212263)
(0.117964 0 -0.0177915)
(0.0945359 0 -0.0141671)
(0.0695212 0 -0.0103519)
(0.0428931 0 -0.00634552)
(0.0145864 0 -0.00214116)
(0.329687 0 -0.0424212)
(0.329465 0 -0.0426746)
(0.328869 0 -0.0428568)
(0.327866 0 -0.0429595)
(0.326425 0 -0.0429759)
(0.32451 0 -0.0428991)
(0.322084 0 -0.0427224)
(0.319108 0 -0.0424394)
(0.315542 0 -0.042044)
(0.311337 0 -0.0415284)
(0.306448 0 -0.040888)
(0.300834 0 -0.0401193)
(0.294446 0 -0.0392178)
(0.287232 0 -0.0381783)
(0.279142 0 -0.0369993)
(0.270121 0 -0.0356788)
(0.260112 0 -0.0342147)
(0.249059 0 -0.0326054)
(0.236905 0 -0.0308499)
(0.223595 0 -0.0289477)
(0.209016 0 -0.0268914)
(0.19311 0 -0.0246916)
(0.175879 0 -0.0223426)
(0.157274 0 -0.0198449)
(0.137244 0 -0.0171985)
(0.115743 0 -0.0144033)
(0.0927316 0 -0.011459)
(0.0681749 0 -0.00836552)
(0.0420504 0 -0.00512316)
(0.0143002 0 -0.0017274)
(0.325875 0 -0.0319507)
(0.325575 0 -0.0321386)
(0.324907 0 -0.0322722)
(0.323841 0 -0.0323451)
(0.322345 0 -0.0323522)
(0.320384 0 -0.0322883)
(0.317923 0 -0.0321483)
(0.314923 0 -0.0319274)
(0.311345 0 -0.0316212)
(0.30714 0 -0.0312238)
(0.302266 0 -0.0307321)
(0.29668 0 -0.0301446)
(0.290334 0 -0.0294594)
(0.283175 0 -0.0286596)
(0.275159 0 -0.027758)
(0.26623 0 -0.0267513)
(0.256331 0 -0.0256376)
(0.245407 0 -0.0244156)
(0.233398 0 -0.0230845)
(0.220247 0 -0.0216436)
(0.205892 0 -0.0200918)
(0.190229 0 -0.0184379)
(0.173211 0 -0.0166687)
(0.154853 0 -0.014792)
(0.135101 0 -0.0128077)
(0.113909 0 -0.0107161)
(0.091239 0 -0.00851733)
(0.0670592 0 -0.00621189)
(0.0413504 0 -0.00380049)
(0.0140625 0 -0.00128041)
(0.323091 0 -0.0202245)
(0.322735 0 -0.0203426)
(0.322016 0 -0.0204258)
(0.320903 0 -0.0204699)
(0.319366 0 -0.0204715)
(0.317371 0 -0.0204274)
(0.314883 0 -0.0203344)
(0.311865 0 -0.0201894)
(0.308277 0 -0.0199895)
(0.304072 0 -0.0197312)
(0.299209 0 -0.0194123)
(0.29365 0 -0.0190316)
(0.287319 0 -0.018585)
(0.280189 0 -0.0180728)
(0.272236 0 -0.017496)
(0.263377 0 -0.0168516)
(0.25356 0 -0.0161393)
(0.242729 0 -0.015359)
(0.23083 0 -0.0145108)
(0.217805 0 -0.0135951)
(0.203601 0 -0.0126131)
(0.188098 0 -0.0115632)
(0.171246 0 -0.0104432)
(0.153072 0 -0.00925832)
(0.133523 0 -0.00800844)
(0.112557 0 -0.00669389)
(0.0901358 0 -0.00531506)
(0.0662317 0 -0.00387246)
(0.0408289 0 -0.00236679)
(0.0138852 0 -0.000796735)
(0.321565 0 -0.00701688)
(0.321178 0 -0.00705786)
(0.32043 0 -0.00708649)
(0.319292 0 -0.00710134)
(0.317732 0 -0.00710124)
(0.315718 0 -0.00708501)
(0.313215 0 -0.00705154)
(0.310185 0 -0.00699977)
(0.306591 0 -0.00692864)
(0.302384 0 -0.00683683)
(0.297522 0 -0.00672323)
(0.291964 0 -0.00658646)
(0.28566 0 -0.00642373)
(0.278567 0 -0.00624956)
(0.270634 0 -0.00604919)
(0.261808 0 -0.00582412)
(0.252033 0 -0.00557515)
(0.241254 0 -0.00530261)
(0.229414 0 -0.00500678)
(0.216459 0 -0.004688)
(0.202334 0 -0.0043468)
(0.186917 0 -0.00398217)
(0.170157 0 -0.00359377)
(0.152084 0 -0.00318358)
(0.132646 0 -0.00275167)
(0.111803 0 -0.0022982)
(0.0895177 0 -0.00182336)
(0.0657646 0 -0.00132739)
(0.0405311 0 -0.000810595)
(0.0137833 0 -0.000272684)
)
;

boundaryField
{
    inlet
    {
        type            cellMotion;
        value           uniform (0 0 0);
    }
    outlet
    {
        type            cellMotion;
        value           uniform (0 0 0);
    }
    flap
    {
        type            cellMotion;
        value           nonuniform List<vector> 
33
(
(0.00326221 0 0.00309911)
(0.0139571 0 0.00829852)
(0.0326507 0 0.011069)
(0.0581481 0 0.0108464)
(0.0889308 0 0.00755826)
(0.123802 0 0.00139113)
(0.161798 0 -0.00737296)
(0.202145 0 -0.0183798)
(0.244222 0 -0.0312433)
(0.287526 0 -0.0456023)
(0.331663 0 -0.0611087)
(0.376338 0 -0.0774469)
(0.421326 0 -0.0943669)
(0.466438 0 -0.111651)
(0.511584 0 -0.129135)
(0.529833 0 -0.149214)
(0.521083 0 -0.171758)
(0.512243 0 -0.194274)
(0.0027076 0 -0.00373874)
(0.0116571 0 -0.0113191)
(0.0276139 0 -0.0193943)
(0.0498806 0 -0.0284658)
(0.0773342 0 -0.0388516)
(0.109051 0 -0.0506644)
(0.144223 0 -0.0638479)
(0.182155 0 -0.0782575)
(0.222253 0 -0.0937034)
(0.264016 0 -0.109957)
(0.307017 0 -0.1268)
(0.350897 0 -0.144048)
(0.395379 0 -0.161538)
(0.440219 0 -0.179135)
(0.485257 0 -0.196745)
)
;
    }
    upperWall
    {
        type            slip;
    }
    lowerWall
    {
        type            slip;
    }
    frontAndBack
    {
        type            empty;
    }
}


// ************************************************************************* //
