/*--------------------------------*- C++ -*----------------------------------*\
| =========                 |                                                 |
| \\      /  F ield         | OpenFOAM: The Open Source CFD Toolbox           |
|  \\    /   O peration     | Version:  dev                                   |
|   \\  /    A nd           | Web:      www.OpenFOAM.org                      |
|    \\/     M anipulation  |                                                 |
\*---------------------------------------------------------------------------*/
FoamFile
{
    version     2.0;
    format      ascii;
    class       surfaceScalarField;
    location    "2.83";
    object      phi;
}
// * * * * * * * * * * * * * * * * * * * * * * * * * * * * * * * * * * * * * //

dimensions      [0 3 -1 0 0 0 0];

internalField   nonuniform List<scalar> 
5457
(
0.197912
0.00206521
0.195616
0.00227534
0.19307
0.00252732
0.190233
0.00281888
0.187113
0.00310462
0.183722
0.00337871
0.180064
0.00364975
0.176135
0.00392637
0.171926
0.0042125
0.167423
0.0045113
0.162611
0.00482485
0.157472
0.00515611
0.151983
0.0055086
0.146119
0.00588467
0.139852
0.00628649
0.133154
0.00671586
0.125994
0.00717474
0.118343
0.00766321
0.110172
0.00817917
0.101458
0.00872007
0.0921795
0.00928057
0.0823274
0.00985169
0.0719068
0.010419
0.0609414
0.0109633
0.0494803
0.0114591
0.0376166
0.011862
0.0255242
0.0120911
0.0135656
0.0119579
0.00273398
0.0108313
0.0027339
0.199693
0.00235034
0.198704
0.00324343
0.197339
0.00387316
0.195635
0.00450484
0.1936
0.00512374
0.191244
0.00572203
0.188572
0.00631389
0.185582
0.00691389
0.182267
0.00753054
0.178615
0.00817103
0.174614
0.00883908
0.170246
0.009541
0.16549
0.0102849
0.160319
0.0110755
0.154708
0.0119176
0.148626
0.0128156
0.142043
0.0137731
0.134924
0.014794
0.127237
0.0158755
0.118949
0.0170134
0.110031
0.0182009
0.10046
0.0194228
0.0902213
0.0206558
0.0793143
0.0218682
0.0677533
0.0230181
0.055585
0.0240285
0.0429126
0.0247623
0.0299022
0.0249675
0.0164679
0.0242652
0.0192017
0.199549
0.00277942
0.198634
0.00413748
0.197345
0.0051429
0.195744
0.00608832
0.193846
0.00700605
0.191657
0.00789799
0.189181
0.00878161
0.186418
0.0096737
0.183363
0.0105879
0.180008
0.0115344
0.176339
0.0125208
0.17234
0.0135569
0.167992
0.0146533
0.16327
0.0158179
0.158148
0.0170592
0.152597
0.018385
0.146584
0.0198023
0.140071
0.0213188
0.13302
0.0229356
0.125389
0.0246507
0.117131
0.0264616
0.108197
0.0283564
0.0985376
0.0303136
0.0880931
0.0323107
0.076796
0.0343133
0.0645645
0.0362583
0.0512792
0.0380464
0.0366764
0.0395696
0.0198118
0.0411295
0.0390134
0.199458
0.00329971
0.198548
0.00502731
0.197276
0.0063956
0.195693
0.00765279
0.193822
0.00886118
0.19167
0.0100368
0.189243
0.0112007
0.186541
0.0123724
0.183561
0.0135695
0.1803
0.0148039
0.176744
0.0160893
0.172879
0.0174387
0.168689
0.0188624
0.164155
0.0203727
0.159253
0.0219817
0.153955
0.0237011
0.148231
0.0255428
0.142045
0.0275178
0.135353
0.0296366
0.128107
0.031903
0.12025
0.0343217
0.111707
0.0368992
0.102395
0.0396247
0.0922073
0.0424963
0.0809959
0.0455229
0.0685428
0.0487098
0.0545461
0.052042
0.0386438
0.0554713
0.0203225
0.0594504
0.0593359
0.199413
0.0038658
0.198494
0.0059253
0.197237
0.00763401
0.195674
0.00919744
0.193828
0.0106913
0.191707
0.0121446
0.189316
0.013582
0.186658
0.0150271
0.183728
0.0165009
0.180522
0.0180175
0.177029
0.0195943
0.173238
0.0212469
0.169132
0.0229876
0.164693
0.0248321
0.159899
0.0267961
0.154724
0.0288955
0.149135
0.0311477
0.143098
0.0335683
0.136569
0.0361755
0.129492
0.0389868
0.121798
0.0420189
0.113394
0.0453032
0.104156
0.0488615
0.0939456
0.0527057
0.0825803
0.0568865
0.0697847
0.0615041
0.0551897
0.066636
0.0384467
0.0722137
0.0197089
0.078188
0.0790447
0.19939
0.00445453
0.198467
0.00682917
0.197226
0.00885555
0.19569
0.0107157
0.193875
0.0124896
0.191791
0.0142151
0.189443
0.0159202
0.186832
0.0176334
0.183955
0.0193789
0.180805
0.0211742
0.177374
0.0230378
0.173649
0.024988
0.169615
0.0270417
0.16525
0.0292173
0.160533
0.0315341
0.155435
0.0340121
0.149922
0.0366773
0.143952
0.0395528
0.13748
0.0426571
0.130447
0.0460276
0.122766
0.0497037
0.114341
0.0537294
0.105022
0.0581794
0.0946186
0.0631082
0.082926
0.0685778
0.0697096
0.0747195
0.0546502
0.0816945
0.0374373
0.0894261
0.0187433
0.0968819
0.097788
0.199381
0.00505278
0.19846
0.00773064
0.197241
0.0100557
0.195735
0.0122037
0.193956
0.0142518
0.191915
0.0162425
0.189616
0.0182088
0.18706
0.0201839
0.184245
0.022195
0.181162
0.024263
0.177803
0.0264088
0.174153
0.0286538
0.170195
0.0310186
0.165908
0.033525
0.161266
0.0361968
0.156237
0.0390611
0.150783
0.0421484
0.144861
0.045489
0.138417
0.0491123
0.131375
0.0530777
0.123631
0.0574515
0.115082
0.0622801
0.105594
0.0676671
0.0949485
0.0737532
0.0828961
0.0806293
0.0692497
0.088365
0.0538202
0.0971235
0.0364164
0.10683
0.0179237
0.115375
0.115712
0.199382
0.00565078
0.198471
0.0086231
0.197276
0.0112317
0.195805
0.0136566
0.194069
0.0159703
0.192079
0.018218
0.189838
0.0204386
0.187348
0.0226685
0.184604
0.0249383
0.1816
0.0272732
0.178323
0.0296964
0.17476
0.0322325
0.170891
0.0349061
0.166693
0.0377435
0.162138
0.0407725
0.157187
0.0440322
0.151799
0.0475533
0.145931
0.0513724
0.139511
0.055544
0.13246
0.060137
0.124667
0.0652499
0.115985
0.0709648
0.106281
0.0773718
0.095378
0.0846557
0.0830193
0.0929877
0.0690026
0.102381
0.0532689
0.112857
0.0357911
0.124308
0.017471
0.133695
0.133183
0.19939
0.00624178
0.198493
0.00950157
0.197325
0.0123813
0.195893
0.0150699
0.194208
0.0176376
0.192278
0.020133
0.190105
0.0226001
0.187691
0.0250763
0.18503
0.0275978
0.182115
0.0301933
0.178933
0.0328876
0.175471
0.0357097
0.171706
0.0386884
0.167614
0.0418558
0.163162
0.0452456
0.158313
0.0489008
0.153026
0.0528588
0.147237
0.0571765
0.140863
0.0619312
0.133822
0.0671875
0.126018
0.0730596
0.117284
0.0797022
0.10743
0.087227
0.0963076
0.0957787
0.0837054
0.10559
0.0694038
0.116683
0.0534262
0.128835
0.0358575
0.141876
0.0175524
0.152
0.150735
0.199402
0.00682131
0.198525
0.0103603
0.197388
0.0135005
0.196001
0.0164381
0.194375
0.0192459
0.192513
0.0219794
0.190417
0.0246843
0.188086
0.0273996
0.185516
0.0301652
0.182702
0.0330113
0.179631
0.0359677
0.176285
0.0390687
0.172645
0.0423458
0.168681
0.0458392
0.164356
0.0495919
0.159636
0.0536403
0.154477
0.0580367
0.148811
0.0628585
0.142552
0.0682029
0.135592
0.0741578
0.127835
0.0808234
0.119137
0.0884047
0.109282
0.0970838
0.0980831
0.10698
0.0853506
0.118324
0.0708892
0.131145
0.0547324
0.144993
0.037001
0.159608
0.0184366
0.170565
0.169172
0.199418
0.00738618
0.198567
0.0111943
0.197466
0.0145832
0.19613
0.0177549
0.194569
0.0207896
0.192781
0.0237509
0.190769
0.0266836
0.18853
0.0296302
0.186062
0.0326289
0.183363
0.0357131
0.180416
0.038922
0.177205
0.0422928
0.173706
0.0458613
0.169893
0.0496711
0.165732
0.0537722
0.161183
0.0582096
0.156189
0.0630494
0.150693
0.068371
0.14462
0.0742889
0.137854
0.0809349
0.130267
0.0884189
0.121724
0.0969533
0.112046
0.106765
0.100999
0.118029
0.0883739
0.130952
0.0739673
0.145554
0.0577441
0.161217
0.0397576
0.177596
0.0205533
0.189769
0.189725
0.199436
0.00793451
0.198614
0.0119987
0.197557
0.0156225
0.196278
0.0190162
0.194782
0.0222666
0.193074
0.0254422
0.191154
0.0285906
0.189019
0.0317552
0.186669
0.034974
0.184098
0.0382853
0.181291
0.0417355
0.17823
0.0453647
0.174892
0.0492147
0.171252
0.0533284
0.167288
0.0577559
0.162954
0.0625631
0.158192
0.0678301
0.152935
0.0736443
0.147123
0.0801156
0.140663
0.0874061
0.133404
0.0956876
0.125226
0.105137
0.115974
0.116023
0.105394
0.128613
0.093252
0.143097
0.0792738
0.159535
0.0632733
0.17722
0.0450688
0.195802
0.0248083
0.21003
0.214534
0.199456
0.00846402
0.198669
0.0127695
0.19766
0.0166136
0.196441
0.0202173
0.195018
0.0236707
0.193397
0.0270463
0.191577
0.0303961
0.189557
0.0337636
0.187336
0.03719
0.184902
0.0407184
0.182246
0.0443956
0.179355
0.0482656
0.176207
0.052377
0.172775
0.0567771
0.169035
0.0615141
0.164957
0.0666604
0.160488
0.072317
0.155561
0.0785883
0.150122
0.0855687
0.144095
0.0934455
0.137357
0.102435
0.129813
0.11269
0.121312
0.12453
0.111631
0.1383
0.100536
0.154196
0.087694
0.172381
0.0726558
0.192261
0.0547642
0.213695
0.0333052
0.23149
0.247839
0.199478
0.0089722
0.198729
0.0135036
0.197773
0.017553
0.196619
0.0213525
0.195276
0.0249951
0.193748
0.0285563
0.192037
0.032092
0.190141
0.0356482
0.188055
0.0392687
0.185771
0.0430003
0.183282
0.0468875
0.180579
0.0509763
0.177644
0.0553241
0.174454
0.059982
0.170985
0.0650009
0.16721
0.0704529
0.163092
0.0764528
0.158587
0.0831096
0.153643
0.0905277
0.148197
0.0989039
0.142205
0.108438
0.135575
0.119329
0.128205
0.131909
0.119985
0.146527
0.110753
0.163435
0.100246
0.182893
0.0878096
0.2047
0.0723513
0.229155
0.0511532
0.252689
0.298992
0.199501
0.0094593
0.19879
0.0142011
0.197886
0.01844
0.196801
0.0224196
0.19554
0.0262369
0.194109
0.0299691
0.192509
0.0336757
0.190739
0.0374055
0.188795
0.0412039
0.186673
0.0451184
0.184366
0.049196
0.181865
0.0534835
0.179156
0.0580434
0.176227
0.0629251
0.173063
0.0681808
0.169633
0.0738997
0.165913
0.0801894
0.161893
0.0871451
0.157533
0.0949024
0.152808
0.103642
0.147733
0.113526
0.142269
0.124804
0.136422
0.137766
0.130248
0.15271
0.123803
0.169887
0.117144
0.189557
0.110011
0.211837
0.101869
0.237299
0.0884584
0.266099
0.38745
0.000991336
-0.000990853
0.00344324
-0.00244962
0.00633463
-0.00288425
0.00879451
-0.00244474
0.0104275
-0.00160848
0.0112059
-0.000745954
0.0113117
-6.90009e-05
0.0109765
0.000373314
0.0103973
0.000617193
0.00971106
0.000719514
0.00899945
0.000737124
0.00829997
0.000720243
0.00761162
0.000706593
0.00691809
0.000709189
0.00621835
0.00071234
0.00552069
0.000706544
0.00480346
0.000721712
0.00400924
0.000793675
0.00310591
0.00089727
0.00215091
0.00094306
0.00128048
0.000852478
0.000640947
0.000615626
0.00033251
0.000278752
0.000412691
-0.000115363
0.00090384
-0.000531436
0.00178414
-0.00092519
0.00304636
-0.00131116
0.00474222
-0.00174825
0.00691465
-0.00222774
-0.00254108
0.00123852
-0.00222886
0.00357583
-0.00478453
0.00628614
-0.00558718
0.00864268
-0.00478585
0.0103191
-0.00326027
0.0112788
-0.00167347
0.0116264
-0.000380385
0.01151
0.000527128
0.0111001
0.00106406
0.0105348
0.00131757
0.00989822
0.00139904
0.00923107
0.00140792
0.00853432
0.00142158
0.00780217
0.00145711
0.00705817
0.00146914
0.0063292
0.00144465
0.00559028
0.0014654
0.00476985
0.00161388
0.00383873
0.00182262
0.00286087
0.00190928
0.00195296
0.00174275
0.00119764
0.00134733
0.000579293
0.000867662
2.59311e-05
0.000403033
-0.000420781
-0.000124817
-0.000603828
-0.000786867
-0.000381937
-0.00158186
0.000358007
-0.00254048
0.00171049
-0.00363545
-0.00448195
0.00156471
-0.00379303
0.00368757
-0.00690482
0.00580509
-0.00769709
0.00747137
-0.0064366
0.00852618
-0.00429084
0.00900784
-0.00212408
0.00901792
-0.00035583
0.00865953
0.000921108
0.00805771
0.00170103
0.00729869
0.00210823
0.00643583
0.00228683
0.00548922
0.00237488
0.00443775
0.00249143
0.00327029
0.00264069
0.00203386
0.00271886
0.000789248
0.002699
-0.000481059
0.00274113
-0.00185227
0.00298554
-0.0033715
0.00333679
-0.00502873
0.00355558
-0.00676173
0.0034588
-0.00844775
0.00301038
-0.00989093
0.00228201
-0.0108968
0.00137446
-0.011411
0.000349842
-0.0114211
-0.000821122
-0.0109073
-0.00214402
-0.00998681
-0.00351297
-0.00889816
-0.00477903
-0.00575974
0.00190562
-0.00569807
0.00377389
-0.00877038
0.0052108
-0.00912624
0.00604136
-0.00725187
0.00628899
-0.0045153
0.0060647
-0.00187072
0.0054305
0.000310509
0.00447465
0.00190997
0.00332434
0.00288411
0.002008
0.00345457
0.000520771
0.00379837
-0.00115071
0.00406672
-0.00302583
0.00438527
-0.00511605
0.00474759
-0.00739417
0.005011
-0.0097665
0.00508193
-0.0120526
0.00503365
-0.0140761
0.00501041
-0.0157752
0.00503183
-0.0171782
0.0049487
-0.0183139
0.00457859
-0.0191686
0.00384304
-0.0197083
0.00279376
-0.0199217
0.00155421
-0.0198362
0.000225449
-0.0195421
-0.00115889
-0.0191665
-0.00256739
-0.0188124
-0.00391855
-0.0185051
-0.00514077
-0.00608981
0.00199232
-0.00768976
0.00347499
-0.0102502
0.0041285
-0.00977197
0.00399788
-0.00710653
0.00328961
-0.00378545
0.00196987
-0.000524454
0.000195357
0.00211415
-0.00175002
0.00388537
-0.00382315
0.0049873
-0.00606339
0.00572289
-0.00846378
0.00622238
-0.0109557
0.00657904
-0.0134313
0.00688002
-0.0158038
0.0071375
-0.018042
0.00726407
-0.0201257
0.00717725
-0.0219888
0.00690427
-0.0235428
0.0065671
-0.0247405
0.00622663
-0.0255976
0.00579715
-0.0261738
0.00514002
-0.0265451
0.00419337
-0.0267807
0.00300242
-0.0269247
0.00166566
-0.0269954
0.00025808
-0.0270167
-0.00118035
-0.0270296
-0.00260161
-0.0270643
-0.00393464
-0.0271435
-0.00511542
-0.00599763
0.00170633
-0.00939542
0.00255826
-0.0110992
0.00220545
-0.00941151
0.000799791
-0.00568705
-0.00160441
-0.00136166
-0.00453504
0.00242984
-0.00732928
0.0049343
-0.00994372
0.00652672
-0.0125116
0.00758245
-0.0150644
0.00830168
-0.0175961
0.00877698
-0.0200593
0.00906284
-0.0223778
0.00921813
-0.0244783
0.00925608
-0.0263233
0.00912491
-0.0279228
0.00878955
-0.0292972
0.0082874
-0.0304392
0.00771297
-0.0313291
0.00711502
-0.0319801
0.0064408
-0.0324523
0.00559876
-0.0328239
0.00454527
-0.0331515
0.00330428
-0.0334518
0.00193445
-0.0337196
0.000488909
-0.0339584
-0.000983423
-0.0341921
-0.0024142
-0.0344446
-0.00373214
-0.0347495
-0.00486366
-0.00566204
0.00103383
-0.0104286
0.000804113
-0.0108666
-0.00115666
-0.00744344
-0.0046186
-0.00221249
-0.00854664
0.00258375
-0.0119477
0.00585162
-0.0149288
0.00793814
-0.0177086
0.00933045
-0.0203472
0.0102456
-0.0228526
0.0108312
-0.0252174
0.0111639
-0.0274166
0.0112827
-0.0294045
0.0112261
-0.0311404
0.0110107
-0.0326282
0.0106295
-0.0339098
0.0100849
-0.035027
0.00941458
-0.0359935
0.00868472
-0.0368044
0.00792569
-0.0374714
0.00710182
-0.0380344
0.00614964
-0.0385397
0.00503226
-0.0390139
0.00375395
-0.0394591
0.00234934
-0.0398725
0.000866403
-0.0402636
-0.000633137
-0.0406531
-0.00207009
-0.0410637
-0.00337064
-0.0415294
-0.00445041
-0.00517615
-0.000146792
-0.0102811
-0.00217652
-0.00883403
-0.00626739
-0.00334582
-0.0110288
0.00256017
-0.0151096
0.00667959
-0.0185357
0.00929569
-0.0215952
0.0110175
-0.0243703
0.0121267
-0.0269114
0.0128089
-0.0292402
0.0131822
-0.0313614
0.0133065
-0.0332669
0.0132088
-0.0349506
0.0129302
-0.0364211
0.0125006
-0.0377034
0.0119293
-0.0388384
0.0112348
-0.0398669
0.0104541
-0.0408038
0.00962813
-0.0416477
0.00877073
-0.0424043
0.0078538
-0.0430926
0.00682714
-0.0437339
0.00565649
-0.0443393
0.00433605
-0.0449087
0.00288959
-0.045444
0.001367
-0.0459617
-0.000155198
-0.0464793
-0.0015968
-0.0470167
-0.00288151
-0.0476053
-0.00391347
-0.00458102
-0.0019634
-0.00831695
-0.0061782
-0.00461658
-0.0117686
0.00225064
-0.0167145
0.00751585
-0.0207767
0.0107547
-0.0242742
0.0128087
-0.0273114
0.0140721
-0.0299784
0.0148124
-0.0323452
0.0151958
-0.0344506
0.0153083
-0.0363216
0.0151982
-0.0379875
0.0148954
-0.0394695
0.0144327
-0.04079
0.013841
-0.0419795
0.0131369
-0.0430728
0.0123437
-0.0440995
0.0114928
-0.0450703
0.0106065
-0.0459836
0.00968638
-0.0468389
0.00870563
-0.0476427
0.00762143
-0.0484037
0.00640167
-0.0491265
0.00503685
-0.0498114
0.00354645
-0.0504619
0.00198396
-0.0510906
0.000434777
-0.0517145
-0.00101618
-0.0523576
-0.00228564
-0.0530459
-0.00327598
-0.0038964
-0.0041338
-0.00418248
-0.0106389
0.00189096
-0.0167894
0.00840643
-0.0217265
0.0124612
-0.02585
0.0148893
-0.0292914
0.0162634
-0.0321905
0.0169865
-0.0346652
0.017304
-0.0368059
0.0173548
-0.0386842
0.017206
-0.0403535
0.0168876
-0.0418544
0.0164168
-0.0432172
0.0158161
-0.0444674
0.0151113
-0.0456322
0.0143203
-0.0467379
0.0134656
-0.0478022
0.0125699
-0.0488304
0.0116431
-0.0498194
0.0106787
-0.0507658
0.0096497
-0.0516714
0.00851856
-0.0525396
0.00725523
-0.0533724
0.00584878
-0.0541691
0.00431641
-0.0549292
0.00271157
-0.055655
0.00112304
-0.0563703
-0.000343114
-0.0571052
-0.00159702
-0.0578786
-0.00255241
-0.00313222
-0.00724642
0.00306457
-0.0150599
0.00970661
-0.0213017
0.0146528
-0.0263595
0.0175261
-0.0304016
0.0189409
-0.0336445
0.019518
-0.0362879
0.0196434
-0.0384988
0.0195304
-0.0403998
0.0192728
-0.0420763
0.0189008
-0.0435874
0.0184181
-0.0449764
0.0178259
-0.0462742
0.0171343
-0.0475028
0.01636
-0.048682
0.0155183
-0.0498275
0.0146276
-0.0509466
0.0137023
-0.0520391
0.0127446
-0.0531002
0.011744
-0.0541266
0.0106746
-0.0551191
0.00950364
-0.0560807
0.0082032
-0.0570132
0.00676155
-0.0579155
0.00519304
-0.0587828
0.00354751
-0.0596126
0.00191636
-0.0604196
0.000422783
-0.0612342
-0.000827711
-0.0620852
-0.00175022
-0.00229046
-0.01048
0.0135451
-0.019222
0.0184505
-0.025772
0.0212067
-0.0306998
0.0224602
-0.0344442
0.0226937
-0.037332
0.0224163
-0.0396208
0.0219447
-0.0415153
0.0214391
-0.0431581
0.0209315
-0.0446378
0.0203979
-0.0460102
0.0198094
-0.0473139
0.0191493
-0.0485741
0.0184146
-0.0498057
0.0176115
-0.0510182
0.0167495
-0.0522153
0.0158413
-0.0533952
0.0148957
-0.054552
0.0139109
-0.0556793
0.012876
-0.0567751
0.0117697
-0.0578429
0.0105649
-0.0588888
0.00923648
-0.0599173
0.00777125
-0.0609269
0.0061781
-0.0619088
0.00449911
-0.0628495
0.00282164
-0.0637458
0.00127903
-0.0646338
1.6039e-05
-0.0655632
-0.000868654
-0.00137227
-0.014405
0.0279507
-0.0238804
0.0279276
-0.0301966
0.0275264
-0.0347038
0.0269729
-0.0379572
0.0259547
-0.0403366
0.0248053
-0.0421536
0.0237732
-0.0436524
0.0229513
-0.0449896
0.0222838
-0.0462466
0.0216717
-0.0474662
0.0210471
-0.0486747
0.0203771
-0.049888
0.0196476
-0.0511121
0.0188552
-0.0523462
0.0180021
-0.0535825
0.0170941
-0.0548093
0.0161361
-0.0560146
0.0151259
-0.0571897
0.0140562
-0.0583343
0.0129141
-0.0594568
0.0116815
-0.0605698
0.0103376
-0.0616835
0.00886708
-0.062799
0.00727
-0.0639036
0.00557447
-0.0649713
0.00385497
-0.0659823
0.00225097
-0.0669546
0.00094515
-0.0679585
8.84545e-05
-0.000368025
-0.0186597
0.0466108
-0.0283826
0.0376521
-0.0341555
0.0333026
-0.0381435
0.0309661
-0.0407622
0.0285806
-0.042462
0.0265142
-0.0436602
0.0249823
-0.0446684
0.0239723
-0.0456437
0.0232736
-0.0466334
0.0226775
-0.0476509
0.0220821
-0.0487059
0.0214507
-0.0498054
0.0207662
-0.0509493
0.0200181
-0.0521305
0.0192013
-0.0533345
0.0183143
-0.0545405
0.0173556
-0.0557288
0.0163239
-0.0568868
0.0152195
-0.0580138
0.0140413
-0.0591232
0.0127855
-0.0602368
0.0114401
-0.0613758
0.00998906
-0.0625501
0.0084215
-0.0637486
0.00674477
-0.0649356
0.00500853
-0.0660685
0.0033459
-0.0671449
0.0019794
-0.0682217
0.00111934
0.000770712
-0.0179169
0.0645283
-0.0286395
0.0483764
-0.0359843
0.0406508
-0.0399258
0.0349127
-0.0418872
0.030549
-0.0428203
0.027456
-0.0433472
0.0255198
-0.0438864
0.0245237
-0.0445488
0.02395
-0.0452882
0.0234323
-0.0460724
0.0228831
-0.0469021
0.0222983
-0.0477855
0.0216681
-0.0487243
0.0209752
-0.0497135
0.020208
-0.050744
0.0193605
-0.051798
0.0184226
-0.0528517
0.0173872
-0.0538865
0.0162596
-0.0548982
0.0150534
-0.0559007
0.013783
-0.0569214
0.0124501
-0.0579917
0.011043
-0.0591345
0.00954236
-0.060349
0.00793189
-0.0615968
0.00622391
-0.0628119
0.00452401
-0.0639611
0.00308741
-0.0650732
0.00218654
0.00205545
0.207173
0.00993503
0.206483
0.0148774
0.205612
0.0192956
0.204568
0.0234449
0.203358
0.0274266
0.201989
0.0313196
0.200461
0.0351863
0.198775
0.0390773
0.19693
0.0430385
0.194925
0.0471181
0.192755
0.0513654
0.190408
0.0558341
0.187879
0.0605815
0.185167
0.0656485
0.182269
0.0710937
0.179155
0.0770295
0.175822
0.0835387
0.17229
0.0906924
0.168546
0.0986617
0.164616
0.107585
0.160573
0.117582
0.156478
0.128913
0.152488
0.141768
0.148882
0.156327
0.146078
0.172701
0.144752
0.19089
0.145829
0.210764
0.150918
0.232213
0.164348
0.252669
0.267979
0.283819
0.212213
0.0103944
0.211558
0.0155208
0.210735
0.0201034
0.209753
0.0244086
0.208619
0.0285404
0.207339
0.0325798
0.205916
0.0365911
0.204352
0.0406252
0.202649
0.0447299
0.200806
0.0489542
0.198821
0.0533474
0.196686
0.0579715
0.194405
0.0628689
0.191992
0.0680717
0.189439
0.0736598
0.186739
0.0797445
0.18392
0.0863726
0.181016
0.0936123
0.178051
0.101641
0.17512
0.110529
0.172346
0.12037
0.169903
0.131371
0.168114
0.143572
0.167462
0.156993
0.168651
0.171522
0.17274
0.186809
0.181302
0.202207
0.197036
0.216481
0.221485
0.228221
0.243301
0.246161
0.217379
0.0108333
0.216764
0.0161245
0.215999
0.0208542
0.215092
0.0252993
0.214047
0.0295653
0.212872
0.033735
0.211571
0.0378721
0.210151
0.0420286
0.208612
0.0462553
0.206957
0.0506002
0.205184
0.0551166
0.203295
0.0598606
0.201313
0.0648557
0.199249
0.0701433
0.197096
0.0758235
0.194885
0.0819692
0.192669
0.0886023
0.190481
0.0958139
0.188415
0.103721
0.186614
0.112344
0.185234
0.121764
0.184565
0.132057
0.185002
0.143152
0.187061
0.154949
0.191414
0.167181
0.198827
0.179404
0.209969
0.19107
0.225107
0.201344
0.243055
0.210274
0.218845
0.267512
0.222673
0.0112481
0.222106
0.0166811
0.221408
0.0215392
0.220585
0.0261064
0.219643
0.0304888
0.218587
0.0347703
0.217427
0.0390125
0.216168
0.0432689
0.214815
0.0475941
0.213368
0.0520364
0.211832
0.0566462
0.210232
0.061459
0.208592
0.0664977
0.206915
0.0718267
0.205217
0.0775304
0.203561
0.0836356
0.202008
0.0901684
0.200616
0.0972192
0.199524
0.104826
0.198888
0.112994
0.198906
0.12176
0.199889
0.131091
0.202186
0.140873
0.20622
0.150932
0.212442
0.160972
0.221236
0.17062
0.232867
0.179445
0.247436
0.186778
0.26541
0.192301
0.195205
0.28905
0.228101
0.0116326
0.227587
0.0171853
0.226964
0.0221503
0.226237
0.0268179
0.22541
0.0312981
0.224489
0.0356716
0.223485
0.0399961
0.222404
0.0443309
0.221251
0.0487313
0.220035
0.0532402
0.218778
0.0578955
0.217507
0.0627255
0.216237
0.0677677
0.214982
0.0730857
0.213796
0.078724
0.212746
0.0846947
0.211892
0.0910337
0.211333
0.0977901
0.211207
0.104964
0.211669
0.112544
0.21293
0.120512
0.215251
0.128787
0.218915
0.137228
0.224231
0.145633
0.231475
0.153742
0.240887
0.161219
0.252678
0.167661
0.266881
0.172578
0.283511
0.175674
0.176149
0.302567
0.233667
0.0119793
0.233214
0.0176303
0.232675
0.0226779
0.232053
0.027425
0.231351
0.0319827
0.230579
0.0364253
0.229745
0.04081
0.228857
0.0451993
0.227929
0.0496426
0.226981
0.0541748
0.226037
0.0588294
0.225118
0.0636389
0.224243
0.0686413
0.223452
0.0738787
0.222808
0.0793731
0.222372
0.0851382
0.222216
0.0911986
0.222453
0.0975646
0.223208
0.10422
0.224633
0.111131
0.226917
0.118242
0.23027
0.12545
0.234907
0.132608
0.241033
0.139524
0.248831
0.145959
0.258455
0.151606
0.269954
0.156169
0.283151
0.159387
0.297782
0.161045
0.160201
0.313732
0.239375
0.0122812
0.238993
0.0180053
0.238546
0.023114
0.238037
0.0279207
0.237472
0.0325315
0.236861
0.0370175
0.236214
0.0414379
0.235542
0.0458508
0.234868
0.0502986
0.234213
0.0548155
0.233596
0.059435
0.233043
0.0641853
0.232585
0.0690953
0.232274
0.0741905
0.232165
0.079485
0.232323
0.0849859
0.232831
0.0906986
0.233793
0.0966124
0.235328
0.102695
0.237574
0.108897
0.240685
0.115144
0.244813
0.121339
0.250106
0.127332
0.25672
0.132926
0.264768
0.137924
0.27428
0.142106
0.285177
0.145282
0.297275
0.147295
0.310348
0.147976
0.146338
0.324215
0.245227
0.0125308
0.244924
0.0183024
0.244578
0.023451
0.244193
0.0282935
0.243778
0.0329314
0.243343
0.0374348
0.2429
0.0418624
0.242464
0.0462666
0.242057
0.0506872
0.2417
0.0551566
0.241418
0.0597041
0.241241
0.0643535
0.241207
0.0691243
0.241365
0.0740308
0.241774
0.0790784
0.242499
0.0842651
0.243622
0.0895825
0.245237
0.0950061
0.247449
0.100493
0.250374
0.105983
0.254125
0.111406
0.258809
0.11667
0.264548
0.121609
0.271435
0.126053
0.279501
0.129871
0.2887
0.132919
0.298931
0.13506
0.310047
0.136186
0.321843
0.136186
0.13415
0.334035
0.251224
0.0127232
0.251009
0.0185144
0.250774
0.0236783
0.250526
0.0285316
0.250271
0.0331714
0.250023
0.0376663
0.249795
0.0420726
0.249604
0.0464389
0.24947
0.0508025
0.249417
0.0551921
0.249475
0.0596323
0.249675
0.0641418
0.250059
0.0687333
0.250675
0.0734126
0.251578
0.0781763
0.252832
0.083014
0.254512
0.0879077
0.2567
0.0928253
0.259484
0.0977183
0.262952
0.102524
0.267188
0.107182
0.272279
0.111592
0.278306
0.115597
0.28529
0.119083
0.293211
0.121963
0.302013
0.124129
0.311596
0.125486
0.321822
0.125968
0.332505
0.12551
0.123309
0.343351
0.25737
0.0128541
0.257248
0.0186349
0.257134
0.0237876
0.25703
0.0286262
0.256947
0.0332427
0.256895
0.0377031
0.256889
0.042061
0.256949
0.0463615
0.257094
0.0506392
0.25735
0.054919
0.257748
0.0592202
0.25832
0.0635568
0.259108
0.067936
0.260159
0.0723565
0.261525
0.0768093
0.263263
0.0812777
0.265439
0.0857364
0.26812
0.0901498
0.271376
0.0944694
0.275273
0.0986364
0.279877
0.102588
0.285254
0.106229
0.291422
0.109442
0.29837
0.112147
0.306068
0.114277
0.31445
0.115758
0.323418
0.116527
0.332847
0.116548
0.342576
0.115789
0.113546
0.352344
0.263667
0.0129195
0.263645
0.0186586
0.263657
0.0237727
0.263706
0.0285701
0.263801
0.0331378
0.263952
0.0375382
0.264176
0.0418217
0.26449
0.0460304
0.264917
0.0501958
0.265481
0.0543382
0.266214
0.0584725
0.267148
0.0626096
0.268322
0.0667518
0.26978
0.0708914
0.27157
0.0750154
0.273743
0.0791046
0.276352
0.0831305
0.279452
0.0870553
0.283094
0.0908333
0.287326
0.0944118
0.292197
0.0977265
0.297738
0.100698
0.303945
0.103247
0.310787
0.105316
0.318225
0.10685
0.32619
0.107802
0.334592
0.108135
0.343317
0.107831
0.352235
0.106879
0.104668
0.361119
0.270118
0.0129159
0.2702
0.0185814
0.270344
0.0236287
0.270552
0.0283582
0.270829
0.0328517
0.271189
0.037167
0.271645
0.0413514
0.272216
0.0454442
0.272923
0.0494736
0.273791
0.0534548
0.274851
0.057399
0.276132
0.0613162
0.277669
0.0652036
0.279505
0.0690483
0.281679
0.0728359
0.284235
0.076546
0.287217
0.0801498
0.290665
0.0836107
0.294616
0.0868866
0.299103
0.0899312
0.304153
0.0926847
0.309776
0.0950835
0.315952
0.0970806
0.322645
0.098632
0.329809
0.0996961
0.337376
0.100243
0.345265
0.100255
0.353377
0.0997269
0.361603
0.0986607
0.0965238
0.369753
0.276727
0.0128406
0.276916
0.0184002
0.277196
0.0233523
0.277565
0.0279873
0.278029
0.0323812
0.2786
0.0365872
0.27929
0.0406495
0.280116
0.044605
0.281099
0.048477
0.282264
0.0522756
0.283637
0.0560131
0.285243
0.0596979
0.287119
0.0633176
0.2893
0.0668592
0.291819
0.0703112
0.294711
0.0736515
0.298008
0.0768518
0.301741
0.079879
0.305935
0.0826955
0.31061
0.0852612
0.315774
0.0875271
0.321418
0.0894467
0.327518
0.0909884
0.334037
0.0921208
0.340926
0.0928154
0.348121
0.0930555
0.355549
0.0928344
0.363127
0.0921565
0.370764
0.0910312
0.0889936
0.3783
0.283497
0.0126909
0.283796
0.0181129
0.284212
0.0229417
0.284745
0.0274558
0.285398
0.0317251
0.28618
0.0357984
0.287101
0.0397192
0.288175
0.0435203
0.289425
0.0472144
0.290875
0.0508138
0.292543
0.054333
0.294459
0.0577718
0.296651
0.0611158
0.299147
0.0643555
0.301973
0.0674797
0.305156
0.0704655
0.308719
0.073287
0.312683
0.075915
0.317063
0.0783176
0.321866
0.0804608
0.327089
0.0823084
0.332713
0.0838287
0.338709
0.0849976
0.345044
0.0857931
0.351666
0.0861994
0.35852
0.0862089
0.365538
0.0858225
0.372651
0.0850502
0.379783
0.0839052
0.0819808
0.386801
0.290431
0.0124652
0.29084
0.0177183
0.291395
0.0223965
0.292091
0.0267644
0.292931
0.0308856
0.293919
0.0348064
0.295064
0.0385677
0.296382
0.0421938
0.297894
0.0456924
0.299616
0.0490812
0.301567
0.052372
0.303773
0.0555567
0.306255
0.0586256
0.309033
0.0615711
0.312128
0.0643794
0.31556
0.0670301
0.319344
0.0695006
0.323493
0.0717664
0.32801
0.0738014
0.332895
0.0755782
0.338135
0.0770705
0.343711
0.0782573
0.349591
0.0791217
0.355739
0.0796497
0.36211
0.0798338
0.368652
0.0796731
0.375307
0.0791735
0.382015
0.0783477
0.388715
0.077211
0.0754071
0.395293
0.297532
0.0121622
0.298053
0.017216
0.298746
0.0217174
0.299603
0.0259152
0.300625
0.0298671
0.301814
0.0336165
0.303181
0.0371977
0.304739
0.0406291
0.306503
0.0439215
0.308485
0.0470911
0.310703
0.0501457
0.313175
0.0530778
0.315916
0.055878
0.318943
0.0585382
0.322272
0.061046
0.325915
0.0633841
0.329881
0.0655336
0.334172
0.0674743
0.338789
0.0691859
0.343722
0.0706467
0.348955
0.0718391
0.354465
0.0727501
0.360222
0.073368
0.366191
0.0736856
0.372328
0.073701
0.378588
0.0734179
0.384921
0.0728451
0.391277
0.0719968
0.397605
0.0708886
0.0692084
0.403808
0.304804
0.0117811
0.305436
0.0166065
0.306265
0.0209056
0.307282
0.0249107
0.308483
0.0286731
0.309871
0.032231
0.311455
0.0356137
0.313243
0.0388385
0.315243
0.0419171
0.317468
0.0448616
0.319931
0.047677
0.322645
0.0503583
0.325621
0.0528969
0.32887
0.0552846
0.332403
0.0575105
0.336224
0.0595605
0.340338
0.0614192
0.344741
0.063071
0.349428
0.0645004
0.354385
0.0656912
0.359593
0.066632
0.365029
0.0673163
0.370663
0.0677371
0.37646
0.0678914
0.382383
0.0677816
0.388392
0.067414
0.394442
0.0667992
0.400492
0.0659518
0.406498
0.064887
0.0633314
0.412379
0.31225
0.0113214
0.312993
0.0158906
0.313957
0.0199631
0.31513
0.0237536
0.316507
0.027307
0.318089
0.0306564
0.319879
0.033827
0.321883
0.0368354
0.324106
0.0396928
0.326557
0.0424083
0.329246
0.0449853
0.332181
0.0474203
0.335368
0.0497065
0.338814
0.0518362
0.342523
0.0537999
0.346497
0.0555866
0.350732
0.0571844
0.355222
0.0585815
0.359958
0.0597668
0.364922
0.0607284
0.370096
0.06146
0.375454
0.0619599
0.380969
0.0622248
0.386608
0.062255
0.392339
0.0620552
0.398123
0.0616335
0.403926
0.0610012
0.40971
0.0601725
0.41544
0.0591619
0.0577302
0.421044
0.319875
0.0107829
0.320728
0.0150697
0.321824
0.0188927
0.32315
0.0224481
0.324697
0.0257744
0.326464
0.0289004
0.32845
0.0318477
0.330658
0.0346317
0.333091
0.0372626
0.335753
0.0397475
0.338649
0.0420889
0.341785
0.0442844
0.345162
0.0463289
0.348783
0.0482157
0.352646
0.0499372
0.356749
0.051485
0.361085
0.0528501
0.365644
0.0540242
0.370415
0.0549998
0.375377
0.0557685
0.380511
0.0563277
0.385794
0.0566796
0.391198
0.0568236
0.396694
0.0567619
0.402253
0.0565008
0.407841
0.0560493
0.413428
0.0554187
0.418983
0.0546225
0.424476
0.0536741
0.0523648
0.429845
0.327682
0.0101658
0.328643
0.0141456
0.329868
0.0176975
0.331342
0.0209987
0.333054
0.0240818
0.334998
0.0269711
0.337171
0.0296857
0.339572
0.0322389
0.342201
0.0346399
0.345059
0.0368944
0.348146
0.0390045
0.351465
0.0409687
0.355013
0.0427832
0.358789
0.0444427
0.362788
0.0459416
0.367003
0.0472734
0.371424
0.0484321
0.376041
0.0494121
0.380837
0.0502087
0.385793
0.0508164
0.390888
0.0512352
0.396101
0.0514702
0.401406
0.0515226
0.406776
0.0513957
0.412184
0.0510969
0.417604
0.0506352
0.423006
0.0500217
0.428365
0.0492687
0.433656
0.0483885
0.0471996
0.438826
0.335675
0.00947063
0.336742
0.0131202
0.338093
0.016381
0.33971
0.0194105
0.34158
0.0222356
0.343694
0.0248768
0.346044
0.0273502
0.348628
0.0296676
0.351441
0.0318367
0.354481
0.0338625
0.357746
0.0357466
0.361233
0.0374883
0.364937
0.039085
0.368853
0.0405328
0.372973
0.0418277
0.377287
0.0429653
0.381784
0.0439416
0.386449
0.0447533
0.391267
0.0453982
0.396217
0.0458725
0.401278
0.0461785
0.40643
0.046323
0.411649
0.0463083
0.416911
0.0461386
0.422193
0.0458213
0.427469
0.0453655
0.432715
0.0447813
0.43791
0.0440801
0.443033
0.0432728
0.0422022
0.448035
0.343859
0.00869784
0.34503
0.0119956
0.346504
0.0149463
0.34826
0.0176882
0.350281
0.0202421
0.352557
0.0226249
0.355076
0.0248501
0.357833
0.0269275
0.36082
0.0288639
0.364032
0.0306632
0.367462
0.0323272
0.371105
0.0338554
0.374953
0.0352463
0.378998
0.0364973
0.383229
0.0376058
0.387634
0.038569
0.3922
0.0393847
0.396912
0.0400514
0.401751
0.0405683
0.406699
0.0409333
0.411734
0.0411501
0.416837
0.0412264
0.421987
0.0411654
0.427161
0.0409714
0.432338
0.0406516
0.437497
0.0402147
0.442616
0.0396699
0.447676
0.0390275
0.45266
0.038297
0.0373432
0.457525
0.352239
0.00784772
0.353512
0.0107732
0.355106
0.0133965
0.356996
0.015836
0.359163
0.018107
0.361594
0.0202222
0.364275
0.0221928
0.367197
0.0240269
0.370349
0.0257301
0.373723
0.0273057
0.37731
0.0287552
0.381101
0.0300788
0.385085
0.0312754
0.389251
0.0323436
0.393588
0.0332818
0.398081
0.0340887
0.402715
0.0347631
0.407474
0.035305
0.41234
0.0357147
0.417294
0.0359913
0.422314
0.0361389
0.427383
0.0361661
0.432481
0.0360762
0.437589
0.0358732
0.442685
0.0355643
0.447752
0.0351572
0.452772
0.0346603
0.457727
0.0340825
0.462601
0.0334321
0.0325936
0.467359
0.36082
0.00692012
0.362194
0.00945386
0.363905
0.0117338
0.365926
0.0138577
0.368235
0.0158348
0.370815
0.0176742
0.373652
0.0193846
0.376732
0.0209724
0.380042
0.0224423
0.383572
0.0237968
0.387309
0.0250373
0.391242
0.0261641
0.395358
0.0271768
0.399643
0.0280747
0.404084
0.0288571
0.408666
0.0295234
0.413371
0.0300737
0.418184
0.0305084
0.423086
0.0308289
0.428058
0.0310348
0.433078
0.0311306
0.438131
0.0311247
0.443198
0.0310204
0.448262
0.0308217
0.453303
0.0305347
0.458306
0.0301666
0.463253
0.0297246
0.468131
0.0292165
0.472925
0.0286493
0.0279258
0.477603
0.369607
0.0059139
0.371083
0.00803681
0.37291
0.00995893
0.375059
0.0117557
0.377506
0.0134291
0.380232
0.0149849
0.38322
0.0164296
0.386454
0.0177684
0.389919
0.0190045
0.3936
0.0201401
0.397485
0.0211762
0.401558
0.0221132
0.405805
0.022951
0.410211
0.0236895
0.41476
0.0243285
0.419435
0.024868
0.424221
0.0253086
0.429098
0.0256513
0.434049
0.0258978
0.439054
0.0260481
0.444093
0.0261066
0.449151
0.0260812
0.454211
0.0259751
0.459256
0.0257915
0.464269
0.0255361
0.469236
0.0252148
0.474141
0.0248339
0.478972
0.0243999
0.483717
0.0239186
0.0233095
0.488345
0.378607
0.00482576
0.380189
0.00651863
0.382132
0.00807188
0.384407
0.00953195
0.386989
0.0108926
0.389858
0.0121571
0.392994
0.0133309
0.396378
0.0144174
0.399995
0.0154188
0.403828
0.0163366
0.40786
0.0171715
0.412076
0.017924
0.416458
0.0185942
0.42099
0.0191821
0.425655
0.0196878
0.430436
0.0201118
0.435314
0.0204548
0.440271
0.0207181
0.445289
0.0209033
0.450349
0.0210107
0.45543
0.0210442
0.460518
0.0210109
0.465597
0.0209134
0.470652
0.0207545
0.475667
0.0205389
0.480628
0.0202715
0.485522
0.0199574
0.490337
0.019602
0.495063
0.0192099
0.0187166
0.49967
0.387832
0.00364711
0.389526
0.00489178
0.391588
0.00607012
0.393989
0.00718529
0.396707
0.0082243
0.399718
0.00919062
0.403002
0.0100882
0.406538
0.010919
0.410308
0.011684
0.414294
0.012384
0.418478
0.0130197
0.422841
0.0135912
0.427366
0.0140987
0.432034
0.0145425
0.436828
0.0149227
0.441728
0.0152399
0.446716
0.0154947
0.451774
0.0156885
0.456882
0.0158226
0.462022
0.0158973
0.467172
0.0159159
0.47232
0.0158841
0.477451
0.0158041
0.482548
0.015678
0.487599
0.0155095
0.492589
0.0153023
0.497506
0.0150604
0.502341
0.0147878
0.507082
0.0144878
0.0141114
0.511705
0.397302
0.00235255
0.399111
0.00315279
0.401288
0.00395748
0.403814
0.00471738
0.406667
0.00542463
0.409821
0.00608485
0.413254
0.00669998
0.416945
0.00727002
0.420873
0.00779508
0.425018
0.00827549
0.429362
0.00871152
0.433884
0.00910333
0.438565
0.00945099
0.443385
0.00975461
0.448326
0.0100144
0.453367
0.0102308
0.45849
0.0104043
0.463674
0.0105359
0.468902
0.0106266
0.474152
0.0106767
0.479405
0.0106886
0.484648
0.0106663
0.489865
0.0106113
0.495043
0.0105252
0.500166
0.0104104
0.505223
0.0102697
0.510201
0.0101057
0.515091
0.00992129
0.519882
0.00971888
0.0094653
0.524548
0.4071
0.000839926
0.409027
0.00129927
0.411319
0.00173285
0.41397
0.00212782
0.416954
0.0024965
0.420247
0.00284375
0.423825
0.00316914
0.427668
0.0034717
0.431755
0.00375112
0.436063
0.0040074
0.440573
0.00424057
0.445263
0.00445062
0.450113
0.00463753
0.455102
0.00480134
0.460211
0.00494214
0.465417
0.00506014
0.470701
0.00515567
0.476043
0.00522921
0.481424
0.00528136
0.486822
0.00531229
0.492216
0.0053232
0.497595
0.00531622
0.502942
0.00529228
0.508242
0.00525211
0.513483
0.00519708
0.518652
0.00512857
0.523736
0.00504803
0.528727
0.0049569
0.533614
0.00485646
0.00473023
0.538373
0.416239
0.417614
0.419416
0.421608
0.424163
0.42706
0.43028
0.433799
0.437594
0.441644
0.445926
0.450417
0.455094
0.459934
0.464914
0.470013
0.475206
0.480474
0.485794
0.491142
0.496497
0.501844
0.507167
0.512449
0.517676
0.522835
0.527912
0.532897
0.537781
0.542537
0.171522
0.112297
0.0883773
0.0831446
0.0623274
0.0260501
0.239832
0.118626
0.221952
0.101025
0.0886406
0.195639
0.277917
0.108221
0.278475
0.100467
0.0953302
0.271786
0.298944
0.0983267
0.30467
0.094741
0.0932203
0.30678
0.311747
0.0891476
0.319356
0.0871326
0.0871435
0.325432
0.322019
0.0808624
0.3297
0.0794514
0.0800179
0.336826
0.331431
0.0736481
0.338389
0.0724936
0.0731735
0.345234
0.340324
0.0673616
0.346468
0.0663499
0.0669873
0.352655
0.348915
0.0618017
0.354363
0.0609037
0.0614699
0.359881
0.357331
0.0568191
0.362213
0.056024
0.0565245
0.367161
0.365637
0.0523063
0.370061
0.051603
0.0520461
0.374542
0.373884
0.04818
0.377931
0.0475585
0.0479508
0.38203
0.38211
0.0443748
0.385845
0.0438259
0.0441724
0.389627
0.390342
0.0408391
0.393816
0.0403544
0.0406593
0.397333
0.398605
0.0375316
0.401858
0.0371037
0.0373708
0.40515
0.406925
0.0344189
0.409989
0.0340412
0.0342743
0.413089
0.415329
0.031473
0.418232
0.0311399
0.0313422
0.421166
0.423851
0.02867
0.426616
0.0283766
0.0285511
0.429409
0.432529
0.0259893
0.435176
0.0257312
0.0258805
0.437848
0.441407
0.0234123
0.443953
0.0231859
0.0233123
0.446523
0.450529
0.0209229
0.452992
0.0207248
0.0208309
0.455474
0.459947
0.0185057
0.462341
0.0183333
0.0184216
0.464751
0.469724
0.0161462
0.472062
0.0159974
0.01607
0.474415
0.479926
0.0138296
0.482224
0.0137025
0.0137612
0.484534
0.49064
0.0115419
0.492911
0.0114356
0.0114827
0.495192
0.501955
0.00926553
0.504217
0.00917895
0.00921494
0.506487
0.513993
0.00698676
0.51626
0.00691882
0.00694266
0.518535
0.526861
0.00468522
0.52915
0.00463679
0.00464987
0.531448
0.540726
0.00234445
0.543053
0.00231856
0.00232463
0.545384
0.544895
0.547224
0.549555
0.00349368
0.0870856
-0.0158067
0.0676788
-0.0281852
0.0530328
-0.034336
0.0410688
-0.037086
0.0333059
-0.0383688
0.0287475
-0.0391951
0.0263566
-0.0401699
0.0255108
-0.0412274
0.0250215
-0.0421683
0.0243887
-0.0429832
0.0237148
-0.043733
0.0230659
-0.044467
0.0224205
-0.0452049
0.0217313
-0.0459529
0.0209734
-0.0467181
0.0201414
-0.0474989
0.0192164
-0.0482875
0.0181853
-0.0490786
0.017056
-0.0498803
0.0158554
-0.0507165
0.0146142
-0.0516238
0.0133468
-0.0526427
0.0120455
-0.0538082
0.0106858
-0.0551329
0.00922908
-0.0565794
0.00763765
-0.0580425
0.0059497
-0.0594139
0.00441711
-0.060723
0.00345013
0.00336059
0.143948
0.138777
0.103986
0.107643
0.0712407
0.0857816
0.0430575
0.0692572
0.0199554
0.0564149
0.00203201
0.0466796
-0.0108519
0.039251
-0.0192389
0.03391
-0.0244495
0.030246
-0.0277747
0.0277293
-0.0300629
0.0260196
-0.0318031
0.0248235
-0.0332345
0.0238699
-0.0344483
0.0229627
-0.0354824
0.0220243
-0.0363784
0.0210525
-0.0371526
0.0200032
-0.0378088
0.0188507
-0.0383587
0.0176109
-0.0388442
0.016341
-0.0393427
0.0151076
-0.0399543
0.0139477
-0.0407794
0.0128543
-0.0418942
0.0117785
-0.0433298
0.0106372
-0.0450523
0.00932755
-0.0469233
0.00778322
-0.0487075
0.00615963
-0.0503642
0.00506134
0.00475732
0.246665
0.163898
0.215856
0.138455
0.185197
0.116444
0.155755
0.0987041
0.128133
0.0840439
0.10288
0.0719418
0.080188
0.0619528
0.0603881
0.0537221
0.0436749
0.046973
0.0299376
0.0414819
0.0188953
0.0370787
0.0101546
0.0335818
0.00327673
0.0307654
-0.00216259
0.028419
-0.00648027
0.026358
-0.00989649
0.0244832
-0.0125963
0.0227149
-0.014716
0.0209789
-0.0163544
0.0192537
-0.0175916
0.017578
-0.0185195
0.0160301
-0.0192697
0.0146871
-0.0200177
0.0135858
-0.0209567
0.0126955
-0.0222528
0.0119058
-0.0240122
0.0110543
-0.0262757
0.0100094
-0.0289041
0.00874628
-0.0311672
0.00727888
0.00665143
0.300238
0.170441
0.285072
0.153623
0.265599
0.13592
0.244211
0.120097
0.222149
0.106113
0.200281
0.0938174
0.179146
0.0830986
0.159081
0.073799
0.140319
0.065748
0.123027
0.0587888
0.107353
0.0527693
0.0934167
0.0475363
0.0812397
0.0429605
0.0707394
0.0389364
0.0617472
0.0353656
0.0540801
0.0321639
0.0475614
0.0292446
0.0420177
0.0265303
0.0372889
0.0239862
0.0332401
0.021626
0.0297758
0.0194885
0.0268349
0.0176168
0.0243623
0.0160418
0.0222742
0.0147614
0.020431
0.0137215
0.0186301
0.0128226
0.0166593
0.0119428
0.0143628
0.011001
0.011509
0.0100871
0.010096
0.32974
0.166133
0.326613
0.156751
0.317999
0.144537
0.305896
0.132204
0.291618
0.120397
0.276102
0.109342
0.260039
0.0991715
0.243924
0.0899255
0.228115
0.0815706
0.212875
0.0740433
0.198392
0.067268
0.184788
0.0611577
0.172141
0.0556259
0.160502
0.050593
0.149901
0.0459829
0.140353
0.0417246
0.131838
0.0377701
0.124277
0.0340974
0.117566
0.0307005
0.111587
0.0276024
0.106236
0.0248331
0.101434
0.0224073
0.0971268
0.020332
0.0932716
0.0185942
0.0898215
0.0171439
0.0867228
0.0158885
0.0838887
0.0147395
0.0811573
0.0136906
0.0783246
0.012874
0.0130222
0.346553
0.156406
0.350964
0.15234
0.350529
0.144975
0.346358
0.13638
0.339429
0.127331
0.330525
0.118253
0.320291
0.109415
0.309243
0.100985
0.297785
0.0930421
0.286228
0.0856138
0.274814
0.0786971
0.263723
0.0722642
0.253091
0.0662761
0.24301
0.0606914
0.23354
0.0554697
0.224701
0.0505779
0.216488
0.0459937
0.208882
0.0417098
0.201857
0.0377265
0.195388
0.0340687
0.189448
0.0307666
0.184007
0.0278359
0.179028
0.0252932
0.174483
0.0231157
0.170356
0.0212437
0.166594
0.0196171
0.163107
0.0181891
0.159793
0.0169633
0.156603
0.016018
0.0159402
0.356749
0.14489
0.365095
0.143996
0.369923
0.14015
0.371565
0.134742
0.370541
0.128361
0.36736
0.121442
0.362504
0.114281
0.356405
0.107095
0.349433
0.100026
0.341896
0.0931633
0.334046
0.0865614
0.326083
0.0802424
0.318165
0.0742103
0.310412
0.0684612
0.302909
0.0629879
0.295715
0.0577869
0.288861
0.0528593
0.282364
0.0482144
0.276224
0.0438683
0.270432
0.0398565
0.264983
0.0362073
0.25988
0.0329265
0.255124
0.0300301
0.250705
0.0275119
0.246598
0.0253222
0.242772
0.0234104
0.239178
0.0217453
0.235772
0.0203272
0.232567
0.0191772
0.0188293
0.364087
0.133458
0.373913
0.13417
0.381531
0.132535
0.386823
0.129453
0.389928
0.125262
0.391081
0.120296
0.390565
0.114806
0.388676
0.108995
0.385697
0.103017
0.381881
0.0969911
0.377451
0.091004
0.372597
0.0851113
0.367473
0.079349
0.362205
0.0737432
0.356893
0.0683142
0.351612
0.0630815
0.346415
0.058067
0.341341
0.0532968
0.336413
0.0487994
0.331656
0.04461
0.327091
0.0407643
0.322727
0.0372758
0.31859
0.0341483
0.314693
0.0313857
0.311019
0.0289671
0.307549
0.0268473
0.304261
0.0249951
0.301139
0.0234067
0.298205
0.0220653
0.0215184
0.370519
0.12282
0.380455
0.124237
0.389145
0.123848
0.396317
0.122285
0.401892
0.119692
0.405917
0.116278
0.408503
0.112229
0.409805
0.107704
0.409999
0.102835
0.409262
0.0977391
0.407763
0.0925145
0.405656
0.0872312
0.403075
0.0819436
0.400134
0.0766973
0.39693
0.0715316
0.393539
0.0664832
0.390027
0.0615883
0.386446
0.0568846
0.382838
0.0524112
0.379239
0.048207
0.375688
0.0443074
0.372215
0.0407351
0.368845
0.0374992
0.365609
0.0345968
0.362522
0.0320251
0.359569
0.0297667
0.35674
0.0277855
0.354038
0.0260672
0.351475
0.024582
0.0239109
0.376862
0.113122
0.386299
0.114803
0.395081
0.115069
0.402944
0.114427
0.409731
0.112911
0.41539
0.110627
0.419919
0.107708
0.423372
0.104262
0.425829
0.100388
0.427392
0.0961864
0.42817
0.0917473
0.42827
0.0871422
0.427795
0.0824311
0.426835
0.0776686
0.425474
0.0729044
0.423781
0.0681851
0.421822
0.0635559
0.41965
0.0590617
0.417316
0.0547469
0.414866
0.050654
0.412346
0.0468211
0.409794
0.0432736
0.407246
0.0400287
0.404726
0.0370922
0.402266
0.0344549
0.399884
0.0321153
0.397568
0.0300621
0.395323
0.0282697
0.393161
0.0266975
0.0259627
0.383384
0.104284
0.392155
0.106037
0.400581
0.106648
0.408476
0.106538
0.415676
0.105717
0.42208
0.10423
0.42765
0.102147
0.432374
0.099547
0.436271
0.0965008
0.439383
0.0930841
0.441766
0.0893733
0.443487
0.085432
0.444611
0.0813175
0.445204
0.0770856
0.445329
0.0727889
0.445044
0.0684778
0.444405
0.0642016
0.443462
0.0600081
0.442265
0.0559441
0.440862
0.0520533
0.4393
0.0483745
0.437623
0.0449383
0.435869
0.0417649
0.434067
0.0388702
0.432239
0.036253
0.430418
0.0339021
0.428621
0.0318204
0.426843
0.0300047
0.425088
0.0284056
0.0276533
0.39014
0.0961785
0.398266
0.0979166
0.406208
0.0987118
0.413833
0.0989196
0.421008
0.0985497
0.427628
0.0976179
0.433639
0.0961449
0.439003
0.0941921
0.443709
0.0918046
0.447759
0.0890423
0.451173
0.0859668
0.453985
0.0826292
0.456232
0.0790802
0.457954
0.0753719
0.459195
0.0715553
0.459999
0.0676803
0.460409
0.0637959
0.460469
0.0599501
0.460223
0.0561892
0.459714
0.0525567
0.458988
0.0490916
0.458086
0.0458262
0.457047
0.0427852
0.455907
0.039987
0.454688
0.0374429
0.453407
0.0351495
0.452092
0.0330962
0.450764
0.0312899
0.449415
0.0297072
0.0289761
0.397124
0.0886862
0.404678
0.0903684
0.412137
0.0912587
0.419392
0.0916723
0.426345
0.0916043
0.432917
0.0910553
0.439036
0.0900351
0.444658
0.0885807
0.449755
0.0867162
0.454315
0.084489
0.458338
0.0819512
0.461833
0.0791418
0.464817
0.0761037
0.467313
0.0728834
0.469347
0.0695275
0.470949
0.0660827
0.472152
0.0625955
0.472991
0.0591118
0.473501
0.055676
0.473721
0.0523299
0.47369
0.049112
0.473446
0.0460551
0.473026
0.0431864
0.472462
0.0405267
0.471785
0.038091
0.471012
0.0358889
0.470151
0.0339186
0.46923
0.0321684
0.468267
0.0306227
0.0299286
0.404315
0.0817079
0.411376
0.0833131
0.418394
0.084247
0.425277
0.0847966
0.431952
0.0849367
0.438353
0.0846623
0.444414
0.0839836
0.450092
0.0829134
0.455347
0.0814693
0.46016
0.0796829
0.464521
0.0775968
0.468426
0.0752434
0.471878
0.0726576
0.474888
0.0698794
0.47747
0.0669502
0.479643
0.0639124
0.481431
0.0608087
0.48286
0.0576816
0.483959
0.0545727
0.484759
0.0515218
0.485293
0.0485655
0.485596
0.0457367
0.485698
0.0430636
0.485631
0.0405691
0.485422
0.0382711
0.485095
0.036182
0.484662
0.0343129
0.484126
0.0326622
0.483509
0.0311917
0.0305291
0.411697
0.0751644
0.418334
0.0766815
0.424958
0.0776278
0.431501
0.0782606
0.437898
0.0785466
0.44409
0.0784777
0.450025
0.0780574
0.455662
0.0772856
0.460959
0.0761805
0.465888
0.0747596
0.470434
0.0730561
0.474587
0.0710965
0.47834
0.0689087
0.481697
0.0665268
0.484664
0.0639866
0.487252
0.0613259
0.489476
0.0585832
0.491358
0.0557971
0.492918
0.0530061
0.494184
0.0502471
0.495181
0.047555
0.495939
0.0449619
0.496485
0.042496
0.496847
0.0401816
0.497049
0.0380389
0.497114
0.0360833
0.497061
0.034327
0.496897
0.032783
0.496622
0.0314207
0.0308258
0.419264
0.068992
0.425534
0.0704155
0.431812
0.0713547
0.438048
0.0720299
0.444187
0.0724139
0.450177
0.0724952
0.455973
0.0722686
0.46153
0.071736
0.466811
0.0709066
0.471787
0.0697892
0.476437
0.0684107
0.480746
0.0667912
0.484705
0.064953
0.48831
0.0629244
0.491562
0.0607362
0.494466
0.0584213
0.497033
0.0560139
0.499276
0.0535489
0.501214
0.0510611
0.502865
0.0485847
0.504253
0.0461526
0.505401
0.0437953
0.506334
0.0415409
0.507076
0.0394141
0.507648
0.0374363
0.50807
0.0356256
0.508362
0.0339969
0.508537
0.0325644
0.508595
0.0313153
0.030815
0.427022
0.0631377
0.432978
0.0644636
0.438957
0.0653795
0.444924
0.0660669
0.450833
0.0665099
0.456635
0.0666991
0.462289
0.0666207
0.467753
0.0662792
0.472992
0.0656729
0.477978
0.0648071
0.482689
0.0637035
0.487106
0.0623769
0.491216
0.0608442
0.495013
0.0591289
0.498492
0.057257
0.501654
0.0552569
0.504505
0.0531585
0.507055
0.0509928
0.509316
0.0487913
0.511303
0.0465852
0.513035
0.0444049
0.514532
0.0422794
0.515814
0.0402359
0.516901
0.0382991
0.517815
0.0364913
0.518573
0.034832
0.519192
0.0333387
0.519685
0.0320282
0.520058
0.0308949
0.0304731
0.434992
0.0575555
0.440678
0.0587801
0.446403
0.0596568
0.452136
0.0603372
0.457838
0.060812
0.463468
0.0610743
0.468983
0.0611106
0.474348
0.0609191
0.479536
0.0604896
0.484516
0.05983
0.489264
0.0589569
0.493762
0.0578804
0.497993
0.056613
0.501948
0.0551737
0.505618
0.0535843
0.509003
0.0518688
0.512102
0.0500532
0.514922
0.0481647
0.517472
0.0462312
0.519762
0.0442809
0.521808
0.0423419
0.523626
0.0404413
0.525233
0.038605
0.526646
0.0368573
0.527885
0.0352207
0.528965
0.0337158
0.529902
0.0323615
0.53071
0.0311765
0.531397
0.0301599
0.0298102
0.443199
0.0522053
0.448654
0.0533256
0.454163
0.0541497
0.459691
0.0548125
0.465203
0.0553023
0.470672
0.0556088
0.476059
0.0557279
0.481334
0.0556482
0.48647
0.0553561
0.491437
0.0548643
0.496211
0.0541826
0.500773
0.053318
0.505106
0.0522794
0.509195
0.0510818
0.513033
0.0497429
0.516614
0.048283
0.519935
0.0467241
0.523001
0.04509
0.525814
0.0434052
0.528385
0.041695
0.530724
0.039985
0.532843
0.0383002
0.534758
0.036665
0.536484
0.0351029
0.538036
0.033636
0.53943
0.0322853
0.54068
0.0310706
0.5418
0.0300117
0.542801
0.0291108
0.0288287
0.451675
0.047052
0.456935
0.0480669
0.462255
0.0488302
0.467603
0.0494666
0.472949
0.0499579
0.478272
0.050288
0.483546
0.0504571
0.488744
0.0504531
0.493832
0.050269
0.498784
0.049912
0.503578
0.049388
0.508192
0.0487016
0.51261
0.0478587
0.516817
0.0468708
0.520802
0.0457522
0.524559
0.0445196
0.528082
0.0431918
0.531372
0.0417892
0.53443
0.0403333
0.537262
0.0388466
0.539876
0.0373519
0.542281
0.0358721
0.54449
0.03443
0.546516
0.0330477
0.548371
0.0317467
0.550072
0.0305478
0.55163
0.0294708
0.553061
0.0285361
0.554374
0.0277484
0.0275289
0.46046
0.0420649
0.465552
0.0429752
0.470709
0.0436738
0.475904
0.0442723
0.481114
0.044749
0.486318
0.0450855
0.491496
0.0452811
0.496622
0.0453286
0.501666
0.045226
0.506602
0.0449741
0.51141
0.0445776
0.516068
0.0440394
0.520561
0.0433621
0.524872
0.0425544
0.52899
0.0416276
0.532905
0.0405955
0.536613
0.039474
0.540109
0.0382805
0.543394
0.0370337
0.54647
0.0357532
0.549342
0.0344592
0.552018
0.0331725
0.554507
0.0319138
0.55682
0.0307039
0.558969
0.0295631
0.560968
0.0285115
0.562828
0.0275685
0.564564
0.0267545
0.566187
0.0260758
0.0259132
0.4696
0.0372157
0.474551
0.0380233
0.479571
0.0386545
0.484643
0.0392009
0.489747
0.0396457
0.494858
0.039975
0.499957
0.0401839
0.50502
0.0402662
0.510024
0.0402214
0.514946
0.0400493
0.519766
0.0397542
0.524463
0.0393368
0.529022
0.0387975
0.533427
0.0381426
0.537666
0.0373812
0.541727
0.0365247
0.545603
0.0355861
0.549289
0.0345803
0.552784
0.0335232
0.556086
0.0324317
0.5592
0.0313235
0.562131
0.0302172
0.564885
0.0291314
0.567473
0.0280852
0.569903
0.0270976
0.572189
0.0261872
0.574342
0.0253731
0.576376
0.0246745
0.578302
0.0240992
0.0239862
0.479154
0.0324763
0.483995
0.0331819
0.488909
0.0337415
0.493883
0.0342276
0.4989
0.0346292
0.503937
0.0349386
0.508975
0.035147
0.513992
0.0352495
0.518968
0.0352448
0.523881
0.0351325
0.528713
0.0349164
0.533449
0.0345955
0.53807
0.0341693
0.542562
0.0336427
0.546911
0.0330229
0.551106
0.0323191
0.555137
0.0315421
0.558999
0.0307039
0.562687
0.029818
0.5662
0.0288989
0.569539
0.0279619
0.572707
0.0270232
0.57571
0.0260994
0.578556
0.0252076
0.581253
0.024365
0.583812
0.023589
0.586244
0.0228972
0.588564
0.0223078
0.590783
0.0218294
0.021759
0.489194
0.0278179
0.493955
0.0284212
0.498793
0.0289046
0.503694
0.0293272
0.508644
0.0296803
0.513626
0.0299579
0.518622
0.0301517
0.523609
0.0302633
0.528566
0.0302865
0.533479
0.0302151
0.538332
0.0300577
0.543108
0.0298124
0.547792
0.0294782
0.552367
0.029059
0.556819
0.0285602
0.561137
0.0279891
0.565311
0.0273543
0.569334
0.0266655
0.5732
0.025934
0.576906
0.0251718
0.580453
0.0243921
0.583841
0.0236087
0.587074
0.0228361
0.59016
0.0220893
0.593105
0.0213835
0.595919
0.0207343
0.598615
0.0201578
0.601204
0.0196705
0.603701
0.0192813
0.019244
0.4998
0.0232116
0.504512
0.0237115
0.509301
0.0241173
0.514156
0.0244735
0.519065
0.0247734
0.524012
0.0250119
0.528982
0.0251828
0.533953
0.0252932
0.538909
0.0253296
0.543837
0.0252833
0.548719
0.0251688
0.553542
0.0249824
0.558289
0.0247232
0.562945
0.024394
0.567495
0.023999
0.571929
0.0235435
0.576234
0.0230341
0.580405
0.0224788
0.584433
0.0218867
0.588316
0.0212678
0.592051
0.020633
0.595639
0.0199938
0.599082
0.0193625
0.602386
0.0187517
0.605558
0.0181746
0.608606
0.0176449
0.611543
0.0171765
0.614381
0.0167844
0.617132
0.016477
0.0164666
0.511073
0.0186294
0.51576
0.0190282
0.520527
0.0193537
0.525363
0.0196405
0.530256
0.0198832
0.535192
0.0200781
0.540155
0.0202221
0.545133
0.0203167
0.550112
0.0203504
0.55507
0.0203211
0.559994
0.0202388
0.56487
0.0200994
0.569683
0.0199021
0.574418
0.0196492
0.579063
0.0193437
0.583604
0.0189897
0.588031
0.0185922
0.592335
0.0181575
0.59651
0.0176926
0.60055
0.0172057
0.604453
0.0167053
0.608219
0.0162009
0.611848
0.0157021
0.615346
0.0152195
0.618719
0.0147639
0.621976
0.0143468
0.625127
0.0139799
0.628186
0.0136758
0.631168
0.0134419
0.0134468
0.523131
0.0140404
0.527822
0.0143425
0.532596
0.0145841
0.537443
0.0147985
0.542349
0.0149812
0.547302
0.0151292
0.552287
0.0152402
0.557297
0.01531
0.562314
0.0153335
0.567317
0.0153144
0.572295
0.0152561
0.577232
0.0151552
0.582116
0.0150107
0.586931
0.0148243
0.591666
0.014598
0.596308
0.0143351
0.600846
0.0140395
0.605271
0.0137157
0.609575
0.0133691
0.613752
0.0130058
0.617801
0.0126321
0.621719
0.0122551
0.625507
0.0118823
0.62917
0.0115218
0.632714
0.0111819
0.636147
0.0108717
0.63948
0.0106007
0.642726
0.0103791
0.6459
0.0102137
0.0102326
0.536089
0.00940754
0.54083
0.00960937
0.54565
0.00977046
0.550542
0.00991306
0.555495
0.0100347
0.560496
0.0101338
0.565532
0.0102092
0.570596
0.01025
0.575672
0.0102592
0.580738
0.0102465
0.585782
0.0102076
0.590791
0.0101402
0.595752
0.0100429
0.600651
0.00991701
0.605474
0.00976411
0.61021
0.00958649
0.614848
0.00938689
0.619379
0.00916853
0.623793
0.008935
0.628087
0.00869029
0.632255
0.00843874
0.636297
0.00818506
0.640213
0.00793436
0.644008
0.00769214
0.647687
0.00746435
0.651258
0.00725734
0.654734
0.00707805
0.658128
0.00693414
0.661455
0.00683113
0.0068536
0.55011
0.00469307
0.554932
0.0047967
0.559834
0.00487809
0.564807
0.00494872
0.569841
0.00500892
0.574923
0.00505867
0.580042
0.00509769
0.585187
0.00511089
0.590342
0.00510791
0.595486
0.00510191
0.60061
0.00508123
0.6057
0.00504535
0.610743
0.00499378
0.615725
0.00492728
0.620633
0.00484695
0.625454
0.00475406
0.630176
0.00465009
0.634792
0.00453668
0.639292
0.00441568
0.643671
0.00428913
0.647926
0.00415924
0.652054
0.00402845
0.656058
0.00389941
0.65994
0.00377503
0.663706
0.00365846
0.667367
0.00355326
0.670934
0.00346361
0.674421
0.00339511
0.677841
0.00335517
0.00340136
0.554261
0.559069
0.563959
0.568918
0.573937
0.579005
0.584111
0.58923
0.594343
0.599445
0.604525
0.609567
0.614555
0.619476
0.624314
0.629057
0.633693
0.638214
0.642611
0.646878
0.651012
0.655013
0.65888
0.662619
0.666238
0.669748
0.673163
0.676505
0.679803
)
;

boundaryField
{
    inlet
    {
        type            calculated;
        value           nonuniform List<scalar> 
45
(
-0.2
-0.2
-0.2
-0.2
-0.2
-0.2
-0.2
-0.2
-0.2
-0.2
-0.2
-0.2
-0.2
-0.2
-0.2
-0.20766
-0.212683
-0.217828
-0.223097
-0.228493
-0.23402
-0.239681
-0.245479
-0.251417
-0.257499
-0.263728
-0.270107
-0.276641
-0.283333
-0.290186
-0.297206
-0.304395
-0.311758
-0.3193
-0.327023
-0.334934
-0.343036
-0.351334
-0.359832
-0.368536
-0.377451
-0.386582
-0.395933
-0.40551
-0.415319
)
;
    }
    outlet
    {
        type            calculated;
        value           nonuniform List<scalar> 
45
(
0.00939877
0.00359447
-0.00767702
-0.0182313
-0.0272915
-0.0351403
-0.0420698
-0.0482542
-0.0537835
-0.0586949
-0.0629782
-0.0665316
-0.0690121
-0.0694087
-0.0664052
-0.0620763
-0.0518092
-0.0331097
0.00801597
0.0753499
0.153636
0.229629
0.295467
0.349033
0.39106
0.423348
0.448043
0.467265
0.482859
0.496275
0.508556
0.520349
0.532009
0.543731
0.555622
0.56775
0.580176
0.592956
0.60616
0.619854
0.63413
0.649056
0.664775
0.681232
0.683142
)
;
    }
    flap
    {
        type            calculated;
        value           nonuniform List<scalar> 
33
(
-9.72595e-33
0
0
5.00742e-33
-2.50371e-33
3.38964e-32
1.97215e-31
-5.55935e-49
0
1.47911e-31
0
0
9.86076e-32
9.86076e-32
-9.86076e-32
0
-8.01187e-32
2.95823e-31
7.70372e-34
4.31408e-32
0
0
0
0
0
0
0
0
4.93038e-32
4.27642e-50
-9.86076e-32
0
-9.86076e-32
)
;
    }
    upperWall
    {
        type            calculated;
        value           nonuniform List<scalar> 
63
(
0
0
0
0
0
0
0
0
0
0
1.02456e-14
0
0
0
0
0
0
0
0
0
0
0
0
0
6.9421e-15
0
0
0
0
0
0
2.96091e-15
0
0
0
0
0
0
0
0
0
0
0
0
0
0
0
0
0
0
0
0
4.3752e-15
0
0
-4.61501e-15
0
0
0
0
0
0
0
)
;
    }
    lowerWall
    {
        type            calculated;
        value           uniform 0;
    }
    frontAndBack
    {
        type            empty;
        value           nonuniform 0();
    }
}


// ************************************************************************* //
